TITLE     = "Surface mesh and solution"
VARIABLES = "x"
"y"
"z"
"cfx"
"Cp"
DATASETAUXDATA alpha_deg="  0.0000000E+00"
DATASETAUXDATA beta_deg="  0.0000000E+00"
DATASETAUXDATA bref="   1.000000"
DATASETAUXDATA cref="   1.000000"
DATASETAUXDATA itranflg="           0"
DATASETAUXDATA ivisc="           2"
DATASETAUXDATA mach="  0.1500000"
DATASETAUXDATA reue_mil="   6.000000"
DATASETAUXDATA sref="   1.000000"
DATASETAUXDATA tinf_r="   520.0000"
DATASETAUXDATA xmc="  0.0000000E+00"
DATASETAUXDATA ymc="  0.0000000E+00"
DATASETAUXDATA zmc="  0.0000000E+00"
ZONE T="Slice: Y=0.5"
 STRANDID=0, SOLUTIONTIME=0
 Nodes=516, Elements=512, ZONETYPE=FELineSeg
 DATAPACKING=POINT
 DT=(DOUBLE DOUBLE DOUBLE DOUBLE DOUBLE )
 1.000000000E+00 5.000000000E-01 0.000000000E+00 4.056549313E-03 1.019538650E-01
 9.999963830E-01 5.000000000E-01 -1.255909863E-09 3.733364430E-03 1.263190017E-01
 9.999855007E-01 5.000000000E-01 -1.007987306E-08 3.217249731E-03 1.247755662E-01
 9.999672599E-01 5.000000000E-01 -3.420201587E-08 2.883349225E-03 1.255086347E-01
 9.999415066E-01 5.000000000E-01 -8.167467304E-08 2.644207486E-03 1.260197867E-01
 9.999080268E-01 5.000000000E-01 -1.610320281E-07 2.476039677E-03 1.266656553E-01
 9.998665471E-01 5.000000000E-01 -2.814513443E-07 2.355036180E-03 1.273703043E-01
 9.998167352E-01 5.000000000E-01 -4.529177438E-07 2.265731910E-03 1.281092423E-01
 9.997581998E-01 5.000000000E-01 -6.863943636E-07 2.197716648E-03 1.288576043E-01
 9.996904901E-01 5.000000000E-01 -9.939996068E-07 2.144194399E-03 1.295933718E-01
 9.996130962E-01 5.000000000E-01 -1.389193102E-06 2.100795521E-03 1.302995376E-01
 9.995254480E-01 5.000000000E-01 -1.886971892E-06 2.064731930E-03 1.309654121E-01
 9.994269147E-01 5.000000000E-01 -2.504078285E-06 2.034221315E-03 1.315861565E-01
 3.564533778E-01 5.000000000E-01 5.609897197E-02 3.603254546E-03 -3.068170632E-01
 3.663102293E-01 5.000000000E-01 5.558194499E-02 3.554830333E-03 -2.983078023E-01
 3.762527454E-01 5.000000000E-01 5.502446757E-02 3.506919608E-03 -2.897335319E-01
 3.862751254E-01 5.000000000E-01 5.442756893E-02 3.459540374E-03 -2.811037734E-01
 3.963714204E-01 5.000000000E-01 5.379237337E-02 3.412709944E-03 -2.724278926E-01
 4.065355422E-01 5.000000000E-01 5.312009686E-02 3.366444803E-03 -2.637151237E-01
 4.167612739E-01 5.000000000E-01 5.241204334E-02 3.320760618E-03 -2.549745614E-01
 4.270422794E-01 5.000000000E-01 5.166960057E-02 3.275672339E-03 -2.462150971E-01
 4.373721144E-01 5.000000000E-01 5.089423560E-02 3.231194264E-03 -2.374453957E-01
 4.477442372E-01 5.000000000E-01 5.008748986E-02 3.187339791E-03 -2.286740333E-01
 4.581520196E-01 5.000000000E-01 4.925097399E-02 3.144121409E-03 -2.199093384E-01
 4.685887590E-01 5.000000000E-01 4.838636227E-02 3.101550989E-03 -2.111594125E-01
 4.790476898E-01 5.000000000E-01 4.749538681E-02 3.059639761E-03 -2.024322076E-01
 4.895219952E-01 5.000000000E-01 4.657983145E-02 3.018398386E-03 -1.937353965E-01
 5.000048202E-01 5.000000000E-01 4.564152549E-02 2.977836704E-03 -1.850764348E-01
 5.104892833E-01 5.000000000E-01 4.468233720E-02 2.937962871E-03 -1.764625674E-01
 5.209684893E-01 5.000000000E-01 4.370416714E-02 2.898782203E-03 -1.679008454E-01
 5.314355421E-01 5.000000000E-01 4.270894139E-02 2.860296157E-03 -1.593981319E-01
 5.418835573E-01 5.000000000E-01 4.169860473E-02 2.822503828E-03 -1.509611135E-01
 5.523056752E-01 5.000000000E-01 4.067511368E-02 2.785409817E-03 -1.425962033E-01
 5.626950731E-01 5.000000000E-01 3.964042964E-02 2.749036271E-03 -1.343092246E-01
 5.730449788E-01 5.000000000E-01 3.859651196E-02 2.713422711E-03 -1.261050116E-01
 5.833486830E-01 5.000000000E-01 3.754531114E-02 2.678627063E-03 -1.179871364E-01
 5.935995515E-01 5.000000000E-01 3.648876210E-02 2.644914719E-03 -1.099582869E-01
 6.037910383E-01 5.000000000E-01 3.542877763E-02 2.613391174E-03 -1.020220163E-01
 6.139166977E-01 5.000000000E-01 3.436724196E-02 2.586289064E-03 -9.418601008E-02
 6.239701962E-01 5.000000000E-01 3.330600457E-02 2.561605228E-03 -8.646435775E-02
 6.339453244E-01 5.000000000E-01 3.224687425E-02 2.532379640E-03 -7.887168305E-02
 6.438360085E-01 5.000000000E-01 3.119161346E-02 2.499797334E-03 -7.140483919E-02
 6.536363216E-01 5.000000000E-01 3.014193288E-02 2.470841840E-03 -6.405548334E-02
 6.633404943E-01 5.000000000E-01 2.909948645E-02 2.445303936E-03 -5.682836479E-02
 6.729429252E-01 5.000000000E-01 2.806586663E-02 2.420440782E-03 -4.972876345E-02
 6.824381910E-01 5.000000000E-01 2.704260011E-02 2.395939732E-03 -4.275927275E-02
 6.918210555E-01 5.000000000E-01 2.603114387E-02 2.371843549E-03 -3.592257797E-02
 7.010864793E-01 5.000000000E-01 2.503288171E-02 2.348180114E-03 -2.922110146E-02
 7.102296273E-01 5.000000000E-01 2.404912111E-02 2.324961577E-03 -2.265699686E-02
 7.192458776E-01 5.000000000E-01 2.308109060E-02 2.302197906E-03 -1.623215461E-02
 7.281308276E-01 5.000000000E-01 2.212993754E-02 2.279899864E-03 -9.948229235E-03
 7.368803017E-01 5.000000000E-01 2.119672632E-02 2.258078823E-03 -3.806665160E-03
 7.454903564E-01 5.000000000E-01 2.028243703E-02 2.236729487E-03 2.191279137E-03
 7.539572863E-01 5.000000000E-01 1.938796455E-02 2.215638894E-03 8.044540572E-03
 7.622776284E-01 5.000000000E-01 1.851411806E-02 2.194397137E-03 1.375117874E-02
 7.704481659E-01 5.000000000E-01 1.766162100E-02 2.173718726E-03 1.931013249E-02
 7.784659317E-01 5.000000000E-01 1.683111142E-02 2.154712983E-03 2.472348970E-02
 7.863282111E-01 5.000000000E-01 1.602314270E-02 2.136759236E-03 2.999164258E-02
 7.940325431E-01 5.000000000E-01 1.523818469E-02 2.119021422E-03 3.511351486E-02
 8.015767219E-01 5.000000000E-01 1.447662522E-02 2.101508049E-03 4.008932972E-02
 8.089587971E-01 5.000000000E-01 1.373877184E-02 2.084310824E-03 4.491933584E-02
 8.161770736E-01 5.000000000E-01 1.302485403E-02 2.067523709E-03 4.960397576E-02
 8.232301103E-01 5.000000000E-01 1.233502557E-02 2.051217620E-03 5.414370185E-02
 8.301167186E-01 5.000000000E-01 1.166936722E-02 2.035443509E-03 5.853925616E-02
 8.368359599E-01 5.000000000E-01 1.102788969E-02 2.020226186E-03 6.279148776E-02
 8.433871428E-01 5.000000000E-01 1.041053671E-02 2.005572459E-03 6.690131681E-02
 8.497698193E-01 5.000000000E-01 9.817188386E-03 1.991479319E-03 7.086992706E-02
 8.559837803E-01 5.000000000E-01 9.247664665E-03 1.977935504E-03 7.469855022E-02
 8.620290512E-01 5.000000000E-01 8.701728913E-03 1.964926497E-03 7.838856428E-02
 8.679058866E-01 5.000000000E-01 8.179091629E-03 1.952432242E-03 8.194154762E-02
 8.736147636E-01 5.000000000E-01 7.679414212E-03 1.940423121E-03 8.535912607E-02
 8.791563765E-01 5.000000000E-01 7.202312780E-03 1.928870060E-03 8.864298047E-02
 8.845316289E-01 5.000000000E-01 6.747362012E-03 1.917755348E-03 9.179505485E-02
 8.897416273E-01 5.000000000E-01 6.314098989E-03 1.907068288E-03 9.481740204E-02
 8.947876729E-01 5.000000000E-01 5.902027006E-03 1.896805944E-03 9.771209712E-02
 8.996712541E-01 5.000000000E-01 5.510619348E-03 1.886984082E-03 1.004813335E-01
 9.043940375E-01 5.000000000E-01 5.139322986E-03 1.877599148E-03 1.031274087E-01
 9.089578602E-01 5.000000000E-01 4.787562206E-03 1.868768192E-03 1.056529167E-01
 9.133647203E-01 5.000000000E-01 4.454742122E-03 1.860904013E-03 1.080609148E-01
 9.176167684E-01 5.000000000E-01 4.140252083E-03 1.854049611E-03 1.103530284E-01
 9.217162982E-01 5.000000000E-01 3.843468946E-03 1.847569103E-03 1.125298374E-01
 9.256657372E-01 5.000000000E-01 3.563760213E-03 1.841143667E-03 1.145940855E-01
 9.294676380E-01 5.000000000E-01 3.300487012E-03 1.834997696E-03 1.165492809E-01
 9.331246679E-01 5.000000000E-01 3.053006926E-03 1.829286258E-03 1.183980907E-01
 9.366396006E-01 5.000000000E-01 2.820676647E-03 1.824017004E-03 1.201431542E-01
 9.400153062E-01 5.000000000E-01 2.602854475E-03 1.819179799E-03 1.217871712E-01
 9.432547419E-01 5.000000000E-01 2.398902626E-03 1.814764191E-03 1.233328864E-01
 9.463609434E-01 5.000000000E-01 2.208189380E-03 1.810760354E-03 1.247830870E-01
 9.493370151E-01 5.000000000E-01 2.030091041E-03 1.807158566E-03 1.261405988E-01
 9.521861217E-01 5.000000000E-01 1.863993732E-03 1.803948870E-03 1.274082831E-01
 9.549114792E-01 5.000000000E-01 1.709295010E-03 1.801120981E-03 1.285890331E-01
 9.575163465E-01 5.000000000E-01 1.565405309E-03 1.798664272E-03 1.296857701E-01
 9.600040167E-01 5.000000000E-01 1.431749226E-03 1.796567809E-03 1.307014391E-01
 9.623778095E-01 5.000000000E-01 1.307766633E-03 1.794820380E-03 1.316390043E-01
 9.646410629E-01 5.000000000E-01 1.192913642E-03 1.793410527E-03 1.325014435E-01
 9.667971259E-01 5.000000000E-01 1.086663414E-03 1.792326590E-03 1.332917425E-01
 9.688493509E-01 5.000000000E-01 9.885068292E-04 1.791556753E-03 1.340128884E-01
 9.708010871E-01 5.000000000E-01 8.979530187E-04 1.791089094E-03 1.346678627E-01
 9.726556734E-01 5.000000000E-01 8.145297671E-04 1.790911649E-03 1.352596337E-01
 9.744164321E-01 5.000000000E-01 7.377837952E-04 1.791012481E-03 1.357911489E-01
 9.760866629E-01 5.000000000E-01 6.672809304E-04 1.791379760E-03 1.362653257E-01
 9.776696371E-01 5.000000000E-01 6.026061715E-04 1.792001840E-03 1.366850436E-01
 9.791685922E-01 5.000000000E-01 5.433636580E-04 1.792867360E-03 1.370531349E-01
 9.805867268E-01 5.000000000E-01 4.891765502E-04 1.793965335E-03 1.373723755E-01
 9.819271957E-01 5.000000000E-01 4.396868297E-04 1.795285265E-03 1.376454763E-01
 9.831931057E-01 5.000000000E-01 3.945550270E-04 1.796817244E-03 1.378750742E-01
 9.843875113E-01 5.000000000E-01 3.534598853E-04 1.798552079E-03 1.380637234E-01
 9.855134108E-01 5.000000000E-01 3.160979659E-04 1.800481414E-03 1.382138873E-01
 9.865737433E-01 5.000000000E-01 2.821832046E-04 1.802597860E-03 1.383279309E-01
 9.875713850E-01 5.000000000E-01 2.514464244E-04 1.804895141E-03 1.384081129E-01
 9.885091468E-01 5.000000000E-01 2.236348123E-04 1.807368246E-03 1.384565795E-01
 9.893897714E-01 5.000000000E-01 1.985113649E-04 1.810013592E-03 1.384753579E-01
 9.902159312E-01 5.000000000E-01 1.758543103E-04 1.812829216E-03 1.384663508E-01
 9.909902265E-01 5.000000000E-01 1.554565111E-04 1.815814979E-03 1.384313308E-01
 9.917151835E-01 5.000000000E-01 1.371248525E-04 1.818972807E-03 1.383719362E-01
 9.923932532E-01 5.000000000E-01 1.206796229E-04 1.822306962E-03 1.382896663E-01
 9.930268098E-01 5.000000000E-01 1.059538881E-04 1.825824367E-03 1.381858775E-01
 9.936181504E-01 5.000000000E-01 9.279286612E-05 1.829534984E-03 1.380617790E-01
 9.941694936E-01 5.000000000E-01 8.105330370E-05 1.833452256E-03 1.379184294E-01
 9.946829796E-01 5.000000000E-01 7.060285959E-05 1.837593649E-03 1.377567317E-01
 9.951606696E-01 5.000000000E-01 6.131949639E-05 1.841981296E-03 1.375774287E-01
 9.956045460E-01 5.000000000E-01 5.309088405E-05 1.846642785E-03 1.373810978E-01
 9.960165123E-01 5.000000000E-01 4.581381693E-05 1.851612152E-03 1.371681447E-01
 9.963983933E-01 5.000000000E-01 3.939364661E-05 1.856931145E-03 1.369387970E-01
 9.967519362E-01 5.000000000E-01 3.374373179E-05 1.862650878E-03 1.366930972E-01
 9.970788101E-01 5.000000000E-01 2.878490680E-05 1.868834013E-03 1.364308962E-01
 9.973806077E-01 5.000000000E-01 2.444496978E-05 1.875557602E-03 1.361518458E-01
 9.976588458E-01 5.000000000E-01 2.065819122E-05 1.882916715E-03 1.358553896E-01
 9.979149660E-01 5.000000000E-01 1.736484360E-05 1.891028826E-03 1.355407477E-01
 9.981503361E-01 5.000000000E-01 1.451075241E-05 1.900038761E-03 1.352068886E-01
 9.983662508E-01 5.000000000E-01 1.204686879E-05 1.910123709E-03 1.348524811E-01
 9.985639334E-01 5.000000000E-01 9.928863755E-06 1.921497563E-03 1.344758180E-01
 9.987445364E-01 5.000000000E-01 8.116743861E-06 1.934413852E-03 1.340747125E-01
 9.989091431E-01 5.000000000E-01 6.574487925E-06 1.949167292E-03 1.336463962E-01
 9.990587687E-01 5.000000000E-01 5.269704424E-06 1.966095859E-03 1.331874610E-01
 9.991943615E-01 5.000000000E-01 4.173308903E-06 1.985587983E-03 1.326939148E-01
 9.993168041E-01 5.000000000E-01 3.259220719E-06 2.008103464E-03 1.321614670E-01
 9.994269147E-01 5.000000000E-01 2.504078285E-06 2.034221315E-03 1.315861565E-01
 9.995254480E-01 5.000000000E-01 1.886971892E-06 2.064731930E-03 1.309654121E-01
 9.996130962E-01 5.000000000E-01 1.389193102E-06 2.100795521E-03 1.302995376E-01
 9.996904901E-01 5.000000000E-01 9.939996068E-07 2.144194399E-03 1.295933718E-01
 9.997581998E-01 5.000000000E-01 6.863943636E-07 2.197716648E-03 1.288576043E-01
 9.998167352E-01 5.000000000E-01 4.529177438E-07 2.265731910E-03 1.281092423E-01
 9.998665471E-01 5.000000000E-01 2.814513443E-07 2.355036180E-03 1.273703043E-01
 9.999080268E-01 5.000000000E-01 1.610320281E-07 2.476039677E-03 1.266656553E-01
 9.999415066E-01 5.000000000E-01 8.167467304E-08 2.644207486E-03 1.260197867E-01
 9.999672599E-01 5.000000000E-01 3.420201587E-08 2.883349225E-03 1.255086347E-01
 9.999855007E-01 5.000000000E-01 1.007987306E-08 3.217249731E-03 1.247755662E-01
 9.999963830E-01 5.000000000E-01 1.255909863E-09 3.733364430E-03 1.263190017E-01
 1.000000000E+00 5.000000000E-01 0.000000000E+00 4.056549313E-03 1.019538650E-01
 1.992035404E-01 5.000000000E-01 -5.792791084E-02 4.536262315E-03 -4.372331125E-01
 1.918263572E-01 5.000000000E-01 -5.761705086E-02 4.589625235E-03 -4.425280756E-01
 1.846094849E-01 5.000000000E-01 -5.726644351E-02 4.642892463E-03 -4.475405594E-01
 1.775543053E-01 5.000000000E-01 -5.687707846E-02 4.696012904E-03 -4.522579818E-01
 1.706619718E-01 5.000000000E-01 -5.645001209E-02 4.748931889E-03 -4.566674828E-01
 1.639334120E-01 5.000000000E-01 -5.598636283E-02 4.801590770E-03 -4.607558898E-01
 1.573693299E-01 5.000000000E-01 -5.548730644E-02 4.853926473E-03 -4.645096830E-01
 1.509702096E-01 5.000000000E-01 -5.495407127E-02 4.905871079E-03 -4.679149636E-01
 1.447363187E-01 5.000000000E-01 -5.438793337E-02 4.957351298E-03 -4.709573997E-01
 1.386677125E-01 5.000000000E-01 -5.379021157E-02 5.008288298E-03 -4.736222845E-01
 1.327642387E-01 5.000000000E-01 -5.316226264E-02 5.058597263E-03 -4.758943300E-01
 1.270255418E-01 5.000000000E-01 -5.250547637E-02 5.108185804E-03 -4.777575692E-01
 1.214510687E-01 5.000000000E-01 -5.182127069E-02 5.156953080E-03 -4.791955257E-01
 1.160400741E-01 5.000000000E-01 -5.111108694E-02 5.204789968E-03 -4.801911492E-01
 1.107916266E-01 5.000000000E-01 -5.037638507E-02 5.251578878E-03 -4.807266818E-01
 1.057046145E-01 5.000000000E-01 -4.961863905E-02 5.297192450E-03 -4.807834485E-01
 1.007777526E-01 5.000000000E-01 -4.883933234E-02 5.341491618E-03 -4.803418411E-01
 9.600958891E-02 5.000000000E-01 -4.803995349E-02 5.384325494E-03 -4.793816123E-01
 9.139851127E-02 5.000000000E-01 -4.722199189E-02 5.425531760E-03 -4.778815362E-01
 8.694275480E-02 5.000000000E-01 -4.638693367E-02 5.464934433E-03 -4.758191176E-01
 8.264040909E-02 5.000000000E-01 -4.553625778E-02 5.502342675E-03 -4.731709780E-01
 7.848942566E-02 5.000000000E-01 -4.467143222E-02 5.537551081E-03 -4.699126096E-01
 7.448762559E-02 5.000000000E-01 -4.379391047E-02 5.570338136E-03 -4.660182173E-01
 7.063270719E-02 5.000000000E-01 -4.290512814E-02 5.600465527E-03 -4.614609215E-01
 6.692225381E-02 5.000000000E-01 -4.200649978E-02 5.627677247E-03 -4.562124328E-01
 6.335374166E-02 5.000000000E-01 -4.109941590E-02 5.651697942E-03 -4.502432271E-01
 5.992454768E-02 5.000000000E-01 -4.018524025E-02 5.672233495E-03 -4.435226487E-01
 5.663195742E-02 5.000000000E-01 -3.926530725E-02 5.688970180E-03 -4.360184951E-01
 5.347317290E-02 5.000000000E-01 -3.834091967E-02 5.701574827E-03 -4.276975221E-01
 5.044532045E-02 5.000000000E-01 -3.741334651E-02 5.709698198E-03 -4.185252831E-01
 4.754545847E-02 5.000000000E-01 -3.648382108E-02 5.712976475E-03 -4.084659440E-01
 4.477058510E-02 5.000000000E-01 -3.555353933E-02 5.711035815E-03 -3.974829595E-01
 4.211764588E-02 5.000000000E-01 -3.462365837E-02 5.703497874E-03 -3.855387228E-01
 3.958354113E-02 5.000000000E-01 -3.369529514E-02 5.689984958E-03 -3.725952939E-01
 3.716513338E-02 5.000000000E-01 -3.276952539E-02 5.670127970E-03 -3.586145269E-01
 3.485925447E-02 5.000000000E-01 -3.184738273E-02 5.643572106E-03 -3.435581351E-01
 3.266271264E-02 5.000000000E-01 -3.092985797E-02 5.609982670E-03 -3.273881357E-01
 3.057229929E-02 5.000000000E-01 -3.001789856E-02 5.569052641E-03 -3.100672258E-01
 2.858479568E-02 5.000000000E-01 -2.911240828E-02 5.520513092E-03 -2.915595620E-01
 2.669697928E-02 5.000000000E-01 -2.821424702E-02 5.464146170E-03 -2.718312793E-01
 2.490563000E-02 5.000000000E-01 -2.732423075E-02 5.399799425E-03 -2.508513393E-01
 2.320753614E-02 5.000000000E-01 -2.644313168E-02 5.327402612E-03 -2.285923088E-01
 2.159950011E-02 5.000000000E-01 -2.557167846E-02 5.246985819E-03 -2.050312004E-01
 2.007834386E-02 5.000000000E-01 -2.471055661E-02 5.158700630E-03 -1.801506028E-01
 1.864091411E-02 5.000000000E-01 -2.386040902E-02 5.062844129E-03 -1.539396795E-01
 1.728408728E-02 5.000000000E-01 -2.302183657E-02 4.959880539E-03 -1.263951183E-01
 1.600477414E-02 5.000000000E-01 -2.219539886E-02 4.850455660E-03 -9.752235903E-02
 1.479992420E-02 5.000000000E-01 -2.138161502E-02 4.735396911E-03 -6.733665333E-02
 1.366652982E-02 5.000000000E-01 -2.058096465E-02 4.615689292E-03 -3.586415184E-02
 1.260163005E-02 5.000000000E-01 -1.979388875E-02 4.492419241E-03 -3.142973888E-03
 1.160231419E-02 5.000000000E-01 -1.902079083E-02 4.366683265E-03 3.077565308E-02
 1.066572504E-02 5.000000000E-01 -1.826203798E-02 4.239470633E-03 6.582621801E-02
 9.789061912E-03 5.000000000E-01 -1.751796207E-02 4.111541869E-03 1.019278551E-01
 8.969583370E-03 5.000000000E-01 -1.678886092E-02 3.983331203E-03 1.389833992E-01
 8.204609664E-03 5.000000000E-01 -1.607499958E-02 3.854903658E-03 1.768783412E-01
 7.491524928E-03 5.000000000E-01 -1.537661162E-02 3.725970243E-03 2.154819151E-01
 6.827779109E-03 5.000000000E-01 -1.469390038E-02 3.595957072E-03 2.546469692E-01
 6.210889643E-03 5.000000000E-01 -1.402704035E-02 3.464128833E-03 2.942105780E-01
 5.638442880E-03 5.000000000E-01 -1.337617847E-02 3.329715749E-03 3.339984985E-01
 5.108095272E-03 5.000000000E-01 -1.274143547E-02 3.192026131E-03 3.738261245E-01
 4.617574326E-03 5.000000000E-01 -1.212290721E-02 3.050553959E-03 4.135009822E-01
 4.164679337E-03 5.000000000E-01 -1.152066606E-02 2.905046351E-03 4.528273026E-01
 3.747281902E-03 5.000000000E-01 -1.093476215E-02 2.755541040E-03 4.916079979E-01
 3.363326230E-03 5.000000000E-01 -1.036522477E-02 2.602374500E-03 5.296503556E-01
 3.010829257E-03 5.000000000E-01 -9.812063640E-03 2.446162982E-03 5.667684044E-01
 2.687880573E-03 5.000000000E-01 -9.275270187E-03 2.287784781E-03 6.027860083E-01
 2.392642178E-03 5.000000000E-01 -8.754818840E-03 2.128354543E-03 6.375402432E-01
 2.123348066E-03 5.000000000E-01 -8.250668260E-03 1.969177856E-03 6.708851618E-01
 1.878303662E-03 5.000000000E-01 -7.762762564E-03 1.811667745E-03 7.026949435E-01
 1.655885108E-03 5.000000000E-01 -7.291032525E-03 1.657235590E-03 7.328631804E-01
 1.454538423E-03 5.000000000E-01 -6.835396733E-03 1.507154787E-03 7.613068684E-01
 1.272778537E-03 5.000000000E-01 -6.395762736E-03 1.362452018E-03 7.879646020E-01
 1.109188213E-03 5.000000000E-01 -5.972028152E-03 1.223911695E-03 8.127973567E-01
 9.624168702E-04 5.000000000E-01 -5.564081745E-03 1.092162827E-03 8.357883131E-01
 8.311793178E-04 5.000000000E-01 -5.171804472E-03 9.677661936E-04 8.569414553E-01
 7.142544055E-04 5.000000000E-01 -4.795070507E-03 8.512305854E-04 8.762812687E-01
 6.104836079E-04 5.000000000E-01 -4.433748219E-03 7.429788682E-04 8.938492923E-01
 5.187695485E-04 5.000000000E-01 -4.087701138E-03 6.433065699E-04 9.097034946E-01
 4.380744737E-04 5.000000000E-01 -3.756788873E-03 5.523565644E-04 9.239144276E-01
 3.674186875E-04 5.000000000E-01 -3.440868015E-03 4.701193808E-04 9.365636497E-01
 3.058789558E-04 5.000000000E-01 -3.139793003E-03 3.964410184E-04 9.477419314E-01
 2.525868888E-04 5.000000000E-01 -2.853416962E-03 3.310426269E-04 9.575455723E-01
 2.067273115E-04 5.000000000E-01 -2.581592517E-03 2.735446404E-04 9.660753422E-01
 1.675366302E-04 5.000000000E-01 -2.324172584E-03 2.234874914E-04 9.734342652E-01
 1.343012033E-04 5.000000000E-01 -2.081011122E-03 1.803530494E-04 9.797259317E-01
 1.063557249E-04 5.000000000E-01 -1.851963878E-03 1.435842825E-04 9.850529439E-01
 8.308162877E-05 5.000000000E-01 -1.636889097E-03 1.126031995E-04 9.895155482E-01
 6.390552001E-05 5.000000000E-01 -1.435648217E-03 8.682597328E-05 9.932107852E-01
 4.829764226E-05 5.000000000E-01 -1.248106539E-03 6.567549108E-05 9.962313501E-01
 3.577038720E-05 5.000000000E-01 -1.074133878E-03 4.859181001E-05 9.986648986E-01
 2.587685322E-05 5.000000000E-01 -9.136052040E-04 3.503967947E-05 1.000593517E+00
 1.820946025E-05 5.000000000E-01 -7.664012520E-04 2.451357576E-05 1.002093314E+00
 1.239862698E-05 5.000000000E-01 -6.324091296E-04 1.654062602E-05 1.003234077E+00
 8.111517194E-06 5.000000000E-01 -5.115229035E-04 1.068291308E-05 1.004079161E+00
 5.050861297E-06 5.000000000E-01 -4.036441744E-04 6.533551688E-06 1.004685876E+00
 2.953859504E-06 5.000000000E-01 -3.086826412E-04 3.730626394E-06 1.005104530E+00
 1.591172784E-06 5.000000000E-01 -2.265566532E-04 1.962207520E-06 1.005378375E+00
 7.660078665E-07 5.000000000E-01 -1.571937537E-04 9.340660818E-07 1.005545805E+00
 3.133025652E-07 5.000000000E-01 -1.005312149E-04 3.865107882E-07 1.005639576E+00
 9.901781599E-08 5.000000000E-01 -5.651656552E-05 1.293264634E-07 1.005686001E+00
 1.954293741E-08 5.000000000E-01 -2.510811224E-05 3.102669010E-08 1.005705448E+00
 1.220821571E-09 5.000000000E-01 -6.275455331E-06 4.265693328E-09 1.005718830E+00
 0.000000000E+00 5.000000000E-01 0.000000000E+00 3.693276152E-10 1.005721898E+00
 1.220821571E-09 5.000000000E-01 6.275455331E-06 4.265693316E-09 1.005718830E+00
 1.954293741E-08 5.000000000E-01 2.510811224E-05 3.102669007E-08 1.005705448E+00
 9.901781599E-08 5.000000000E-01 5.651656552E-05 1.293264633E-07 1.005686001E+00
 3.133025652E-07 5.000000000E-01 1.005312149E-04 3.865107881E-07 1.005639576E+00
 7.660078665E-07 5.000000000E-01 1.571937537E-04 9.340660816E-07 1.005545805E+00
 1.591172784E-06 5.000000000E-01 2.265566532E-04 1.962207520E-06 1.005378375E+00
 2.953859504E-06 5.000000000E-01 3.086826412E-04 3.730626394E-06 1.005104530E+00
 5.050861297E-06 5.000000000E-01 4.036441744E-04 6.533551687E-06 1.004685876E+00
 8.111517194E-06 5.000000000E-01 5.115229035E-04 1.068291308E-05 1.004079161E+00
 1.239862698E-05 5.000000000E-01 6.324091296E-04 1.654062602E-05 1.003234077E+00
 1.820946025E-05 5.000000000E-01 7.664012520E-04 2.451357576E-05 1.002093314E+00
 2.587685322E-05 5.000000000E-01 9.136052040E-04 3.503967946E-05 1.000593517E+00
 3.577038720E-05 5.000000000E-01 1.074133878E-03 4.859181001E-05 9.986648986E-01
 4.829764226E-05 5.000000000E-01 1.248106539E-03 6.567549108E-05 9.962313501E-01
 6.390552001E-05 5.000000000E-01 1.435648217E-03 8.682597328E-05 9.932107852E-01
 8.308162877E-05 5.000000000E-01 1.636889097E-03 1.126031995E-04 9.895155482E-01
 1.063557249E-04 5.000000000E-01 1.851963878E-03 1.435842825E-04 9.850529439E-01
 1.343012033E-04 5.000000000E-01 2.081011122E-03 1.803530494E-04 9.797259317E-01
 1.675366302E-04 5.000000000E-01 2.324172584E-03 2.234874914E-04 9.734342652E-01
 2.067273115E-04 5.000000000E-01 2.581592517E-03 2.735446404E-04 9.660753422E-01
 2.525868888E-04 5.000000000E-01 2.853416962E-03 3.310426269E-04 9.575455723E-01
 3.058789558E-04 5.000000000E-01 3.139793003E-03 3.964410184E-04 9.477419314E-01
 3.674186875E-04 5.000000000E-01 3.440868015E-03 4.701193808E-04 9.365636497E-01
 4.380744737E-04 5.000000000E-01 3.756788873E-03 5.523565644E-04 9.239144276E-01
 5.187695485E-04 5.000000000E-01 4.087701138E-03 6.433065699E-04 9.097034946E-01
 6.104836079E-04 5.000000000E-01 4.433748219E-03 7.429788682E-04 8.938492923E-01
 7.142544055E-04 5.000000000E-01 4.795070507E-03 8.512305854E-04 8.762812687E-01
 8.311793178E-04 5.000000000E-01 5.171804472E-03 9.677661936E-04 8.569414553E-01
 9.624168702E-04 5.000000000E-01 5.564081745E-03 1.092162827E-03 8.357883131E-01
 1.109188213E-03 5.000000000E-01 5.972028152E-03 1.223911695E-03 8.127973567E-01
 1.272778537E-03 5.000000000E-01 6.395762736E-03 1.362452018E-03 7.879646020E-01
 1.454538423E-03 5.000000000E-01 6.835396733E-03 1.507154787E-03 7.613068684E-01
 1.655885108E-03 5.000000000E-01 7.291032525E-03 1.657235590E-03 7.328631804E-01
 1.878303662E-03 5.000000000E-01 7.762762564E-03 1.811667745E-03 7.026949435E-01
 2.123348066E-03 5.000000000E-01 8.250668260E-03 1.969177856E-03 6.708851618E-01
 2.392642178E-03 5.000000000E-01 8.754818840E-03 2.128354543E-03 6.375402432E-01
 2.687880573E-03 5.000000000E-01 9.275270187E-03 2.287784781E-03 6.027860083E-01
 3.010829257E-03 5.000000000E-01 9.812063640E-03 2.446162982E-03 5.667684044E-01
 3.363326230E-03 5.000000000E-01 1.036522477E-02 2.602374500E-03 5.296503556E-01
 3.747281902E-03 5.000000000E-01 1.093476215E-02 2.755541040E-03 4.916079979E-01
 4.164679337E-03 5.000000000E-01 1.152066606E-02 2.905046351E-03 4.528273026E-01
 4.617574326E-03 5.000000000E-01 1.212290721E-02 3.050553959E-03 4.135009822E-01
 5.108095272E-03 5.000000000E-01 1.274143547E-02 3.192026131E-03 3.738261245E-01
 5.638442880E-03 5.000000000E-01 1.337617847E-02 3.329715749E-03 3.339984985E-01
 6.210889643E-03 5.000000000E-01 1.402704035E-02 3.464128832E-03 2.942105780E-01
 6.827779109E-03 5.000000000E-01 1.469390038E-02 3.595957072E-03 2.546469692E-01
 7.491524928E-03 5.000000000E-01 1.537661162E-02 3.725970243E-03 2.154819151E-01
 8.204609664E-03 5.000000000E-01 1.607499958E-02 3.854903658E-03 1.768783412E-01
 8.969583370E-03 5.000000000E-01 1.678886092E-02 3.983331203E-03 1.389833992E-01
 9.789061912E-03 5.000000000E-01 1.751796207E-02 4.111541869E-03 1.019278551E-01
 1.066572504E-02 5.000000000E-01 1.826203798E-02 4.239470633E-03 6.582621802E-02
 1.160231419E-02 5.000000000E-01 1.902079083E-02 4.366683265E-03 3.077565308E-02
 1.260163005E-02 5.000000000E-01 1.979388875E-02 4.492419241E-03 -3.142973884E-03
 1.366652982E-02 5.000000000E-01 2.058096465E-02 4.615689292E-03 -3.586415184E-02
 1.479992420E-02 5.000000000E-01 2.138161502E-02 4.735396911E-03 -6.733665332E-02
 1.600477414E-02 5.000000000E-01 2.219539886E-02 4.850455660E-03 -9.752235903E-02
 1.728408728E-02 5.000000000E-01 2.302183657E-02 4.959880539E-03 -1.263951182E-01
 1.864091411E-02 5.000000000E-01 2.386040902E-02 5.062844129E-03 -1.539396795E-01
 2.007834386E-02 5.000000000E-01 2.471055661E-02 5.158700630E-03 -1.801506028E-01
 2.159950011E-02 5.000000000E-01 2.557167846E-02 5.246985819E-03 -2.050312004E-01
 2.320753614E-02 5.000000000E-01 2.644313168E-02 5.327402612E-03 -2.285923088E-01
 2.490563000E-02 5.000000000E-01 2.732423075E-02 5.399799425E-03 -2.508513393E-01
 2.669697928E-02 5.000000000E-01 2.821424702E-02 5.464146170E-03 -2.718312793E-01
 2.858479568E-02 5.000000000E-01 2.911240828E-02 5.520513092E-03 -2.915595620E-01
 3.057229929E-02 5.000000000E-01 3.001789856E-02 5.569052641E-03 -3.100672258E-01
 3.266271264E-02 5.000000000E-01 3.092985797E-02 5.609982670E-03 -3.273881357E-01
 3.485925447E-02 5.000000000E-01 3.184738273E-02 5.643572106E-03 -3.435581351E-01
 3.716513338E-02 5.000000000E-01 3.276952539E-02 5.670127970E-03 -3.586145269E-01
 3.958354113E-02 5.000000000E-01 3.369529514E-02 5.689984958E-03 -3.725952939E-01
 4.211764588E-02 5.000000000E-01 3.462365837E-02 5.703497874E-03 -3.855387228E-01
 4.477058510E-02 5.000000000E-01 3.555353933E-02 5.711035815E-03 -3.974829595E-01
 4.754545847E-02 5.000000000E-01 3.648382108E-02 5.712976475E-03 -4.084659440E-01
 5.044532045E-02 5.000000000E-01 3.741334651E-02 5.709698198E-03 -4.185252831E-01
 5.347317290E-02 5.000000000E-01 3.834091967E-02 5.701574827E-03 -4.276975221E-01
 5.663195742E-02 5.000000000E-01 3.926530725E-02 5.688970180E-03 -4.360184951E-01
 5.992454768E-02 5.000000000E-01 4.018524025E-02 5.672233495E-03 -4.435226487E-01
 6.335374166E-02 5.000000000E-01 4.109941590E-02 5.651697942E-03 -4.502432271E-01
 6.692225381E-02 5.000000000E-01 4.200649978E-02 5.627677247E-03 -4.562124328E-01
 7.063270719E-02 5.000000000E-01 4.290512814E-02 5.600465527E-03 -4.614609215E-01
 7.448762559E-02 5.000000000E-01 4.379391047E-02 5.570338136E-03 -4.660182173E-01
 7.848942566E-02 5.000000000E-01 4.467143222E-02 5.537551081E-03 -4.699126096E-01
 8.264040909E-02 5.000000000E-01 4.553625778E-02 5.502342675E-03 -4.731709780E-01
 8.694275480E-02 5.000000000E-01 4.638693367E-02 5.464934433E-03 -4.758191176E-01
 9.139851127E-02 5.000000000E-01 4.722199189E-02 5.425531760E-03 -4.778815362E-01
 9.600958891E-02 5.000000000E-01 4.803995349E-02 5.384325494E-03 -4.793816123E-01
 1.007777526E-01 5.000000000E-01 4.883933234E-02 5.341491618E-03 -4.803418411E-01
 1.057046145E-01 5.000000000E-01 4.961863905E-02 5.297192450E-03 -4.807834485E-01
 1.107916266E-01 5.000000000E-01 5.037638507E-02 5.251578878E-03 -4.807266818E-01
 1.160400741E-01 5.000000000E-01 5.111108694E-02 5.204789968E-03 -4.801911492E-01
 1.214510687E-01 5.000000000E-01 5.182127069E-02 5.156953080E-03 -4.791955257E-01
 1.270255418E-01 5.000000000E-01 5.250547637E-02 5.108185804E-03 -4.777575692E-01
 1.327642387E-01 5.000000000E-01 5.316226264E-02 5.058597263E-03 -4.758943300E-01
 1.386677125E-01 5.000000000E-01 5.379021157E-02 5.008288298E-03 -4.736222845E-01
 1.447363187E-01 5.000000000E-01 5.438793337E-02 4.957351298E-03 -4.709573997E-01
 1.509702096E-01 5.000000000E-01 5.495407127E-02 4.905871079E-03 -4.679149636E-01
 1.573693299E-01 5.000000000E-01 5.548730644E-02 4.853926473E-03 -4.645096830E-01
 1.639334120E-01 5.000000000E-01 5.598636283E-02 4.801590770E-03 -4.607558898E-01
 1.706619718E-01 5.000000000E-01 5.645001209E-02 4.748931889E-03 -4.566674828E-01
 1.775543053E-01 5.000000000E-01 5.687707846E-02 4.696012904E-03 -4.522579818E-01
 1.846094849E-01 5.000000000E-01 5.726644351E-02 4.642892463E-03 -4.475405594E-01
 1.918263572E-01 5.000000000E-01 5.761705086E-02 4.589625235E-03 -4.425280756E-01
 1.992035404E-01 5.000000000E-01 5.792791084E-02 4.536262315E-03 -4.372331125E-01
 2.067394222E-01 5.000000000E-01 5.819810490E-02 4.482851580E-03 -4.316680024E-01
 2.144321590E-01 5.000000000E-01 5.842678993E-02 4.429438039E-03 -4.258448463E-01
 2.222796747E-01 5.000000000E-01 5.861320242E-02 4.376064135E-03 -4.197755350E-01
 2.302796602E-01 5.000000000E-01 5.875666235E-02 4.322769973E-03 -4.134717697E-01
 2.384295742E-01 5.000000000E-01 5.885657685E-02 4.269593539E-03 -4.069450655E-01
 2.467266432E-01 5.000000000E-01 5.891244365E-02 4.216570860E-03 -4.002068097E-01
 2.551678633E-01 5.000000000E-01 5.892385423E-02 4.163735960E-03 -3.932682931E-01
 2.637500018E-01 5.000000000E-01 5.889049658E-02 4.111121141E-03 -3.861406002E-01
 2.724695994E-01 5.000000000E-01 5.881215778E-02 4.058757503E-03 -3.788346491E-01
 2.813229733E-01 5.000000000E-01 5.868872610E-02 4.006674633E-03 -3.713613782E-01
 2.903062204E-01 5.000000000E-01 5.852019282E-02 3.954900571E-03 -3.637315254E-01
 2.994152214E-01 5.000000000E-01 5.830665362E-02 3.903462344E-03 -3.559556892E-01
 3.086456453E-01 5.000000000E-01 5.804830959E-02 3.852385804E-03 -3.480444243E-01
 3.179929543E-01 5.000000000E-01 5.774546781E-02 3.801695540E-03 -3.400081430E-01
 3.274524096E-01 5.000000000E-01 5.739854151E-02 3.751415159E-03 -3.318571249E-01
 3.370190772E-01 5.000000000E-01 5.700804987E-02 3.701567282E-03 -3.236015848E-01
 3.466878346E-01 5.000000000E-01 5.657461722E-02 3.652173482E-03 -3.152516055E-01
 3.564533778E-01 5.000000000E-01 5.609897197E-02 3.603254546E-03 -3.068170632E-01
 9.994269147E-01 5.000000000E-01 -2.504078285E-06 2.034221315E-03 1.315861565E-01
 9.993168041E-01 5.000000000E-01 -3.259220719E-06 2.008103464E-03 1.321614670E-01
 9.991943615E-01 5.000000000E-01 -4.173308903E-06 1.985587983E-03 1.326939148E-01
 9.990587687E-01 5.000000000E-01 -5.269704424E-06 1.966095859E-03 1.331874610E-01
 9.989091431E-01 5.000000000E-01 -6.574487925E-06 1.949167292E-03 1.336463962E-01
 9.987445364E-01 5.000000000E-01 -8.116743861E-06 1.934413852E-03 1.340747125E-01
 9.985639334E-01 5.000000000E-01 -9.928863755E-06 1.921497563E-03 1.344758180E-01
 9.983662508E-01 5.000000000E-01 -1.204686879E-05 1.910123709E-03 1.348524811E-01
 9.981503361E-01 5.000000000E-01 -1.451075241E-05 1.900038761E-03 1.352068886E-01
 9.979149660E-01 5.000000000E-01 -1.736484360E-05 1.891028826E-03 1.355407477E-01
 9.976588458E-01 5.000000000E-01 -2.065819122E-05 1.882916715E-03 1.358553896E-01
 9.973806077E-01 5.000000000E-01 -2.444496978E-05 1.875557602E-03 1.361518458E-01
 9.970788101E-01 5.000000000E-01 -2.878490680E-05 1.868834013E-03 1.364308962E-01
 9.967519362E-01 5.000000000E-01 -3.374373179E-05 1.862650878E-03 1.366930972E-01
 9.963983933E-01 5.000000000E-01 -3.939364661E-05 1.856931145E-03 1.369387970E-01
 9.960165123E-01 5.000000000E-01 -4.581381693E-05 1.851612152E-03 1.371681447E-01
 9.956045460E-01 5.000000000E-01 -5.309088405E-05 1.846642785E-03 1.373810978E-01
 9.951606696E-01 5.000000000E-01 -6.131949639E-05 1.841981296E-03 1.375774287E-01
 9.946829796E-01 5.000000000E-01 -7.060285959E-05 1.837593649E-03 1.377567317E-01
 9.941694936E-01 5.000000000E-01 -8.105330370E-05 1.833452256E-03 1.379184294E-01
 9.936181504E-01 5.000000000E-01 -9.279286612E-05 1.829534984E-03 1.380617790E-01
 9.930268098E-01 5.000000000E-01 -1.059538881E-04 1.825824367E-03 1.381858775E-01
 9.923932532E-01 5.000000000E-01 -1.206796229E-04 1.822306962E-03 1.382896663E-01
 9.917151835E-01 5.000000000E-01 -1.371248525E-04 1.818972807E-03 1.383719362E-01
 9.909902265E-01 5.000000000E-01 -1.554565111E-04 1.815814979E-03 1.384313308E-01
 9.902159312E-01 5.000000000E-01 -1.758543103E-04 1.812829216E-03 1.384663508E-01
 9.893897714E-01 5.000000000E-01 -1.985113649E-04 1.810013592E-03 1.384753579E-01
 9.885091468E-01 5.000000000E-01 -2.236348123E-04 1.807368246E-03 1.384565795E-01
 9.875713850E-01 5.000000000E-01 -2.514464244E-04 1.804895141E-03 1.384081129E-01
 9.865737433E-01 5.000000000E-01 -2.821832046E-04 1.802597860E-03 1.383279309E-01
 9.855134108E-01 5.000000000E-01 -3.160979659E-04 1.800481414E-03 1.382138873E-01
 9.843875113E-01 5.000000000E-01 -3.534598853E-04 1.798552079E-03 1.380637234E-01
 9.831931057E-01 5.000000000E-01 -3.945550270E-04 1.796817244E-03 1.378750742E-01
 9.819271957E-01 5.000000000E-01 -4.396868297E-04 1.795285265E-03 1.376454763E-01
 9.805867268E-01 5.000000000E-01 -4.891765502E-04 1.793965335E-03 1.373723755E-01
 9.791685922E-01 5.000000000E-01 -5.433636580E-04 1.792867360E-03 1.370531349E-01
 9.776696371E-01 5.000000000E-01 -6.026061715E-04 1.792001840E-03 1.366850436E-01
 9.760866629E-01 5.000000000E-01 -6.672809304E-04 1.791379760E-03 1.362653257E-01
 9.744164321E-01 5.000000000E-01 -7.377837952E-04 1.791012481E-03 1.357911489E-01
 9.726556734E-01 5.000000000E-01 -8.145297671E-04 1.790911649E-03 1.352596337E-01
 9.708010871E-01 5.000000000E-01 -8.979530187E-04 1.791089094E-03 1.346678627E-01
 9.688493509E-01 5.000000000E-01 -9.885068292E-04 1.791556753E-03 1.340128884E-01
 9.667971259E-01 5.000000000E-01 -1.086663414E-03 1.792326590E-03 1.332917425E-01
 9.646410629E-01 5.000000000E-01 -1.192913642E-03 1.793410527E-03 1.325014435E-01
 9.623778095E-01 5.000000000E-01 -1.307766633E-03 1.794820380E-03 1.316390043E-01
 9.600040167E-01 5.000000000E-01 -1.431749226E-03 1.796567809E-03 1.307014391E-01
 9.575163465E-01 5.000000000E-01 -1.565405309E-03 1.798664272E-03 1.296857701E-01
 9.549114792E-01 5.000000000E-01 -1.709295010E-03 1.801120981E-03 1.285890331E-01
 9.521861217E-01 5.000000000E-01 -1.863993732E-03 1.803948870E-03 1.274082831E-01
 9.493370151E-01 5.000000000E-01 -2.030091041E-03 1.807158566E-03 1.261405988E-01
 9.463609434E-01 5.000000000E-01 -2.208189380E-03 1.810760354E-03 1.247830870E-01
 9.432547419E-01 5.000000000E-01 -2.398902626E-03 1.814764191E-03 1.233328864E-01
 9.400153062E-01 5.000000000E-01 -2.602854475E-03 1.819179799E-03 1.217871712E-01
 9.366396006E-01 5.000000000E-01 -2.820676647E-03 1.824017004E-03 1.201431542E-01
 9.331246679E-01 5.000000000E-01 -3.053006926E-03 1.829286258E-03 1.183980907E-01
 9.294676380E-01 5.000000000E-01 -3.300487012E-03 1.834997696E-03 1.165492809E-01
 9.256657372E-01 5.000000000E-01 -3.563760213E-03 1.841143668E-03 1.145940855E-01
 9.217162982E-01 5.000000000E-01 -3.843468946E-03 1.847569103E-03 1.125298374E-01
 9.176167684E-01 5.000000000E-01 -4.140252083E-03 1.854049611E-03 1.103530284E-01
 9.133647203E-01 5.000000000E-01 -4.454742122E-03 1.860904013E-03 1.080609148E-01
 9.089578602E-01 5.000000000E-01 -4.787562206E-03 1.868768192E-03 1.056529167E-01
 9.043940375E-01 5.000000000E-01 -5.139322986E-03 1.877599148E-03 1.031274087E-01
 8.996712541E-01 5.000000000E-01 -5.510619348E-03 1.886984082E-03 1.004813335E-01
 8.947876729E-01 5.000000000E-01 -5.902027006E-03 1.896805944E-03 9.771209712E-02
 8.897416273E-01 5.000000000E-01 -6.314098989E-03 1.907068288E-03 9.481740204E-02
 8.845316289E-01 5.000000000E-01 -6.747362012E-03 1.917755348E-03 9.179505485E-02
 8.791563765E-01 5.000000000E-01 -7.202312780E-03 1.928870060E-03 8.864298047E-02
 8.736147636E-01 5.000000000E-01 -7.679414212E-03 1.940423121E-03 8.535912608E-02
 8.679058866E-01 5.000000000E-01 -8.179091629E-03 1.952432242E-03 8.194154762E-02
 8.620290512E-01 5.000000000E-01 -8.701728913E-03 1.964926497E-03 7.838856428E-02
 8.559837803E-01 5.000000000E-01 -9.247664665E-03 1.977935504E-03 7.469855022E-02
 8.497698193E-01 5.000000000E-01 -9.817188386E-03 1.991479319E-03 7.086992706E-02
 8.433871428E-01 5.000000000E-01 -1.041053671E-02 2.005572459E-03 6.690131681E-02
 8.368359599E-01 5.000000000E-01 -1.102788969E-02 2.020226186E-03 6.279148776E-02
 8.301167186E-01 5.000000000E-01 -1.166936722E-02 2.035443509E-03 5.853925616E-02
 8.232301103E-01 5.000000000E-01 -1.233502557E-02 2.051217620E-03 5.414370185E-02
 8.161770736E-01 5.000000000E-01 -1.302485403E-02 2.067523709E-03 4.960397576E-02
 8.089587971E-01 5.000000000E-01 -1.373877184E-02 2.084310824E-03 4.491933584E-02
 8.015767219E-01 5.000000000E-01 -1.447662522E-02 2.101508049E-03 4.008932972E-02
 7.940325431E-01 5.000000000E-01 -1.523818469E-02 2.119021422E-03 3.511351486E-02
 7.863282111E-01 5.000000000E-01 -1.602314270E-02 2.136759236E-03 2.999164258E-02
 7.784659317E-01 5.000000000E-01 -1.683111142E-02 2.154712983E-03 2.472348970E-02
 7.704481659E-01 5.000000000E-01 -1.766162100E-02 2.173718726E-03 1.931013249E-02
 7.622776284E-01 5.000000000E-01 -1.851411806E-02 2.194397137E-03 1.375117874E-02
 7.539572863E-01 5.000000000E-01 -1.938796455E-02 2.215638894E-03 8.044540572E-03
 7.454903564E-01 5.000000000E-01 -2.028243703E-02 2.236729487E-03 2.191279137E-03
 7.368803017E-01 5.000000000E-01 -2.119672632E-02 2.258078823E-03 -3.806665160E-03
 7.281308276E-01 5.000000000E-01 -2.212993754E-02 2.279899864E-03 -9.948229236E-03
 7.192458776E-01 5.000000000E-01 -2.308109060E-02 2.302197906E-03 -1.623215461E-02
 7.102296273E-01 5.000000000E-01 -2.404912111E-02 2.324961577E-03 -2.265699686E-02
 7.010864793E-01 5.000000000E-01 -2.503288171E-02 2.348180114E-03 -2.922110146E-02
 6.918210555E-01 5.000000000E-01 -2.603114387E-02 2.371843549E-03 -3.592257797E-02
 6.824381910E-01 5.000000000E-01 -2.704260011E-02 2.395939732E-03 -4.275927275E-02
 6.729429252E-01 5.000000000E-01 -2.806586663E-02 2.420440782E-03 -4.972876345E-02
 6.633404943E-01 5.000000000E-01 -2.909948645E-02 2.445303936E-03 -5.682836479E-02
 6.536363216E-01 5.000000000E-01 -3.014193288E-02 2.470841840E-03 -6.405548334E-02
 6.438360085E-01 5.000000000E-01 -3.119161346E-02 2.499797334E-03 -7.140483919E-02
 6.339453244E-01 5.000000000E-01 -3.224687425E-02 2.532379640E-03 -7.887168305E-02
 6.239701962E-01 5.000000000E-01 -3.330600457E-02 2.561605228E-03 -8.646435775E-02
 6.139166977E-01 5.000000000E-01 -3.436724196E-02 2.586289064E-03 -9.418601008E-02
 6.037910383E-01 5.000000000E-01 -3.542877763E-02 2.613391174E-03 -1.020220163E-01
 5.935995515E-01 5.000000000E-01 -3.648876210E-02 2.644914719E-03 -1.099582869E-01
 5.833486830E-01 5.000000000E-01 -3.754531114E-02 2.678627063E-03 -1.179871364E-01
 5.730449788E-01 5.000000000E-01 -3.859651196E-02 2.713422711E-03 -1.261050116E-01
 5.626950731E-01 5.000000000E-01 -3.964042964E-02 2.749036271E-03 -1.343092246E-01
 5.523056752E-01 5.000000000E-01 -4.067511368E-02 2.785409817E-03 -1.425962033E-01
 5.418835573E-01 5.000000000E-01 -4.169860473E-02 2.822503828E-03 -1.509611135E-01
 5.314355421E-01 5.000000000E-01 -4.270894139E-02 2.860296157E-03 -1.593981319E-01
 5.209684893E-01 5.000000000E-01 -4.370416714E-02 2.898782203E-03 -1.679008454E-01
 5.104892833E-01 5.000000000E-01 -4.468233720E-02 2.937962871E-03 -1.764625674E-01
 5.000048202E-01 5.000000000E-01 -4.564152549E-02 2.977836704E-03 -1.850764348E-01
 4.895219952E-01 5.000000000E-01 -4.657983145E-02 3.018398386E-03 -1.937353965E-01
 4.790476898E-01 5.000000000E-01 -4.749538681E-02 3.059639761E-03 -2.024322076E-01
 4.685887590E-01 5.000000000E-01 -4.838636227E-02 3.101550989E-03 -2.111594125E-01
 4.581520196E-01 5.000000000E-01 -4.925097399E-02 3.144121409E-03 -2.199093384E-01
 4.477442372E-01 5.000000000E-01 -5.008748986E-02 3.187339791E-03 -2.286740333E-01
 4.373721144E-01 5.000000000E-01 -5.089423560E-02 3.231194264E-03 -2.374453957E-01
 4.270422794E-01 5.000000000E-01 -5.166960057E-02 3.275672339E-03 -2.462150971E-01
 4.167612739E-01 5.000000000E-01 -5.241204334E-02 3.320760618E-03 -2.549745614E-01
 4.065355422E-01 5.000000000E-01 -5.312009686E-02 3.366444803E-03 -2.637151237E-01
 3.963714204E-01 5.000000000E-01 -5.379237337E-02 3.412709944E-03 -2.724278926E-01
 3.862751254E-01 5.000000000E-01 -5.442756893E-02 3.459540374E-03 -2.811037734E-01
 3.762527454E-01 5.000000000E-01 -5.502446757E-02 3.506919608E-03 -2.897335319E-01
 3.663102293E-01 5.000000000E-01 -5.558194499E-02 3.554830333E-03 -2.983078023E-01
 3.564533778E-01 5.000000000E-01 -5.609897197E-02 3.603254546E-03 -3.068170632E-01
 3.466878346E-01 5.000000000E-01 -5.657461722E-02 3.652173482E-03 -3.152516055E-01
 3.370190772E-01 5.000000000E-01 -5.700804987E-02 3.701567282E-03 -3.236015848E-01
 3.274524096E-01 5.000000000E-01 -5.739854151E-02 3.751415159E-03 -3.318571249E-01
 3.179929543E-01 5.000000000E-01 -5.774546781E-02 3.801695540E-03 -3.400081430E-01
 3.086456453E-01 5.000000000E-01 -5.804830959E-02 3.852385804E-03 -3.480444243E-01
 2.994152214E-01 5.000000000E-01 -5.830665362E-02 3.903462344E-03 -3.559556892E-01
 2.903062204E-01 5.000000000E-01 -5.852019282E-02 3.954900571E-03 -3.637315254E-01
 2.813229733E-01 5.000000000E-01 -5.868872610E-02 4.006674633E-03 -3.713613782E-01
 2.724695994E-01 5.000000000E-01 -5.881215778E-02 4.058757503E-03 -3.788346491E-01
 2.637500018E-01 5.000000000E-01 -5.889049658E-02 4.111121141E-03 -3.861406002E-01
 2.551678633E-01 5.000000000E-01 -5.892385423E-02 4.163735960E-03 -3.932682931E-01
 2.467266432E-01 5.000000000E-01 -5.891244365E-02 4.216570860E-03 -4.002068097E-01
 2.384295742E-01 5.000000000E-01 -5.885657685E-02 4.269593539E-03 -4.069450655E-01
 2.302796602E-01 5.000000000E-01 -5.875666235E-02 4.322769973E-03 -4.134717697E-01
 2.222796747E-01 5.000000000E-01 -5.861320242E-02 4.376064135E-03 -4.197755350E-01
 2.144321590E-01 5.000000000E-01 -5.842678993E-02 4.429438039E-03 -4.258448463E-01
 2.067394222E-01 5.000000000E-01 -5.819810490E-02 4.482851580E-03 -4.316680024E-01
 1.992035404E-01 5.000000000E-01 -5.792791084E-02 4.536262315E-03 -4.372331125E-01
 2 1
 3 2
 4 3
 5 4
 6 5
 7 6
 8 7
 9 8
 10 9
 11 10
 12 11
 13 12
 14 15
 15 16
 16 17
 17 18
 18 19
 19 20
 20 21
 21 22
 22 23
 23 24
 24 25
 25 26
 26 27
 27 28
 28 29
 29 30
 30 31
 31 32
 32 33
 33 34
 34 35
 35 36
 36 37
 37 38
 38 39
 39 40
 40 41
 41 42
 42 43
 43 44
 44 45
 45 46
 46 47
 47 48
 48 49
 49 50
 50 51
 51 52
 52 53
 53 54
 54 55
 55 56
 56 57
 57 58
 58 59
 59 60
 60 61
 61 62
 62 63
 63 64
 64 65
 65 66
 66 67
 67 68
 68 69
 69 70
 70 71
 71 72
 72 73
 73 74
 74 75
 75 76
 76 77
 77 78
 78 79
 79 80
 80 81
 81 82
 82 83
 83 84
 84 85
 85 86
 86 87
 87 88
 88 89
 89 90
 90 91
 91 92
 92 93
 93 94
 94 95
 95 96
 96 97
 97 98
 98 99
 99 100
 100 101
 101 102
 102 103
 103 104
 104 105
 105 106
 106 107
 107 108
 108 109
 109 110
 110 111
 111 112
 112 113
 113 114
 114 115
 115 116
 116 117
 117 118
 118 119
 119 120
 120 121
 121 122
 122 123
 123 124
 124 125
 125 126
 126 127
 127 128
 128 129
 129 130
 130 131
 131 132
 132 133
 133 134
 134 135
 135 136
 136 137
 137 138
 138 139
 139 140
 140 141
 141 142
 142 143
 143 144
 144 145
 145 146
 146 147
 147 148
 148 149
 149 150
 152 151
 153 152
 154 153
 155 154
 156 155
 157 156
 158 157
 159 158
 160 159
 161 160
 162 161
 163 162
 164 163
 165 164
 166 165
 167 166
 168 167
 169 168
 170 169
 171 170
 172 171
 173 172
 174 173
 175 174
 176 175
 177 176
 178 177
 179 178
 180 179
 181 180
 182 181
 183 182
 184 183
 185 184
 186 185
 187 186
 188 187
 189 188
 190 189
 191 190
 192 191
 193 192
 194 193
 195 194
 196 195
 197 196
 198 197
 199 198
 200 199
 201 200
 202 201
 203 202
 204 203
 205 204
 206 205
 207 206
 208 207
 209 208
 210 209
 211 210
 212 211
 213 212
 214 213
 215 214
 216 215
 217 216
 218 217
 219 218
 220 219
 221 220
 222 221
 223 222
 224 223
 225 224
 226 225
 227 226
 228 227
 229 228
 230 229
 231 230
 232 231
 233 232
 234 233
 235 234
 236 235
 237 236
 238 237
 239 238
 240 239
 241 240
 242 241
 243 242
 244 243
 245 244
 246 245
 247 246
 248 247
 249 248
 250 249
 251 250
 252 251
 253 252
 254 253
 255 254
 256 255
 257 256
 258 257
 259 258
 260 259
 261 260
 262 261
 263 262
 264 263
 265 264
 266 265
 267 266
 268 267
 269 268
 270 269
 271 270
 272 271
 273 272
 274 273
 275 274
 276 275
 277 276
 278 277
 279 278
 280 279
 281 280
 282 281
 283 282
 284 283
 285 284
 286 285
 287 286
 288 287
 289 288
 290 289
 291 290
 292 291
 293 292
 294 293
 295 294
 296 295
 297 296
 298 297
 299 298
 300 299
 301 300
 302 301
 303 302
 304 303
 305 304
 306 305
 307 306
 308 307
 309 308
 310 309
 311 310
 312 311
 313 312
 314 313
 315 314
 316 315
 317 316
 318 317
 319 318
 320 319
 321 320
 322 321
 323 322
 324 323
 325 324
 326 325
 327 326
 328 327
 329 328
 330 329
 331 330
 332 331
 333 332
 334 333
 335 334
 336 335
 337 336
 338 337
 339 338
 340 339
 341 340
 342 341
 343 342
 344 343
 345 344
 346 345
 347 346
 348 347
 349 348
 350 349
 351 350
 352 351
 353 352
 354 353
 355 354
 356 355
 357 356
 358 357
 359 358
 360 359
 361 360
 362 361
 363 362
 364 363
 365 364
 366 365
 367 366
 368 367
 369 368
 370 369
 371 370
 372 371
 373 372
 375 374
 376 375
 377 376
 378 377
 379 378
 380 379
 381 380
 382 381
 383 382
 384 383
 385 384
 386 385
 387 386
 388 387
 389 388
 390 389
 391 390
 392 391
 393 392
 394 393
 395 394
 396 395
 397 396
 398 397
 399 398
 400 399
 401 400
 402 401
 403 402
 404 403
 405 404
 406 405
 407 406
 408 407
 409 408
 410 409
 411 410
 412 411
 413 412
 414 413
 415 414
 416 415
 417 416
 418 417
 419 418
 420 419
 421 420
 422 421
 423 422
 424 423
 425 424
 426 425
 427 426
 428 427
 429 428
 430 429
 431 430
 432 431
 433 432
 434 433
 435 434
 436 435
 437 436
 438 437
 439 438
 440 439
 441 440
 442 441
 443 442
 444 443
 445 444
 446 445
 447 446
 448 447
 449 448
 450 449
 451 450
 452 451
 453 452
 454 453
 455 454
 456 455
 457 456
 458 457
 459 458
 460 459
 461 460
 462 461
 463 462
 464 463
 465 464
 466 465
 467 466
 468 467
 469 468
 470 469
 471 470
 472 471
 473 472
 474 473
 475 474
 476 475
 477 476
 478 477
 479 478
 480 479
 481 480
 482 481
 483 482
 484 483
 485 484
 486 485
 487 486
 488 487
 489 488
 490 489
 491 490
 492 491
 493 492
 494 493
 495 494
 496 495
 497 496
 498 497
 499 498
 500 499
 501 500
 502 501
 503 502
 504 503
 505 504
 506 505
 507 506
 508 507
 509 508
 510 509
 511 510
 512 511
 513 512
 514 513
 515 514
 516 515
