TITLE     = "Surface mesh and solution"
VARIABLES = "x"
"y"
"z"
"cfx"
"Cp"
ZONE T="Slice: Y=-0.001"
STRANDID=0, SOLUTIONTIME=0
Nodes=405, Elements=404, ZONETYPE=FELineSeg
DATAPACKING=POINT
DT=(DOUBLE DOUBLE DOUBLE DOUBLE DOUBLE )
0.5138667800	-0.0009999500	-0.0150565640	0.0008915769	0.2360653400
0.5213446000	-0.0009999500	-0.0165373310	0.0008749367	0.2414104000
0.5287907100	-0.0009999500	-0.0180200410	0.0008516063	0.2467435700
0.5361785900	-0.0009999500	-0.0194992590	0.0008271953	0.2520364500
0.5434724100	-0.0009999500	-0.0209675790	0.0008106464	0.2572918800
0.5506414800	-0.0009999500	-0.0224184820	0.0007934432	0.2624759100
0.5576724400	-0.0009999500	-0.0238488560	0.0007816951	0.2675852500
0.5645709000	-0.0009999500	-0.0252594630	0.0007708985	0.2726586200
0.5713553400	-0.0009999500	-0.0266536960	0.0007480149	0.2776346500
0.5780492400	-0.0009999500	-0.0280361230	0.0007245333	0.2826019200
0.5846750100	-0.0009999500	-0.0294111560	0.0007119403	0.2875891000
0.5912478000	-0.0009999500	-0.0307817810	0.0006989414	0.2925561100
0.5977743300	-0.0009999500	-0.0321493150	0.0006794692	0.2975334500
0.6042514400	-0.0009999500	-0.0335129720	0.0006599974	0.3025091300
0.6106615100	-0.0009999500	-0.0348689220	0.0006397447	0.3074838800
0.6169644600	-0.0009999500	-0.0362084660	0.0006180631	0.3124252600
0.6231004600	-0.0009999500	-0.0375185350	0.0005944195	0.3172906900
0.6289970300	-0.0009999500	-0.0387831000	0.0005687653	0.3220329300
0.6345897900	-0.0009999500	-0.0399876500	0.0005416661	0.3266019200
0.6398374400	-0.0009999500	-0.0411224590	0.0005139836	0.3309572900
0.6447323600	-0.0009999500	-0.0421850010	0.0004866762	0.3351516100
0.6496231000	-0.0009999500	-0.0432505530	0.0004606410	0.3393058800
0.6543443800	-0.0009999500	-0.0442829210	0.0004363505	0.3434283100
0.6588783300	-0.0009999500	-0.0452778190	0.0004138744	0.3474592900
0.6631871500	-0.0009999500	-0.0462264870	0.0003930792	0.3513557300
0.6672428800	-0.0009999500	-0.0471222880	0.0003739012	0.3550733600
0.6710397000	-0.0009999500	-0.0479634260	0.0003563615	0.3585936100
0.6745934500	-0.0009999500	-0.0487529450	0.0003403025	0.3619212800
0.6779308300	-0.0009999500	-0.0494963640	0.0003254274	0.3650771400
0.6810805200	-0.0009999500	-0.0501997400	0.0003114913	0.3680834200
0.6840687400	-0.0009999500	-0.0508686490	0.0002984909	0.3709625300
0.6869190900	-0.0009999500	-0.0515081550	0.0002864251	0.3737282500
0.6896542300	-0.0009999500	-0.0521231440	0.0002748600	0.3764175200
0.6922959100	-0.0009999500	-0.0527183750	0.0002616872	0.3790427700
0.6948622500	-0.0009999500	-0.0532978140	0.0002472165	0.3815870600
0.6973693400	-0.0009999500	-0.0538650120	0.0002350641	0.3840859500
0.6998299400	-0.0009999500	-0.0544227770	0.0002250889	0.3865983500
0.7022518500	-0.0009999500	-0.0549728420	0.0002138324	0.3890915500
0.7046393800	-0.0009999500	-0.0555161350	0.0002008225	0.3915458600
0.7069937600	-0.0009999500	-0.0560529050	0.0001879464	0.3939957600
0.7093149400	-0.0009999500	-0.0565830840	0.0001756180	0.3964306400
0.7116029300	-0.0009999500	-0.0571066510	0.0001633360	0.3988525300
0.7138583100	-0.0009999500	-0.0576237100	0.0001502620	0.4012730700
0.7160817400	-0.0009999500	-0.0581343510	0.0001372519	0.4036409000
0.7182725100	-0.0009999500	-0.0586383980	0.0001257176	0.4060002600
0.7204281100	-0.0009999500	-0.0591352280	0.0001146459	0.4083641200
0.7225432400	-0.0009999500	-0.0596235730	0.0001031448	0.4106727800
0.7246086600	-0.0009999500	-0.0601012480	0.0000914634	0.4129386200
0.7266091700	-0.0009999500	-0.0605647010	0.0000797791	0.4151755000
0.7285449500	-0.0009999500	-0.0610138550	0.0000689122	0.4173107400
0.7303956700	-0.0009999500	-0.0614439510	0.0000580842	0.4193124500
0.7321432200	-0.0009999500	-0.0618506710	0.0000474370	0.4213505700
0.7337727000	-0.0009999500	-0.0622304490	0.0000383132	0.4232559800
0.7352694900	-0.0009999500	-0.0625797580	0.0000288623	0.4249215700
0.7366251900	-0.0009999500	-0.0628965050	0.0000205461	0.4264949000
0.7378419600	-0.0009999500	-0.0631811100	0.0000102910	0.4279107200
0.7388737200	-0.0009999500	-0.0634226580	0.0000150500	0.4291713200
0.7393500200	-0.0009999500	-0.0635342670	0.0000079885	0.4297025200
0.7399196000	-0.0009999500	-0.0636677150	0.0000016637	0.4303376700
0.7407598500	-0.0009999500	-0.0638647530	-0.0000023225	0.4313130100
0.7415375100	-0.0009999500	-0.0640472170	-0.0000060716	0.4321476500
0.7421944700	-0.0009999500	-0.0642014670	-0.0000092041	0.4329370600
0.7427788400	-0.0009999500	-0.0643387290	-0.0000070238	0.4335907400
0.7433266600	-0.0009999500	-0.0644674820	-0.0000069161	0.4341558200
0.7438408100	-0.0009999500	-0.0645883830	-0.0000105606	0.4346343300
0.7438907600	-0.0009999500	-0.0646001250	-0.0000108412	0.4346909500
0.7443205700	-0.0009999500	-0.0647012290	-0.0000141458	0.4351606100
0.7445324100	-0.0009999500	-0.0647510740	-0.0000133124	0.4353778100
0.7449595900	-0.0009999500	-0.0648516340	-0.0000102492	0.4358706500
0.7455822800	-0.0009999500	-0.0649982840	-0.0000044742	0.4364236600
0.7456396200	-0.0009999500	-0.0650117840	-0.0000049374	0.4364744700
0.7458130700	-0.0009999500	-0.0650526430	0.0000031206	0.4366767100
0.7460951800	-0.0009999500	-0.0651191170	0.0000140290	0.4370003900
0.7464378500	-0.0009999500	-0.0651998590	0.0000619761	0.4373349800
0.7467177500	-0.0009999500	-0.0652658420	0.0001735382	0.4373690200
0.7469513400	-0.0009999500	-0.0653209090	0.0004001245	0.4358674300
0.7471460100	-0.0009999500	-0.0653668050	0.0006151492	0.4348217200
0.7469463300	-0.0009999500	-0.0653782040	0.0005188523	0.4357006300
0.7467067200	-0.0009999500	-0.0653918760	0.0002901824	0.4361990400
0.7464187100	-0.0009999500	-0.0654082970	0.0002209924	0.4360231800
0.7460444600	-0.0009999500	-0.0654296200	0.0002150705	0.4355696400
0.7457779600	-0.0009999500	-0.0654447820	0.0002234798	0.4351836400
0.7455345400	-0.0009999500	-0.0654586400	0.0002300765	0.4348205900
0.7454809500	-0.0009999500	-0.0654616880	0.0002319782	0.4347435200
0.7448865800	-0.0009999500	-0.0654954460	0.0002332922	0.4337868400
0.7446649700	-0.0009999500	-0.0655080150	0.0002337747	0.4334025700
0.7442039300	-0.0009999500	-0.0655341300	0.0002401340	0.4326292300
0.7438017700	-0.0009999500	-0.0655568760	0.0002480492	0.4320609000
0.7436482300	-0.0009999500	-0.0655655490	0.0002504637	0.4318003100
0.7433102700	-0.0009999500	-0.0655846300	0.0002423198	0.4311927600
0.7427687600	-0.0009999500	-0.0656151550	0.0002500215	0.4302853600
0.7421698600	-0.0009999500	-0.0656488610	0.0002529910	0.4292587600
0.7414947700	-0.0009999500	-0.0656867620	0.0002597946	0.4280724800
0.7407319500	-0.0009999500	-0.0657294910	0.0002684387	0.4267860100
0.7398662000	-0.0009999500	-0.0657778750	0.0002900590	0.4254311000
0.7389146100	-0.0009999500	-0.0658308940	0.0003043296	0.4238929200
0.7384635800	-0.0009999500	-0.0658559350	0.0003133407	0.4231956000
0.7377156000	-0.0009999500	-0.0658974720	0.0003288956	0.4220522300
0.7365900300	-0.0009999500	-0.0659597440	0.0003203533	0.4201758500
0.7352385500	-0.0009999500	-0.0660342050	0.0003365785	0.4181878900
0.7337603000	-0.0009999500	-0.0661152750	0.0003472242	0.4159336100
0.7321630700	-0.0009999500	-0.0662024240	0.0003624073	0.4136697600
0.7304588600	-0.0009999500	-0.0662949010	0.0003801430	0.4112978600
0.7286621300	-0.0009999500	-0.0663918480	0.0003951196	0.4088348400
0.7267869100	-0.0009999500	-0.0664924160	0.0004092835	0.4063829500
0.7248442200	-0.0009999500	-0.0665959490	0.0004271716	0.4039159700
0.7228341100	-0.0009999500	-0.0667023810	0.0004440915	0.4014160300
0.7207637400	-0.0009999500	-0.0668112640	0.0004567928	0.3988983300
0.7186388400	-0.0009999500	-0.0669222330	0.0004682169	0.3963774100
0.7164642200	-0.0009999500	-0.0670349820	0.0004837015	0.3939047200
0.7142432900	-0.0009999500	-0.0671492960	0.0005021359	0.3914308000
0.7119781400	-0.0009999500	-0.0672650040	0.0005178242	0.3889451300
0.7096702500	-0.0009999500	-0.0673819930	0.0005310374	0.3864863800
0.7073212300	-0.0009999500	-0.0675001370	0.0005446249	0.3840390700
0.7049337600	-0.0009999500	-0.0676192420	0.0005583844	0.3816323000
0.7025105400	-0.0009999500	-0.0677391510	0.0005713330	0.3792376200
0.7000528600	-0.0009999500	-0.0678597540	0.0005806929	0.3768421400
0.6975610300	-0.0009999500	-0.0679809900	0.0005881276	0.3744852500
0.6950340900	-0.0009999500	-0.0681028890	0.0006009402	0.3721815900
0.6924691200	-0.0009999500	-0.0682255250	0.0006177034	0.3698834500
0.6898594500	-0.0009999500	-0.0683491830	0.0006306457	0.3675625600
0.6871926200	-0.0009999500	-0.0684743900	0.0006401284	0.3652394100
0.6844478800	-0.0009999500	-0.0686020400	0.0006500982	0.3629039200
0.6815945500	-0.0009999500	-0.0687334310	0.0006609967	0.3605410200
0.6785980500	-0.0009999500	-0.0688699930	0.0006726772	0.3581035700
0.6754218900	-0.0009999500	-0.0690131630	0.0006852442	0.3555744000
0.6720267500	-0.0009999500	-0.0691644030	0.0006989922	0.3529294400
0.6683671500	-0.0009999500	-0.0693253650	0.0007145371	0.3501415300
0.6643803700	-0.0009999500	-0.0694982930	0.0007326944	0.3471762200
0.6599674200	-0.0009999500	-0.0696867780	0.0007545928	0.3439868100
0.6549822100	-0.0009999500	-0.0698960420	0.0007818252	0.3405135300
0.6492052100	-0.0009999500	-0.0701336940	0.0008152103	0.3366161900
0.6422627600	-0.0009999500	-0.0704124790	0.0008534184	0.3323462000
0.6352654100	-0.0009999500	-0.0706860200	0.0008937922	0.3280809500
0.6284862200	-0.0009999500	-0.0709439520	0.0009334226	0.3240539700
0.6218742700	-0.0009999500	-0.0711888890	0.0009698559	0.3202445200
0.6153745700	-0.0009999500	-0.0714233220	0.0010018215	0.3165990400
0.6089287400	-0.0009999500	-0.0716496410	0.0010292715	0.3130817700
0.6024917400	-0.0009999500	-0.0718695740	0.0010528920	0.3096551600
0.5960293400	-0.0009999500	-0.0720843000	0.0010737483	0.3062942000
0.5895202800	-0.0009999500	-0.0722944590	0.0010931327	0.3029902900
0.5829501700	-0.0009999500	-0.0725004080	0.0011123926	0.2997347700
0.5763068200	-0.0009999500	-0.0727023710	0.0011217951	0.2964848900
0.5695772800	-0.0009999500	-0.0729005410	0.0011319958	0.2933003600
0.5627446800	-0.0009999500	-0.0730951730	0.0011590843	0.2901377700
0.5557922700	-0.0009999500	-0.0732864510	0.0011830147	0.2869615600
0.5487078400	-0.0009999500	-0.0734743700	0.0011987856	0.2838265000
0.5414887700	-0.0009999500	-0.0736586000	0.0012057612	0.2806606300
0.5341487500	-0.0009999500	-0.0738384430	0.0012145651	0.2775569300
0.5267151600	-0.0009999500	-0.0740129050	0.0012421517	0.2744809100
0.5192170100	-0.0009999500	-0.0741810580	0.0012675933	0.2713903800
0.5116720800	-0.0009999500	-0.0743423400	0.0012841463	0.2683767400
0.5040807100	-0.0009999500	-0.0744965970	0.0013013945	0.2654084900
0.4964275700	-0.0009999500	-0.0746439470	0.0013209671	0.2624909000
0.4886894500	-0.0009999500	-0.0747845920	0.0013290317	0.2595814500
0.4808457500	-0.0009999500	-0.0749185680	0.0013275533	0.2567191700
0.4728908200	-0.0009999500	-0.0750455780	0.0013466939	0.2539419500
0.4648405900	-0.0009999500	-0.0751649890	0.0013813941	0.2511101700
0.4567296200	-0.0009999500	-0.0752759580	0.0014061697	0.2482515000
0.4486037800	-0.0009999500	-0.0753776730	0.0014238572	0.2454955700
0.4405099700	-0.0009999500	-0.0754695090	0.0014300897	0.2427619200
0.4324779500	-0.0009999500	-0.0755512040	0.0014380542	0.2401620900
0.4245114900	-0.0009999500	-0.0756228790	0.0014544216	0.2376001200
0.4165967400	-0.0009999500	-0.0756847630	0.0014687914	0.2350606200
0.4087123000	-0.0009999500	-0.0757370740	0.0014965581	0.2326322600
0.4008385500	-0.0009999500	-0.0757799070	0.0015217553	0.2302137200
0.3929646300	-0.0009999500	-0.0758132340	0.0015364271	0.2278900700
0.3850894600	-0.0009999500	-0.0758369270	0.0015522378	0.2256267400
0.3772146100	-0.0009999500	-0.0758508590	0.0015684270	0.2234173900
0.3693341900	-0.0009999500	-0.0758548900	0.0015847870	0.2212620700
0.3614305900	-0.0009999500	-0.0758488180	0.0016009835	0.2191646100
0.3534763800	-0.0009999500	-0.0758323370	0.0016176701	0.2171082800
0.3454417600	-0.0009999500	-0.0758049410	0.0016224146	0.2150290500
0.3373050100	-0.0009999500	-0.0757659970	0.0016265419	0.2130440800
0.3290645500	-0.0009999500	-0.0757148710	0.0016550521	0.2111347600
0.3207419500	-0.0009999500	-0.0756510650	0.0016814009	0.2091831100
0.3123768000	-0.0009999500	-0.0755743610	0.0016955159	0.2073181000
0.3040194500	-0.0009999500	-0.0754848870	0.0016976340	0.2055002500
0.2957090400	-0.0009999500	-0.0753829260	0.0017011722	0.2038231500
0.2874583000	-0.0009999500	-0.0752686040	0.0017299660	0.2022352100
0.2792537800	-0.0009999500	-0.0751416830	0.0017551198	0.2006428400
0.2710678000	-0.0009999500	-0.0750016050	0.0017683567	0.1991723300
0.2628790700	-0.0009999500	-0.0748477500	0.0017841672	0.1978094300
0.2546856100	-0.0009999500	-0.0746797170	0.0017849923	0.1964235900
0.2465146200	-0.0009999500	-0.0744977740	0.0017855992	0.1951745000
0.2384106200	-0.0009999500	-0.0743028070	0.0018153011	0.1940952500
0.2304104000	-0.0009999500	-0.0740958230	0.0018271381	0.1928944100
0.2225281700	-0.0009999500	-0.0738774170	0.0018253193	0.1919741600
0.2147432400	-0.0009999500	-0.0736472610	0.0018346528	0.1910514800
0.2070556000	-0.0009999500	-0.0734055410	0.0018304530	0.1901091600
0.1993801400	-0.0009999500	-0.0731495470	0.0018416713	0.1894867300
0.1916299300	-0.0009999500	-0.0728757900	0.0018758952	0.1887908700
0.1837428800	-0.0009999500	-0.0725810530	0.0018962949	0.1881267700
0.1756954000	-0.0009999500	-0.0722630840	0.0019044183	0.1875838000
0.1674965300	-0.0009999500	-0.0719207450	0.0019153043	0.1871610900
0.1591712200	-0.0009999500	-0.0715535660	0.0019280128	0.1868145200
0.1507507300	-0.0009999500	-0.0711615530	0.0019269487	0.1864682900
0.1422631000	-0.0009999500	-0.0707447900	0.0019295850	0.1864937200
0.1337314700	-0.0009999500	-0.0703033060	0.0019625839	0.1866271300
0.1251854700	-0.0009999500	-0.0698376670	0.0019765229	0.1867199200
0.1166624900	-0.0009999500	-0.0693492000	0.0019642301	0.1870227200
0.1082074700	-0.0009999500	-0.0688401240	0.0019832096	0.1874865400
0.0998676490	-0.0009999500	-0.0683132630	0.0020261352	0.1880335400
0.0916786420	-0.0009999500	-0.0677712490	0.0020533302	0.1886573600
0.0836630390	-0.0009999500	-0.0672162700	0.0020685690	0.1894325800
0.0758288650	-0.0009999500	-0.0666497350	0.0020862977	0.1903004600
0.0681683270	-0.0009999500	-0.0660719280	0.0021058469	0.1913147700
0.0606634210	-0.0009999500	-0.0654822740	0.0021269047	0.1924526700
0.0532937570	-0.0009999500	-0.0648798350	0.0021300509	0.1936192400
0.0460443680	-0.0009999500	-0.0642638580	0.0021326467	0.1949549600
0.0389131460	-0.0009999500	-0.0636345600	0.0021691764	0.1964664200
0.0319123790	-0.0009999500	-0.0629935260	0.0022034252	0.1979127400
0.0250616280	-0.0009999500	-0.0623432360	0.0022219485	0.1994924800
0.0183798130	-0.0009999500	-0.0616863780	0.0022440018	0.2012881600
0.0118826610	-0.0009999500	-0.0610255560	0.0022472487	0.2030655400
0.0055768774	-0.0009999500	-0.0603626930	0.0022508198	0.2050496300
-0.0005443011	-0.0009999500	-0.0596983660	0.0022916734	0.2070760400
-0.0064988718	-0.0009999500	-0.0590318030	0.0023103394	0.2089311900
-0.0123192000	-0.0009999500	-0.0583602790	0.0023104142	0.2112183600
-0.0180419440	-0.0009999500	-0.0576801370	0.0023493508	0.2135715900
-0.0236947200	-0.0009999500	-0.0569883920	0.0023652964	0.2156773800
-0.0292967090	-0.0009999500	-0.0562827550	0.0023682890	0.2181733700
-0.0348538830	-0.0009999500	-0.0555623700	0.0024123402	0.2209513500
-0.0403589790	-0.0009999500	-0.0548280250	0.0024489090	0.2236001500
-0.0457982230	-0.0009999500	-0.0540815670	0.0024683510	0.2263552200
-0.0511575150	-0.0009999500	-0.0533251240	0.0024910739	0.2293494000
-0.0564287340	-0.0009999500	-0.0525601990	0.0025146990	0.2324780200
-0.0616159480	-0.0009999500	-0.0517865080	0.0025388033	0.2357614900
-0.0667349770	-0.0009999500	-0.0510018880	0.0025373057	0.2389286300
-0.0718055670	-0.0009999500	-0.0502033200	0.0025396751	0.2424336200
-0.0768452360	-0.0009999500	-0.0493878570	0.0025831056	0.2464568800
-0.0818668530	-0.0009999500	-0.0485530050	0.0026176330	0.2501568800
-0.0868795890	-0.0009999500	-0.0476965460	0.0026139656	0.2538401200
-0.0918912370	-0.0009999500	-0.0468163160	0.0026153661	0.2584050900
-0.0969100590	-0.0009999500	-0.0459099000	0.0026527892	0.2630490400
-0.1019455100	-0.0009999500	-0.0449744800	0.0026888684	0.2676436900
-0.1070088300	-0.0009999500	-0.0440065260	0.0027075977	0.2728293200
-0.1121149400	-0.0009999500	-0.0430012940	0.0027239916	0.2783660600
-0.1172852800	-0.0009999500	-0.0419522640	0.0027401619	0.2843643400
-0.1225502900	-0.0009999500	-0.0408503340	0.0027556983	0.2908895900
-0.1279503600	-0.0009999500	-0.0396830700	0.0027436817	0.2978723000
-0.1335367600	-0.0009999500	-0.0384336450	0.0027351961	0.3059484400
-0.1393646400	-0.0009999500	-0.0370820050	0.0027721194	0.3151710600
-0.1455147600	-0.0009999500	-0.0355989000	0.0028002171	0.3252232100
-0.1517265700	-0.0009999500	-0.0340372770	0.0028001988	0.3363263000
-0.1574147200	-0.0009999500	-0.0325465350	0.0027933719	0.3476707300
-0.1626929300	-0.0009999500	-0.0311073200	0.0027908265	0.3591800900
-0.1676515000	-0.0009999500	-0.0297024190	0.0027900898	0.3711950500
-0.1723669500	-0.0009999500	-0.0283147510	0.0027532005	0.3834619200
-0.1769004000	-0.0009999500	-0.0269293490	0.0027157782	0.3965143000
-0.1812997200	-0.0009999500	-0.0255331940	0.0027246021	0.4103002000
-0.1856008200	-0.0009999500	-0.0241144060	0.0027219610	0.4249531900
-0.1898269200	-0.0009999500	-0.0226634290	0.0026877144	0.4407840400
-0.1939939600	-0.0009999500	-0.0211723800	0.0026513896	0.4578890800
-0.1981106700	-0.0009999500	-0.0196347780	0.0026118544	0.4767164000
-0.2021741300	-0.0009999500	-0.0180463010	0.0025310277	0.4972163700
-0.2061695200	-0.0009999500	-0.0164074380	0.0024429426	0.5195992600
-0.2100702100	-0.0009999500	-0.0147250320	0.0023945762	0.5438633600
-0.2138443400	-0.0009999500	-0.0130080130	0.0023300244	0.5702616600
-0.2174613300	-0.0009999500	-0.0112667230	0.0022350426	0.5988122800
-0.2208973600	-0.0009999500	-0.0095126294	0.0021422088	0.6293625800
-0.2241374700	-0.0009999500	-0.0077531706	0.0020272533	0.6620617500
-0.2271789800	-0.0009999500	-0.0059889141	0.0019104906	0.6967651200
-0.2300332300	-0.0009999500	-0.0042149071	0.0018355765	0.7332062100
-0.2327084500	-0.0009999500	-0.0024254001	0.0017555338	0.7715123900
-0.2352057400	-0.0009999500	-0.0006138800	0.0016185101	0.8107596600
-0.2375221000	-0.0009999500	0.0012201592	0.0014100313	0.8500717300
-0.2396056800	-0.0009999500	0.0030328815	0.0011884019	0.8882363400
-0.2416306000	-0.0009999500	0.0050000739	0.0009547063	0.9254812000
-0.2432895700	-0.0009999500	0.0068226838	0.0006790555	0.9573350500
-0.2447747700	-0.0009999500	0.0086880270	0.0003574227	0.9796059700
-0.2460268000	-0.0009999500	0.0105304890	0.0000224277	0.9887890800
-0.2470641700	-0.0009999500	0.0123720290	-0.0003447835	0.9816246000
-0.2478788300	-0.0009999500	0.0141851600	-0.0005960108	0.9549189800
-0.2484661900	-0.0009999500	0.0159177580	-0.0005853286	0.9082412100
-0.2488259200	-0.0009999500	0.0174389200	-0.0004874181	0.8459371300
-0.2490280700	-0.0009999500	0.0188524310	-0.0004114310	0.7798714000
-0.2491065700	-0.0009999500	0.0203516240	-0.0002034637	0.6997551900
-0.2490486800	-0.0009999500	0.0217889360	0.0003546430	0.5930548900
-0.2488582000	-0.0009999500	0.0232026630	0.0011681713	0.4740505200
-0.2485141200	-0.0009999500	0.0246908530	0.0019130368	0.3669284900
-0.2480721900	-0.0009999500	0.0260359910	0.0023889405	0.2628369300
-0.2474783700	-0.0009999500	0.0274199230	0.0030652071	0.1565741600
-0.2466297000	-0.0009999500	0.0289862830	0.0040219472	0.0427652710
-0.2455425100	-0.0009999500	0.0306083040	0.0049535755	-0.0604696050
-0.2442345200	-0.0009999500	0.0322215150	0.0056342000	-0.1504163700
-0.2427340000	-0.0009999500	0.0337863270	0.0059646216	-0.2233621800
-0.2410058700	-0.0009999500	0.0353393850	0.0061018030	-0.2785644200
-0.2391185300	-0.0009999500	0.0368229640	0.0061392996	-0.3303091800
-0.2368168500	-0.0009999500	0.0384118220	0.0062473926	-0.3649751200
-0.2344425200	-0.0009999500	0.0398618540	0.0061977803	-0.3870087600
-0.2318887600	-0.0009999500	0.0412610580	0.0063066956	-0.4062112300
-0.2291631800	-0.0009999500	0.0426063500	0.0062032118	-0.4176215200
-0.2262695700	-0.0009999500	0.0438997630	0.0060196769	-0.4260028000
-0.2232056400	-0.0009999500	0.0451476980	0.0059985161	-0.4312354600
-0.2199628700	-0.0009999500	0.0463531870	0.0059922102	-0.4332638400
-0.2165327100	-0.0009999500	0.0475188790	0.0058975987	-0.4337075900
-0.2129181200	-0.0009999500	0.0486453730	0.0057972005	-0.4318529700
-0.2091376500	-0.0009999500	0.0497267320	0.0056987122	-0.4287291500
-0.2052149800	-0.0009999500	0.0507568230	0.0055379558	-0.4247095900
-0.2011736500	-0.0009999500	0.0517331320	0.0053665086	-0.4202439500
-0.1970299600	-0.0009999500	0.0526552650	0.0052992157	-0.4152974200
-0.1927880300	-0.0009999500	0.0535246060	0.0052381634	-0.4092644200
-0.1884418600	-0.0009999500	0.0543451680	0.0051187705	-0.4036513000
-0.1839850200	-0.0009999500	0.0551206730	0.0050087760	-0.3974326300
-0.1794187000	-0.0009999500	0.0558517240	0.0049124617	-0.3912101400
-0.1747530400	-0.0009999500	0.0565378180	0.0047759330	-0.3851517700
-0.1699976500	-0.0009999500	0.0571794730	0.0046364321	-0.3791552200
-0.1651469500	-0.0009999500	0.0577787610	0.0045828624	-0.3730234200
-0.1601671900	-0.0009999500	0.0583399270	0.0045310508	-0.3664150500
-0.1549900800	-0.0009999500	0.0588695150	0.0044406874	-0.3600098800
-0.1495157200	-0.0009999500	0.0593743850	0.0043308414	-0.3536539400
-0.1436138300	-0.0009999500	0.0598593280	0.0042134093	-0.3462290500
-0.1371261200	-0.0009999500	0.0603261960	0.0041492074	-0.3383406400
-0.1306419400	-0.0009999500	0.0607286730	0.0040879308	-0.3313660000
-0.1246485300	-0.0009999500	0.0610473300	0.0040057877	-0.3247443100
-0.1190091800	-0.0009999500	0.0613029860	0.0039395256	-0.3186278900
-0.1136327500	-0.0009999500	0.0615090500	0.0038533630	-0.3127100800
-0.1084415200	-0.0009999500	0.0616749150	0.0037637722	-0.3075271200
-0.1033697300	-0.0009999500	0.0618068460	0.0037431914	-0.3022462700
-0.0983614100	-0.0009999500	0.0619090830	0.0037310415	-0.2967855000
-0.0933688430	-0.0009999500	0.0619844090	0.0036521394	-0.2918067000
-0.0883518760	-0.0009999500	0.0620344650	0.0035640349	-0.2868472000
-0.0832793270	-0.0009999500	0.0620598900	0.0035424051	-0.2817300600
-0.0781319440	-0.0009999500	0.0620606690	0.0035328338	-0.2764012200
-0.0729046990	-0.0009999500	0.0620365810	0.0034898087	-0.2710788000
-0.0676052640	-0.0009999500	0.0619875120	0.0034198707	-0.2656495600
-0.0622484090	-0.0009999500	0.0619136060	0.0033401659	-0.2604212500
-0.0568481760	-0.0009999500	0.0618151390	0.0033205662	-0.2551032300
-0.0514096580	-0.0009999500	0.0616924350	0.0033072389	-0.2496116000
-0.0459222090	-0.0009999500	0.0615454730	0.0032589884	-0.2442277800
-0.0403647610	-0.0009999500	0.0613737400	0.0032117788	-0.2387905700
-0.0347194560	-0.0009999500	0.0611764380	0.0031654710	-0.2332738300
-0.0289793410	-0.0009999500	0.0609528940	0.0031195091	-0.2276827500
-0.0231539720	-0.0009999500	0.0607031140	0.0030738065	-0.2220269000
-0.0172656230	-0.0009999500	0.0604279150	0.0030300321	-0.2162861700
-0.0113368320	-0.0009999500	0.0601284800	0.0029861189	-0.2105324000
-0.0053852657	-0.0009999500	0.0598059860	0.0029420799	-0.2047950900
0.0005828097	-0.0009999500	0.0594611690	0.0028976060	-0.1990362700
0.0065768580	-0.0009999500	0.0590938780	0.0028534847	-0.1932321900
0.0126244900	-0.0009999500	0.0587026480	0.0028119208	-0.1874135100
0.0187638140	-0.0009999500	0.0582848530	0.0027728593	-0.1814563600
0.0250394940	-0.0009999500	0.0578368600	0.0027158280	-0.1753833700
0.0314950050	-0.0009999500	0.0573545840	0.0026435870	-0.1691797200
0.0381594190	-0.0009999500	0.0568345450	0.0025967676	-0.1627281900
0.0450435910	-0.0009999500	0.0562744330	0.0025713112	-0.1561507900
0.0521351580	-0.0009999500	0.0556737590	0.0025478258	-0.1493208300
0.0594029720	-0.0009999500	0.0550339330	0.0025112465	-0.1423585100
0.0668035520	-0.0009999500	0.0543579940	0.0024630882	-0.1353266200
0.0742927640	-0.0009999500	0.0536496340	0.0024182774	-0.1281996100
0.0818375570	-0.0009999500	0.0529119820	0.0023579336	-0.1209953900
0.0894232690	-0.0009999500	0.0521467100	0.0022932378	-0.1138342100
0.0970548610	-0.0009999500	0.0513536300	0.0022684347	-0.1065938300
0.1047507200	-0.0009999500	0.0505310260	0.0022317928	-0.0992363910
0.1125318200	-0.0009999500	0.0496766270	0.0021705485	-0.0920217930
0.1204122300	-0.0009999500	0.0487887450	0.0021444910	-0.0846244840
0.1283959300	-0.0009999500	0.0478667320	0.0021200216	-0.0771065280
0.1364791100	-0.0009999500	0.0469108450	0.0020798345	-0.0696055740
0.1446531100	-0.0009999500	0.0459219370	0.0020269675	-0.0619394440
0.1529063100	-0.0009999500	0.0449013670	0.0019727781	-0.0542888860
0.1612245600	-0.0009999500	0.0438509660	0.0019503895	-0.0466144900
0.1695874800	-0.0009999500	0.0427734930	0.0019283827	-0.0389050800
0.1779670400	-0.0009999500	0.0416729150	0.0018905763	-0.0312886240
0.1863363400	-0.0009999500	0.0405533280	0.0018555329	-0.0236739030
0.1946768900	-0.0009999500	0.0394179190	0.0018216939	-0.0161247010
0.2029816400	-0.0009999500	0.0382683910	0.0017885105	-0.0086703170
0.2112532400	-0.0009999500	0.0371050980	0.0017568394	-0.0012748125
0.2194973700	-0.0009999500	0.0359279360	0.0017268110	0.0060417615
0.2277164500	-0.0009999500	0.0347371810	0.0016978795	0.0132557450
0.2359064800	-0.0009999500	0.0335340020	0.0016703833	0.0203929170
0.2440675500	-0.0009999500	0.0323189610	0.0016323355	0.0274941180
0.2521899000	-0.0009999500	0.0310941100	0.0015940088	0.0344530940
0.2602674700	-0.0009999500	0.0298609710	0.0015812220	0.0413493770
0.2683017800	-0.0009999500	0.0286198840	0.0015709148	0.0482411610
0.2763012600	-0.0009999500	0.0273700930	0.0015377014	0.0550380650
0.2842785400	-0.0009999500	0.0261100880	0.0015029334	0.0617431510
0.2922448200	-0.0009999500	0.0248384810	0.0014926708	0.0684067090
0.3002064500	-0.0009999500	0.0235545670	0.0014719579	0.0750485880
0.3081671300	-0.0009999500	0.0222580360	0.0014349300	0.0815777930
0.3161326600	-0.0009999500	0.0209481980	0.0014212012	0.0880654380
0.3241167700	-0.0009999500	0.0196229830	0.0014091678	0.0945426520
0.3321402100	-0.0009999500	0.0182790440	0.0013755151	0.1009875500
0.3402227800	-0.0009999500	0.0169130730	0.0013404647	0.1074111900
0.3483744600	-0.0009999500	0.0155233280	0.0013266725	0.1138363900
0.3565852000	-0.0009999500	0.0141114390	0.0013049428	0.1202786600
0.3648264700	-0.0009999500	0.0126823350	0.0012695956	0.1266751400
0.3730633000	-0.0009999500	0.0112422090	0.0012457992	0.1330389200
0.3812642700	-0.0009999500	0.0097968411	0.0012214721	0.1393103300
0.3894124300	-0.0009999500	0.0083495667	0.0012050229	0.1454818200
0.3975068600	-0.0009999500	0.0069009322	0.0011899211	0.1515893500
0.4055533700	-0.0009999500	0.0054502450	0.0011656344	0.1576075100
0.4135571400	-0.0009999500	0.0039968849	0.0011427461	0.1635580500
0.4215185300	-0.0009999500	0.0025410696	0.0011204605	0.1694394500
0.4294347800	-0.0009999500	0.0010835761	0.0010990563	0.1752708100
0.4373039000	-0.0009999500	-0.0003749419	0.0010786005	0.1810376900
0.4451272800	-0.0009999500	-0.0018344951	0.0010596661	0.1867357200
0.4529101600	-0.0009999500	-0.0032958230	0.0010340563	0.1923854200
0.4606580400	-0.0009999500	-0.0047597541	0.0010071089	0.1979932600
0.4683730300	-0.0009999500	-0.0062264968	0.0009953099	0.2035540000
0.4760527300	-0.0009999500	-0.0076954309	0.0009835847	0.2090719000
0.4836924400	-0.0009999500	-0.0091654882	0.0009638643	0.2145318100
0.4912891700	-0.0009999500	-0.0106359040	0.0009453273	0.2199486800
0.4988451000	-0.0009999500	-0.0121069290	0.0009269146	0.2253402000
0.5063679200	-0.0009999500	-0.0135799260	0.0009088541	0.2307065100
0.5138667800	-0.0009999500	-0.0150565640	0.0008915769	0.2360653400
1 2 
2 3 
3 4 
4 5 
5 6 
6 7 
7 8 
8 9 
9 10 
10 11 
11 12 
12 13 
13 14 
14 15 
15 16 
16 17 
17 18 
18 19 
19 20 
20 21 
21 22 
22 23 
23 24 
24 25 
25 26 
26 27 
27 28 
28 29 
29 30 
30 31 
31 32 
32 33 
33 34 
34 35 
35 36 
36 37 
37 38 
38 39 
39 40 
40 41 
41 42 
42 43 
43 44 
44 45 
45 46 
46 47 
47 48 
48 49 
49 50 
50 51 
51 52 
52 53 
53 54 
54 55 
55 56 
56 57 
57 58 
58 59 
59 60 
60 61 
61 62 
62 63 
63 64 
64 65 
65 66 
66 67 
67 68 
68 69 
69 70 
70 71 
71 72 
72 73 
73 74 
74 75 
75 76 
76 77 
77 78 
78 79 
79 80 
80 81 
81 82 
82 83 
83 84 
84 85 
85 86 
86 87 
87 88 
88 89 
89 90 
90 91 
91 92 
92 93 
93 94 
94 95 
95 96 
96 97 
97 98 
98 99 
99 100 
100 101 
101 102 
102 103 
103 104 
104 105 
105 106 
106 107 
107 108 
108 109 
109 110 
110 111 
111 112 
112 113 
113 114 
114 115 
115 116 
116 117 
117 118 
118 119 
119 120 
120 121 
121 122 
122 123 
123 124 
124 125 
125 126 
126 127 
127 128 
128 129 
129 130 
130 131 
131 132 
132 133 
133 134 
134 135 
135 136 
136 137 
137 138 
138 139 
139 140 
140 141 
141 142 
142 143 
143 144 
144 145 
145 146 
146 147 
147 148 
148 149 
149 150 
150 151 
151 152 
152 153 
153 154 
154 155 
155 156 
156 157 
157 158 
158 159 
159 160 
160 161 
161 162 
162 163 
163 164 
164 165 
165 166 
166 167 
167 168 
168 169 
169 170 
170 171 
171 172 
172 173 
173 174 
174 175 
175 176 
176 177 
177 178 
178 179 
179 180 
180 181 
181 182 
182 183 
183 184 
184 185 
185 186 
186 187 
187 188 
188 189 
189 190 
190 191 
191 192 
192 193 
193 194 
194 195 
195 196 
196 197 
197 198 
198 199 
199 200 
200 201 
201 202 
202 203 
203 204 
204 205 
205 206 
206 207 
207 208 
208 209 
209 210 
210 211 
211 212 
212 213 
213 214 
214 215 
215 216 
216 217 
217 218 
218 219 
219 220 
220 221 
221 222 
222 223 
223 224 
224 225 
225 226 
226 227 
227 228 
228 229 
229 230 
230 231 
231 232 
232 233 
233 234 
234 235 
235 236 
236 237 
237 238 
238 239 
239 240 
240 241 
241 242 
242 243 
243 244 
244 245 
245 246 
246 247 
247 248 
248 249 
249 250 
250 251 
251 252 
252 253 
253 254 
254 255 
255 256 
256 257 
257 258 
258 259 
259 260 
260 261 
261 262 
262 263 
263 264 
264 265 
265 266 
266 267 
267 268 
268 269 
269 270 
270 271 
271 272 
272 273 
273 274 
274 275 
275 276 
276 277 
277 278 
278 279 
279 280 
280 281 
281 282 
282 283 
283 284 
284 285 
285 286 
286 287 
287 288 
288 289 
289 290 
290 291 
291 292 
292 293 
293 294 
294 295 
295 296 
296 297 
297 298 
298 299 
299 300 
300 301 
301 302 
302 303 
303 304 
304 305 
305 306 
306 307 
307 308 
308 309 
309 310 
310 311 
311 312 
312 313 
313 314 
314 315 
315 316 
316 317 
317 318 
318 319 
319 320 
320 321 
321 322 
322 323 
323 324 
324 325 
325 326 
326 327 
327 328 
328 329 
329 330 
330 331 
331 332 
332 333 
333 334 
334 335 
335 336 
336 337 
337 338 
338 339 
339 340 
340 341 
341 342 
342 343 
343 344 
344 345 
345 346 
346 347 
347 348 
348 349 
349 350 
350 351 
351 352 
352 353 
353 354 
354 355 
355 356 
356 357 
357 358 
358 359 
359 360 
360 361 
361 362 
362 363 
363 364 
364 365 
365 366 
366 367 
367 368 
368 369 
369 370 
370 371 
371 372 
372 373 
373 374 
374 375 
375 376 
376 377 
377 378 
378 379 
379 380 
380 381 
381 382 
382 383 
383 384 
384 385 
385 386 
386 387 
387 388 
388 389 
389 390 
390 391 
391 392 
392 393 
393 394 
394 395 
395 396 
396 397 
397 398 
398 399 
399 400 
400 401 
401 402 
402 403 
403 404 
404 405 
ZONE T="Slice: Y=-0.035"
STRANDID=0, SOLUTIONTIME=0
Nodes=397, Elements=396, ZONETYPE=FELineSeg
DATAPACKING=POINT
DT=(DOUBLE DOUBLE DOUBLE DOUBLE DOUBLE )
0.6231004600	-0.0349999520	-0.0375185350	0.0009668390	0.3162529200
0.6289970300	-0.0349999520	-0.0387831000	0.0009370688	0.3211665700
0.6345897900	-0.0349999520	-0.0399876500	0.0009088867	0.3258682800
0.6358491800	-0.0349999520	-0.0402599910	0.0009023405	0.3269171400
0.6398374400	-0.0349999520	-0.0411224590	0.0008791055	0.3302565800
0.6432222700	-0.0349999520	-0.0418572020	0.0008612468	0.3331616200
0.6447323600	-0.0349999520	-0.0421850010	0.0008519084	0.3345985700
0.6487537600	-0.0349999520	-0.0430611480	0.0008285652	0.3381439400
0.6496231000	-0.0349999520	-0.0432505530	0.0008229440	0.3388833700
0.6535692800	-0.0349999520	-0.0441134420	0.0008028568	0.3423435400
0.6543443800	-0.0349999520	-0.0442829210	0.0007992053	0.3430643400
0.6581611600	-0.0349999520	-0.0451204480	0.0007803868	0.3472201200
0.6596724400	-0.0349999520	-0.0454526690	0.0007746383	0.3484075400
0.6663736700	-0.0349999520	-0.0469300970	0.0007450243	0.3538710800
0.6666246700	-0.0349999520	-0.0469856000	0.0007435737	0.3541252900
0.6731620400	-0.0349999520	-0.0484347380	0.0007107787	0.3601349000
0.6736115800	-0.0349999520	-0.0485346350	0.0007084733	0.3604999800
0.6796643700	-0.0349999520	-0.0498837200	0.0006716035	0.3665110500
0.6810739000	-0.0349999520	-0.0501982790	0.0006642123	0.3676297400
0.6829329700	-0.0349999520	-0.0506144910	0.0006531498	0.3695814600
0.6880112300	-0.0349999520	-0.0517537440	0.0006288223	0.3747998800
0.6886602000	-0.0349999520	-0.0518995000	0.0006257502	0.3754341600
0.6892273400	-0.0349999520	-0.0520272850	0.0006220419	0.3760667400
0.6938705400	-0.0349999520	-0.0530738120	0.0005934288	0.3810639100
0.7008290900	-0.0349999520	-0.0546497890	0.0005561324	0.3877632900
0.7011336100	-0.0349999520	-0.0547187630	0.0005542647	0.3880459100
0.7015534000	-0.0349999520	-0.0548142870	0.0005516366	0.3885319800
0.7075822900	-0.0349999520	-0.0561872610	0.0005083784	0.3954349500
0.7138047200	-0.0349999520	-0.0576114210	0.0004653787	0.4024785800
0.7188634900	-0.0349999520	-0.0587753770	0.0004287323	0.4079580300
0.7208175700	-0.0349999520	-0.0592250970	0.0004134584	0.4100610900
0.7265163700	-0.0349999520	-0.0605431760	0.0003685901	0.4165687900
0.7301182200	-0.0349999520	-0.0613794360	0.0003318040	0.4214455200
0.7331193700	-0.0349999520	-0.0620781220	0.0003039420	0.4253363000
0.7356200200	-0.0349999520	-0.0626616250	0.0002799351	0.4286684400
0.7377037400	-0.0349999520	-0.0631487590	0.0002589969	0.4314956100
0.7394399600	-0.0349999520	-0.0635553080	0.0002400823	0.4338932600
0.7408867500	-0.0349999520	-0.0638945180	0.0002228508	0.4359247700
0.7420923700	-0.0349999520	-0.0641774760	0.0002071858	0.4376569700
0.7430969500	-0.0349999520	-0.0644134880	0.0001931648	0.4391298600
0.7439340900	-0.0349999520	-0.0646103100	0.0001805393	0.4403730000
0.7446317100	-0.0349999520	-0.0647744460	0.0001686055	0.4414046100
0.7452129700	-0.0349999520	-0.0649112980	0.0001564606	0.4422349600
0.7456973800	-0.0349999520	-0.0650253890	0.0001464623	0.4428829800
0.7461010800	-0.0349999520	-0.0651204960	0.0001562451	0.4433518100
0.7464374300	-0.0349999520	-0.0651997700	0.0002743141	0.4436418100
0.7467177500	-0.0349999520	-0.0652658420	0.0007102248	0.4425767700
0.7469513400	-0.0349999520	-0.0653209090	0.0015862299	0.4325299300
0.7471460100	-0.0349999520	-0.0653668050	0.0022537964	0.4270224900
0.7469463300	-0.0349999520	-0.0653782040	0.0017860973	0.4364750700
0.7467067200	-0.0349999520	-0.0653918760	0.0009591893	0.4427351700
0.7464191900	-0.0349999520	-0.0654082670	0.0006956644	0.4429020300
0.7460741400	-0.0349999520	-0.0654279290	0.0006824770	0.4424994900
0.7456601300	-0.0349999520	-0.0654514950	0.0007125950	0.4415442000
0.7451632600	-0.0349999520	-0.0654797410	0.0007407167	0.4402763800
0.7445670400	-0.0349999520	-0.0655135660	0.0007634626	0.4387596200
0.7438515400	-0.0349999520	-0.0655540670	0.0007849916	0.4370215800
0.7429929400	-0.0349999520	-0.0656025260	0.0008074520	0.4350490600
0.7419626100	-0.0349999520	-0.0656604990	0.0008314230	0.4328126300
0.7407261700	-0.0349999520	-0.0657298190	0.0008570725	0.4302737100
0.7392424900	-0.0349999520	-0.0658126470	0.0008845416	0.4273907200
0.7374619800	-0.0349999520	-0.0659115240	0.0009140711	0.4241116300
0.7353254000	-0.0349999520	-0.0660294290	0.0009459577	0.4203831000
0.7327613800	-0.0349999520	-0.0661698280	0.0009803073	0.4161674700
0.7296845300	-0.0349999520	-0.0663367510	0.0010190858	0.4113499500
0.7259921400	-0.0349999520	-0.0665348540	0.0010704238	0.4055498200
0.7198447600	-0.0349999520	-0.0668593350	0.0011306626	0.3979976500
0.7189244600	-0.0349999520	-0.0669069070	0.0011391737	0.3969286400
0.7126574500	-0.0349999520	-0.0672303810	0.0011931509	0.3895430600
0.7057220900	-0.0349999520	-0.0675800140	0.0012482195	0.3819564600
0.6992238200	-0.0349999520	-0.0679001290	0.0012899559	0.3754994900
0.6944769000	-0.0349999520	-0.0681295100	0.0013285612	0.3703505700
0.6940150900	-0.0349999520	-0.0681516900	0.0013316407	0.3698647300
0.6888325800	-0.0349999520	-0.0683975290	0.0013548769	0.3656200800
0.6848318600	-0.0349999520	-0.0685840990	0.0013800687	0.3619636600
0.6843291500	-0.0349999520	-0.0686075310	0.0013832697	0.3614974900
0.6841262600	-0.0349999520	-0.0686168520	0.0013841910	0.3613521800
0.6795187600	-0.0349999520	-0.0688281280	0.0014079412	0.3576902200
0.6773724000	-0.0349999520	-0.0689252610	0.0014197608	0.3557953500
0.6732337500	-0.0349999520	-0.0691107510	0.0014430766	0.3525361100
0.6725682000	-0.0349999520	-0.0691403750	0.0014464822	0.3520150800
0.6682279100	-0.0349999520	-0.0693313700	0.0014694922	0.3486594000
0.6667944800	-0.0349999520	-0.0693938140	0.0014759048	0.3475472000
0.6615759700	-0.0349999520	-0.0696179490	0.0014980656	0.3440367900
0.6599674200	-0.0349999520	-0.0696867780	0.0015069786	0.3429382700
0.6583537500	-0.0349999520	-0.0697545110	0.0015135690	0.3416117100
0.6549822100	-0.0349999520	-0.0698960420	0.0015281855	0.3388499000
0.6525321600	-0.0349999520	-0.0699968340	0.0015414110	0.3372022200
0.6492052100	-0.0349999520	-0.0701336940	0.0015589201	0.3349492500
0.6458985200	-0.0349999520	-0.0702664780	0.0015737323	0.3329002600
0.6422627600	-0.0349999520	-0.0704124790	0.0015898257	0.3306483000
0.6383640200	-0.0349999520	-0.0705648880	0.0016052408	0.3282328500
0.6352654100	-0.0349999520	-0.0706860200	0.0016175204	0.3263213600
0.6293893500	-0.0349999520	-0.0709095900	0.0016408528	0.3227492600
0.6284862200	-0.0349999520	-0.0709439520	0.0016443289	0.3222023800
0.6218742700	-0.0349999520	-0.0711888890	0.0016683263	0.3182907100
0.6153745700	-0.0349999520	-0.0714233220	0.0016919159	0.3145581800
0.6114742200	-0.0349999520	-0.0715602640	0.0017052460	0.3123922000
0.6089287400	-0.0349999520	-0.0716496410	0.0017135349	0.3109785000
0.6024917400	-0.0349999520	-0.0718695740	0.0017342263	0.3075089500
0.5960293400	-0.0349999520	-0.0720843000	0.0017547082	0.3041169000
0.5895202800	-0.0349999520	-0.0722944590	0.0017749080	0.3007838700
0.5829501700	-0.0349999520	-0.0725004080	0.0017948435	0.2974989400
0.5763068200	-0.0349999520	-0.0727023710	0.0018145768	0.2942545700
0.5695772800	-0.0349999520	-0.0729005410	0.0018341519	0.2910445600
0.5627446800	-0.0349999520	-0.0730951730	0.0018536361	0.2878595600
0.5557922700	-0.0349999520	-0.0732864510	0.0018731338	0.2846893400
0.5487078400	-0.0349999520	-0.0734743700	0.0018926844	0.2815291600
0.5414887700	-0.0349999520	-0.0736586000	0.0019122512	0.2783785200
0.5341487500	-0.0349999520	-0.0738384430	0.0019317800	0.2752436400
0.5267151600	-0.0349999520	-0.0740129050	0.0019511976	0.2721353200
0.5192170100	-0.0349999520	-0.0741810580	0.0019704396	0.2690639800
0.5116720800	-0.0349999520	-0.0743423400	0.0019895329	0.2660348400
0.5040807100	-0.0349999520	-0.0744965970	0.0020085721	0.2630467700
0.4964275700	-0.0349999520	-0.0746439470	0.0020276229	0.2600937200
0.4886894500	-0.0349999520	-0.0747845920	0.0020467302	0.2571679100
0.4808457500	-0.0349999520	-0.0749185680	0.0020659448	0.2542626000
0.4728908200	-0.0349999520	-0.0750455780	0.0020852601	0.2513747800
0.4648405900	-0.0349999520	-0.0751649890	0.0021045737	0.2485102300
0.4567296200	-0.0349999520	-0.0752759580	0.0021237797	0.2456811800
0.4486037800	-0.0349999520	-0.0753776730	0.0021427973	0.2429032200
0.4405099700	-0.0349999520	-0.0754695090	0.0021615334	0.2401906300
0.4324779500	-0.0349999520	-0.0755512040	0.0021799778	0.2375509900
0.4245114900	-0.0349999520	-0.0756228790	0.0021982252	0.2349853200
0.4165967400	-0.0349999520	-0.0756847630	0.0022163405	0.2324894400
0.4087123000	-0.0349999520	-0.0757370740	0.0022343080	0.2300563800
0.4008385500	-0.0349999520	-0.0757799070	0.0022521254	0.2276797000
0.3929646300	-0.0349999520	-0.0758132340	0.0022698227	0.2253555200
0.3850894600	-0.0349999520	-0.0758369270	0.0022873994	0.2230820400
0.3772146100	-0.0349999520	-0.0758508590	0.0023048252	0.2208610000
0.3693341900	-0.0349999520	-0.0758548900	0.0023221651	0.2186913500
0.3614305900	-0.0349999520	-0.0758488180	0.0023395615	0.2165761900
0.3534763800	-0.0349999520	-0.0758323370	0.0023570855	0.2145013400
0.3454417600	-0.0349999520	-0.0758049410	0.0023747760	0.2124542900
0.3373050100	-0.0349999520	-0.0757659970	0.0023926581	0.2104420100
0.3290645500	-0.0349999520	-0.0757148710	0.0024106987	0.2084656700
0.3207419500	-0.0349999520	-0.0756510650	0.0024287462	0.2065325200
0.3123768000	-0.0349999520	-0.0755743610	0.0024465855	0.2046546900
0.3040194500	-0.0349999520	-0.0754848870	0.0024641564	0.2028440400
0.2957090400	-0.0349999520	-0.0753829260	0.0024815358	0.2011092600
0.2874583000	-0.0349999520	-0.0752686040	0.0024987748	0.1994545300
0.2792537800	-0.0349999520	-0.0751416830	0.0025159550	0.1978780000
0.2710678000	-0.0349999520	-0.0750016050	0.0025332151	0.1963755900
0.2628790700	-0.0349999520	-0.0748477500	0.0025505462	0.1949452000
0.2546856100	-0.0349999520	-0.0746797170	0.0025677156	0.1935875400
0.2465146200	-0.0349999520	-0.0744977740	0.0025845019	0.1923078700
0.2384106200	-0.0349999520	-0.0743028070	0.0026008823	0.1911121600
0.2304104000	-0.0349999520	-0.0740958230	0.0026169421	0.1900062100
0.2225281700	-0.0349999520	-0.0738774170	0.0026326313	0.1889913100
0.2147432400	-0.0349999520	-0.0736472610	0.0026478490	0.1880639300
0.2070556000	-0.0349999520	-0.0734055410	0.0026629429	0.1872216000
0.1993801400	-0.0349999520	-0.0731495470	0.0026784094	0.1864592400
0.1916299300	-0.0349999520	-0.0728757900	0.0026942420	0.1857702700
0.1837428800	-0.0349999520	-0.0725810530	0.0027102535	0.1851525200
0.1756954000	-0.0349999520	-0.0722630840	0.0027264123	0.1846095500
0.1674965300	-0.0349999520	-0.0719207450	0.0027426614	0.1841488000
0.1591712200	-0.0349999520	-0.0715535660	0.0027588450	0.1837817700
0.1507507300	-0.0349999520	-0.0711615530	0.0027750045	0.1835168900
0.1422631000	-0.0349999520	-0.0707447900	0.0027913571	0.1833604300
0.1337314700	-0.0349999520	-0.0703033060	0.0028078008	0.1833201500
0.1251854700	-0.0349999520	-0.0698376670	0.0028239955	0.1834017200
0.1166624900	-0.0349999520	-0.0693492000	0.0028398481	0.1836062700
0.1082074700	-0.0349999520	-0.0688401240	0.0028553619	0.1839315300
0.0998676490	-0.0349999520	-0.0683132630	0.0028703162	0.1843800800
0.0916786420	-0.0349999520	-0.0677712490	0.0028846185	0.1849514700
0.0836630390	-0.0349999520	-0.0672162700	0.0028985326	0.1856380400
0.0758288650	-0.0349999520	-0.0666497350	0.0029122101	0.1864367900
0.0681683270	-0.0349999520	-0.0660719280	0.0029255387	0.1873475300
0.0606634210	-0.0349999520	-0.0654822740	0.0029385872	0.1883692300
0.0532937570	-0.0349999520	-0.0648798350	0.0029515818	0.1894969600
0.0460443680	-0.0349999520	-0.0642638580	0.0029643835	0.1907308700
0.0389131460	-0.0349999520	-0.0636345600	0.0029765240	0.1920775300
0.0319123790	-0.0349999520	-0.0629935260	0.0029879095	0.1935282500
0.0250616280	-0.0349999520	-0.0623432360	0.0029988415	0.1950731600
0.0183798130	-0.0349999520	-0.0616863780	0.0030092831	0.1967096800
0.0118826610	-0.0349999520	-0.0610255560	0.0030189850	0.1984303600
0.0055768774	-0.0349999520	-0.0603626930	0.0030281035	0.2002218200
-0.0005443011	-0.0349999520	-0.0596983660	0.0030371059	0.2020789200
-0.0064988718	-0.0349999520	-0.0590318030	0.0030461919	0.2040120100
-0.0123192000	-0.0349999520	-0.0583602790	0.0030550504	0.2060373300
-0.0180419440	-0.0349999520	-0.0576801370	0.0030634119	0.2081609700
-0.0236947200	-0.0349999520	-0.0569883920	0.0030714762	0.2103857500
-0.0292967090	-0.0349999520	-0.0562827550	0.0030794938	0.2127197200
-0.0348538830	-0.0349999520	-0.0555623700	0.0030871987	0.2151677800
-0.0403589790	-0.0349999520	-0.0548280250	0.0030941020	0.2177324600
-0.0457982230	-0.0349999520	-0.0540815670	0.0031003003	0.2203935800
-0.0511575150	-0.0349999520	-0.0533251240	0.0031063599	0.2231503300
-0.0564287340	-0.0349999520	-0.0525601990	0.0031123436	0.2260294000
-0.0616159480	-0.0349999520	-0.0517865080	0.0031178540	0.2290353000
-0.0667349770	-0.0349999520	-0.0510018880	0.0031227782	0.2321709400
-0.0718055670	-0.0349999520	-0.0502033200	0.0031271166	0.2354477900
-0.0768452360	-0.0349999520	-0.0493878570	0.0031311518	0.2388759400
-0.0818668530	-0.0349999520	-0.0485530050	0.0031351630	0.2424653200
-0.0868795890	-0.0349999520	-0.0476965460	0.0031388276	0.2462249700
-0.0918912370	-0.0349999520	-0.0468163160	0.0031416503	0.2502076000
-0.0969100590	-0.0349999520	-0.0459099000	0.0031434767	0.2544394100
-0.1019455100	-0.0349999520	-0.0449744800	0.0031448791	0.2589160800
-0.1070088300	-0.0349999520	-0.0440065260	0.0031458598	0.2636838000
-0.1121149400	-0.0349999520	-0.0430012940	0.0031453498	0.2687861600
-0.1172852800	-0.0349999520	-0.0419522640	0.0031426916	0.2742828100
-0.1225502900	-0.0349999520	-0.0408503340	0.0031391150	0.2802426500
-0.1279503600	-0.0349999520	-0.0396830700	0.0031363041	0.2867657500
-0.1335367600	-0.0349999520	-0.0384336450	0.0031370077	0.2940450000
-0.1393646400	-0.0349999520	-0.0370820050	0.0031467698	0.3023327000
-0.1455147600	-0.0349999520	-0.0355989000	0.0031519001	0.3116165100
-0.1517265700	-0.0349999520	-0.0340372770	0.0031277430	0.3214884400
-0.1574147200	-0.0349999520	-0.0325465350	0.0030874326	0.3316898600
-0.1626929300	-0.0349999520	-0.0311073200	0.0030610146	0.3421453500
-0.1676515000	-0.0349999520	-0.0297024190	0.0030455790	0.3527642500
-0.1723669500	-0.0349999520	-0.0283147510	0.0030283637	0.3637462600
-0.1769004000	-0.0349999520	-0.0269293490	0.0030118354	0.3753418900
-0.1812997200	-0.0349999520	-0.0255331940	0.0029848418	0.3873169400
-0.1856008200	-0.0349999520	-0.0241144060	0.0029346437	0.3996700000
-0.1894869100	-0.0349999520	-0.0227822770	0.0028511659	0.4131648500
-0.1940472900	-0.0349999520	-0.0211528820	0.0028336923	0.4288007900
-0.1981106700	-0.0349999520	-0.0196347760	0.0028518103	0.4451953500
-0.2018723200	-0.0349999520	-0.0181668160	0.0027387340	0.4622457600
-0.2059553300	-0.0349999520	-0.0164969320	0.0026250807	0.4821195000
-0.2084012800	-0.0349999520	-0.0154476880	0.0025863967	0.4949895700
-0.2108809500	-0.0349999520	-0.0143572740	0.0025501187	0.5099838400
-0.2148876500	-0.0349999520	-0.0125065460	0.0024419460	0.5370851200
-0.2172371100	-0.0349999520	-0.0113690640	0.0024034589	0.5534353900
-0.2220555200	-0.0349999520	-0.0088811265	0.0023329447	0.5936955200
-0.2231457800	-0.0349999520	-0.0083034905	0.0023145968	0.6041526800
-0.2267791800	-0.0349999520	-0.0062047765	0.0021792805	0.6458433300
-0.2277629400	-0.0349999520	-0.0056356606	0.0021461271	0.6570000100
-0.2279291600	-0.0349999520	-0.0055304565	0.0021431921	0.6589707100
-0.2326245200	-0.0349999520	-0.0024832087	0.0020421156	0.7157039000
-0.2327475400	-0.0349999520	-0.0023964830	0.0020345640	0.7176832600
-0.2358626600	-0.0349999520	-0.0000950477	0.0018304553	0.7637488800
-0.2366305700	-0.0349999520	0.0004944814	0.0017956919	0.7754710900
-0.2379287000	-0.0349999520	0.0015602049	0.0016868776	0.8069067600
-0.2391367100	-0.0349999520	0.0026086078	0.0016358402	0.8323643800
-0.2403125500	-0.0349999520	0.0036927934	0.0015363137	0.8594227400
-0.2414513200	-0.0349999520	0.0048156367	0.0014312618	0.8867857500
-0.2425478100	-0.0349999520	0.0059796064	0.0012951093	0.9142541900
-0.2435963900	-0.0349999520	0.0071866820	0.0011249165	0.9410291900
-0.2445894200	-0.0349999520	0.0084394319	0.0009159427	0.9660280900
-0.2455177200	-0.0349999520	0.0097426130	0.0006644700	0.9872949700
-0.2463688900	-0.0349999520	0.0110974170	0.0003654917	1.0022342000
-0.2471306000	-0.0349999520	0.0125044700	0.0000611552	1.0073071000
-0.2477897600	-0.0349999520	0.0139623860	-0.0002015514	0.9970739500
-0.2483317400	-0.0349999520	0.0154677920	-0.0003829493	0.9682188600
-0.2487405100	-0.0349999520	0.0170146950	-0.0004554304	0.9183622600
-0.2490008900	-0.0349999520	0.0185933650	-0.0003577633	0.8419914800
-0.2491054700	-0.0349999520	0.0201899450	0.0000082188	0.7364192600
-0.2490486800	-0.0349999520	0.0217889360	0.0006288696	0.6020638300
-0.2488270000	-0.0349999520	0.0233735050	0.0014110438	0.4571415200
-0.2484465700	-0.0349999520	0.0249276200	0.0023025230	0.3087696400
-0.2479150900	-0.0349999520	0.0264367700	0.0031994038	0.1560836300
-0.2472440700	-0.0349999520	0.0278892630	0.0039575869	0.0140711800
-0.2464500400	-0.0349999520	0.0292783290	0.0045844137	-0.1111540500
-0.2455485500	-0.0349999520	0.0306001900	0.0051199042	-0.2171957600
-0.2445538500	-0.0349999520	0.0318534110	0.0055392790	-0.3032751400
-0.2434797600	-0.0349999520	0.0330393090	0.0058424981	-0.3704613700
-0.2423390300	-0.0349999520	0.0341612360	0.0060785874	-0.4216100000
-0.2411439100	-0.0349999520	0.0352229890	0.0063140127	-0.4607493900
-0.2399021200	-0.0349999520	0.0362301690	0.0065164309	-0.4909901300
-0.2386200000	-0.0349999520	0.0371857700	0.0066456556	-0.5140678900
-0.2373031100	-0.0349999520	0.0380931910	0.0066810601	-0.5296502100
-0.2359565800	-0.0349999520	0.0389562880	0.0065044431	-0.5399702200
-0.2345850000	-0.0349999520	0.0397792420	0.0065222915	-0.5469546300
-0.2331218900	-0.0349999520	0.0406039730	0.0066903278	-0.5542822500
-0.2322899400	-0.0349999520	0.0410386250	0.0067117499	-0.5551400200
-0.2290921100	-0.0349999520	0.0426377910	0.0069299820	-0.5527911800
-0.2289100400	-0.0349999520	0.0427237340	0.0069402439	-0.5525016200
-0.2260699600	-0.0349999520	0.0439813440	0.0069030459	-0.5468168300
-0.2233637600	-0.0349999520	0.0450560490	0.0067186521	-0.5415672100
-0.2213157100	-0.0349999520	0.0458614710	0.0065517332	-0.5384463700
-0.2184394000	-0.0349999520	0.0468687270	0.0064972410	-0.5305770600
-0.2164519100	-0.0349999520	0.0475395660	0.0064422689	-0.5246751900
-0.2121792700	-0.0349999520	0.0488561240	0.0063681036	-0.5108819000
-0.2099430100	-0.0349999520	0.0494964050	0.0063404047	-0.5044730300
-0.2061766100	-0.0349999520	0.0505068530	0.0061382789	-0.4937035100
-0.2033835800	-0.0349999520	0.0512009970	0.0060365128	-0.4853265600
-0.2009863100	-0.0349999520	0.0517761780	0.0060352005	-0.4793382900
-0.1966634100	-0.0349999520	0.0527331790	0.0059994197	-0.4690400400
-0.1929338400	-0.0349999520	0.0534958690	0.0058809632	-0.4593727000
-0.1885622700	-0.0349999520	0.0543233040	0.0057617784	-0.4492105800
-0.1839850200	-0.0349999520	0.0551206730	0.0056726160	-0.4385997400
-0.1794187000	-0.0349999520	0.0558517240	0.0055656401	-0.4288659100
-0.1747530400	-0.0349999520	0.0565378180	0.0054767796	-0.4195255300
-0.1699976500	-0.0349999520	0.0571794730	0.0053952116	-0.4101160800
-0.1651469500	-0.0349999520	0.0577787610	0.0053166844	-0.4013674000
-0.1601671900	-0.0349999520	0.0583399270	0.0052391922	-0.3928628900
-0.1549900800	-0.0349999520	0.0588695150	0.0051609608	-0.3844037100
-0.1495157200	-0.0349999520	0.0593743850	0.0050977143	-0.3758260000
-0.1436138300	-0.0349999520	0.0598593280	0.0050551291	-0.3668104100
-0.1371261200	-0.0349999520	0.0603261960	0.0049969563	-0.3574523600
-0.1306419400	-0.0349999520	0.0607286730	0.0049029137	-0.3487437100
-0.1246485300	-0.0349999520	0.0610473300	0.0048066823	-0.3410212400
-0.1190091800	-0.0349999520	0.0613029860	0.0047338409	-0.3338239800
-0.1136327500	-0.0349999520	0.0615090500	0.0046770549	-0.3270494000
-0.1084415200	-0.0349999520	0.0616749150	0.0046269627	-0.3207292900
-0.1033697300	-0.0349999520	0.0618068460	0.0045795254	-0.3147548700
-0.0983614100	-0.0349999520	0.0619090830	0.0045325083	-0.3089357900
-0.0933688430	-0.0349999520	0.0619844090	0.0044857776	-0.3031858500
-0.0883518760	-0.0349999520	0.0620344650	0.0044406231	-0.2974971200
-0.0832793270	-0.0349999520	0.0620598900	0.0043967411	-0.2918518500
-0.0781319440	-0.0349999520	0.0620606690	0.0043524435	-0.2862039800
-0.0729046990	-0.0349999520	0.0620365810	0.0043074857	-0.2805317600
-0.0676052640	-0.0349999520	0.0619875120	0.0042626538	-0.2748668800
-0.0622484090	-0.0349999520	0.0619136060	0.0042180300	-0.2692138000
-0.0568481760	-0.0349999520	0.0618151390	0.0041731151	-0.2635549300
-0.0514096580	-0.0349999520	0.0616924350	0.0041281441	-0.2578801500
-0.0459222090	-0.0349999520	0.0615454730	0.0040839122	-0.2521954500
-0.0403647610	-0.0349999520	0.0613737400	0.0040406745	-0.2464755000
-0.0347194560	-0.0349999520	0.0611764380	0.0039978371	-0.2406972100
-0.0289793410	-0.0349999520	0.0609528940	0.0039547040	-0.2348555000
-0.0231539720	-0.0349999520	0.0607031140	0.0039111465	-0.2289766700
-0.0172656230	-0.0349999520	0.0604279150	0.0038674537	-0.2230852100
-0.0113368320	-0.0349999520	0.0601284800	0.0038239399	-0.2171791200
-0.0053852657	-0.0349999520	0.0598059860	0.0037804998	-0.2112571600
0.0005828097	-0.0349999520	0.0594611690	0.0037370374	-0.2053181100
0.0065768580	-0.0349999520	0.0590938780	0.0036937953	-0.1993558300
0.0126244900	-0.0349999520	0.0587026480	0.0036510145	-0.1933476000
0.0187638140	-0.0349999520	0.0582848530	0.0036084624	-0.1872603400
0.0250394940	-0.0349999520	0.0578368600	0.0035657050	-0.1810486200
0.0314950050	-0.0349999520	0.0573545840	0.0035225610	-0.1746905000
0.0381594190	-0.0349999520	0.0568345450	0.0034789051	-0.1681698300
0.0450435910	-0.0349999520	0.0562744330	0.0034345141	-0.1614611100
0.0521351580	-0.0349999520	0.0556737590	0.0033890449	-0.1545588400
0.0594029720	-0.0349999520	0.0550339330	0.0033424624	-0.1474883900
0.0668035520	-0.0349999520	0.0543579940	0.0032952406	-0.1402995000
0.0742927640	-0.0349999520	0.0536496340	0.0032478790	-0.1330355300
0.0818375570	-0.0349999520	0.0529119820	0.0032005581	-0.1257289500
0.0894232690	-0.0349999520	0.0521467100	0.0031535072	-0.1183992300
0.0970548610	-0.0349999520	0.0513536300	0.0031071325	-0.1110573700
0.1047507200	-0.0349999520	0.0505310260	0.0030614518	-0.1036916000
0.1125318200	-0.0349999520	0.0496766270	0.0030159823	-0.0962748380
0.1204122300	-0.0349999520	0.0487887450	0.0029703795	-0.0887834880
0.1283959300	-0.0349999520	0.0478667320	0.0029247729	-0.0812111500
0.1364791100	-0.0349999520	0.0469108450	0.0028792905	-0.0735689250
0.1446531100	-0.0349999520	0.0459219370	0.0028338442	-0.0658688470
0.1529063100	-0.0349999520	0.0449013670	0.0027885803	-0.0581261370
0.1612245600	-0.0349999520	0.0438509660	0.0027438298	-0.0503656860
0.1695874800	-0.0349999520	0.0427734930	0.0026996345	-0.0426162070
0.1779670400	-0.0349999520	0.0416729150	0.0026559246	-0.0349018200
0.1863363400	-0.0349999520	0.0405533280	0.0026128665	-0.0272465680
0.1946768900	-0.0349999520	0.0394179190	0.0025706575	-0.0196623990
0.2029816400	-0.0349999520	0.0382683910	0.0025292701	-0.0121483170
0.2112532400	-0.0349999520	0.0371050980	0.0024886434	-0.0047011715
0.2194973700	-0.0349999520	0.0359279360	0.0024488425	0.0026798935
0.2277164500	-0.0349999520	0.0347371810	0.0024098803	0.0099907489
0.2359064800	-0.0349999520	0.0335340020	0.0023716726	0.0172285750
0.2440675500	-0.0349999520	0.0323189610	0.0023342122	0.0243866240
0.2521899000	-0.0349999520	0.0310941100	0.0022975991	0.0314525890
0.2602674700	-0.0349999520	0.0298609710	0.0022618699	0.0384195930
0.2683017800	-0.0349999520	0.0286198840	0.0022269134	0.0452912600
0.2763012600	-0.0349999520	0.0273700930	0.0021926208	0.0520799380
0.2842785400	-0.0349999520	0.0261100880	0.0021589506	0.0588019230
0.2922448200	-0.0349999520	0.0248384810	0.0021258215	0.0654700170
0.3002064500	-0.0349999520	0.0235545670	0.0020931170	0.0720889340
0.3081671300	-0.0349999520	0.0222580360	0.0020608062	0.0786613080
0.3161326600	-0.0349999520	0.0209481980	0.0020289166	0.0851921890
0.3241167700	-0.0349999520	0.0196229830	0.0019974138	0.0916941310
0.3321402100	-0.0349999520	0.0182790440	0.0019662601	0.0981821050
0.3402227800	-0.0349999520	0.0169130730	0.0019354889	0.1046639700
0.3483744600	-0.0349999520	0.0155233280	0.0019051092	0.1111387600
0.3565852000	-0.0349999520	0.0141114390	0.0018750186	0.1175949600
0.3648264700	-0.0349999520	0.0126823350	0.0018451332	0.1240156100
0.3730633000	-0.0349999520	0.0112422090	0.0018155351	0.1303818800
0.3812642700	-0.0349999520	0.0097968411	0.0017863736	0.1366772800
0.3894124300	-0.0349999520	0.0083495667	0.0017577091	0.1428934200
0.3975068600	-0.0349999520	0.0069009322	0.0017295222	0.1490300700
0.4055533700	-0.0349999520	0.0054502450	0.0017017978	0.1550960500
0.4135571400	-0.0349999520	0.0039968849	0.0016745028	0.1610976500
0.4215185300	-0.0349999520	0.0025410696	0.0016475582	0.1670364700
0.4294347800	-0.0349999520	0.0010835761	0.0016209786	0.1729143600
0.4373039000	-0.0349999520	-0.0003749419	0.0015948569	0.1787280100
0.4451272800	-0.0349999520	-0.0018344951	0.0015691873	0.1844765200
0.4529101600	-0.0349999520	-0.0032958230	0.0015439041	0.1901647300
0.4606580400	-0.0349999520	-0.0047597541	0.0015189650	0.1957982900
0.4683730300	-0.0349999520	-0.0062264968	0.0014943236	0.2013831100
0.4760527300	-0.0349999520	-0.0076954309	0.0014699090	0.2069212900
0.4836924400	-0.0349999520	-0.0091654882	0.0014456556	0.2124139200
0.4912891700	-0.0349999520	-0.0106359040	0.0014215278	0.2178665400
0.4988451000	-0.0349999520	-0.0121069290	0.0013975067	0.2232887400
0.5063679200	-0.0349999520	-0.0135799260	0.0013735612	0.2286885700
0.5138667800	-0.0349999520	-0.0150565640	0.0013496460	0.2340746800
0.5213446000	-0.0349999520	-0.0165373310	0.0013257311	0.2394540300
0.5287907100	-0.0349999520	-0.0180200410	0.0013017795	0.2448213700
0.5361785900	-0.0349999520	-0.0194992590	0.0012778087	0.2501627800
0.5434724100	-0.0349999520	-0.0209675790	0.0012539025	0.2554566300
0.5506414800	-0.0349999520	-0.0224184820	0.0012301394	0.2606875300
0.5576724400	-0.0349999520	-0.0238488560	0.0012065554	0.2658482800
0.5645709000	-0.0349999520	-0.0252594630	0.0011831402	0.2709452200
0.5713553400	-0.0349999520	-0.0266536960	0.0011598629	0.2759944200
0.5780492400	-0.0349999520	-0.0280361230	0.0011365898	0.2810123000
0.5846750100	-0.0349999520	-0.0294111560	0.0011131863	0.2860223400
0.5912478000	-0.0349999520	-0.0307817810	0.0010896200	0.2910394400
0.5977743300	-0.0349999520	-0.0321493150	0.0010658784	0.2960705500
0.6042514400	-0.0349999520	-0.0335129720	0.0010419635	0.3011171500
0.6106615100	-0.0349999520	-0.0348689220	0.0010178316	0.3061737700
0.6169644600	-0.0349999520	-0.0362084660	0.0009933646	0.3112266700
0.6194340600	-0.0349999520	-0.0367357430	0.0009831707	0.3132483400
0.6231004600	-0.0349999520	-0.0375185350	0.0009668390	0.3162529200
1 2 
2 3 
3 4 
4 5 
5 6 
6 7 
7 8 
8 9 
9 10 
10 11 
11 12 
12 13 
13 14 
14 15 
15 16 
16 17 
17 18 
18 19 
19 20 
20 21 
21 22 
22 23 
23 24 
24 25 
25 26 
26 27 
27 28 
28 29 
29 30 
30 31 
31 32 
32 33 
33 34 
34 35 
35 36 
36 37 
37 38 
38 39 
39 40 
40 41 
41 42 
42 43 
43 44 
44 45 
45 46 
46 47 
47 48 
48 49 
49 50 
50 51 
51 52 
52 53 
53 54 
54 55 
55 56 
56 57 
57 58 
58 59 
59 60 
60 61 
61 62 
62 63 
63 64 
64 65 
65 66 
66 67 
67 68 
68 69 
69 70 
70 71 
71 72 
72 73 
73 74 
74 75 
75 76 
76 77 
77 78 
78 79 
79 80 
80 81 
81 82 
82 83 
83 84 
84 85 
85 86 
86 87 
87 88 
88 89 
89 90 
90 91 
91 92 
92 93 
93 94 
94 95 
95 96 
96 97 
97 98 
98 99 
99 100 
100 101 
101 102 
102 103 
103 104 
104 105 
105 106 
106 107 
107 108 
108 109 
109 110 
110 111 
111 112 
112 113 
113 114 
114 115 
115 116 
116 117 
117 118 
118 119 
119 120 
120 121 
121 122 
122 123 
123 124 
124 125 
125 126 
126 127 
127 128 
128 129 
129 130 
130 131 
131 132 
132 133 
133 134 
134 135 
135 136 
136 137 
137 138 
138 139 
139 140 
140 141 
141 142 
142 143 
143 144 
144 145 
145 146 
146 147 
147 148 
148 149 
149 150 
150 151 
151 152 
152 153 
153 154 
154 155 
155 156 
156 157 
157 158 
158 159 
159 160 
160 161 
161 162 
162 163 
163 164 
164 165 
165 166 
166 167 
167 168 
168 169 
169 170 
170 171 
171 172 
172 173 
173 174 
174 175 
175 176 
176 177 
177 178 
178 179 
179 180 
180 181 
181 182 
182 183 
183 184 
184 185 
185 186 
186 187 
187 188 
188 189 
189 190 
190 191 
191 192 
192 193 
193 194 
194 195 
195 196 
196 197 
197 198 
198 199 
199 200 
200 201 
201 202 
202 203 
203 204 
204 205 
205 206 
206 207 
207 208 
208 209 
209 210 
210 211 
211 212 
212 213 
213 214 
214 215 
215 216 
216 217 
217 218 
218 219 
219 220 
220 221 
221 222 
222 223 
223 224 
224 225 
225 226 
226 227 
227 228 
228 229 
229 230 
230 231 
231 232 
232 233 
233 234 
234 235 
235 236 
236 237 
237 238 
238 239 
239 240 
240 241 
241 242 
242 243 
243 244 
244 245 
245 246 
246 247 
247 248 
248 249 
249 250 
250 251 
251 252 
252 253 
253 254 
254 255 
255 256 
256 257 
257 258 
258 259 
259 260 
260 261 
261 262 
262 263 
263 264 
264 265 
265 266 
266 267 
267 268 
268 269 
269 270 
270 271 
271 272 
272 273 
273 274 
274 275 
275 276 
276 277 
277 278 
278 279 
279 280 
280 281 
281 282 
282 283 
283 284 
284 285 
285 286 
286 287 
287 288 
288 289 
289 290 
290 291 
291 292 
292 293 
293 294 
294 295 
295 296 
296 297 
297 298 
298 299 
299 300 
300 301 
301 302 
302 303 
303 304 
304 305 
305 306 
306 307 
307 308 
308 309 
309 310 
310 311 
311 312 
312 313 
313 314 
314 315 
315 316 
316 317 
317 318 
318 319 
319 320 
320 321 
321 322 
322 323 
323 324 
324 325 
325 326 
326 327 
327 328 
328 329 
329 330 
330 331 
331 332 
332 333 
333 334 
334 335 
335 336 
336 337 
337 338 
338 339 
339 340 
340 341 
341 342 
342 343 
343 344 
344 345 
345 346 
346 347 
347 348 
348 349 
349 350 
350 351 
351 352 
352 353 
353 354 
354 355 
355 356 
356 357 
357 358 
358 359 
359 360 
360 361 
361 362 
362 363 
363 364 
364 365 
365 366 
366 367 
367 368 
368 369 
369 370 
370 371 
371 372 
372 373 
373 374 
374 375 
375 376 
376 377 
377 378 
378 379 
379 380 
380 381 
381 382 
382 383 
383 384 
384 385 
385 386 
386 387 
387 388 
388 389 
389 390 
390 391 
391 392 
392 393 
393 394 
394 395 
395 396 
396 397 
ZONE T="Slice: Y=-0.73"
STRANDID=0, SOLUTIONTIME=0
Nodes=404, Elements=403, ZONETYPE=FELineSeg
DATAPACKING=POINT
DT=(DOUBLE DOUBLE DOUBLE DOUBLE DOUBLE )
0.6636509900	-0.7299999600	-0.0463287980	0.0028545835	0.0704960530
0.6735507200	-0.7299999600	-0.0485210680	0.0028833082	0.0644717440
0.6739723100	-0.7299999600	-0.0486151320	0.0028837596	0.0642666820
0.6834538600	-0.7299999600	-0.0507308880	0.0028904852	0.0616512520
0.6933498400	-0.7299999600	-0.0529562460	0.0028767904	0.0614479220
0.7026954300	-0.7299999600	-0.0550738130	0.0028451791	0.0597499460
0.7096499200	-0.7299999600	-0.0566596760	0.0027928472	0.0611839590
0.7101318200	-0.7299999600	-0.0567701980	0.0027864241	0.0617994630
0.7161891500	-0.7299999600	-0.0581591910	0.0026984919	0.0717984880
0.7194423700	-0.7299999600	-0.0589089060	0.0026512173	0.0775240140
0.7229152900	-0.7299999600	-0.0597095940	0.0025707108	0.0852394770
0.7285876300	-0.7299999600	-0.0610238130	0.0023810570	0.1047495100
0.7290787100	-0.7299999600	-0.0611379030	0.0023614884	0.1069205800
0.7349851100	-0.7299999600	-0.0625135000	0.0021104424	0.1327610800
0.7356200200	-0.7299999600	-0.0626616250	0.0020749611	0.1367958900
0.7377037400	-0.7299999600	-0.0631487590	0.0018658847	0.1563584800
0.7394399600	-0.7299999600	-0.0635553080	0.0016955731	0.1711752400
0.7408867500	-0.7299999600	-0.0638945180	0.0015308753	0.1851981900
0.7420923700	-0.7299999600	-0.0641774760	0.0013695229	0.1981975600
0.7430969500	-0.7299999600	-0.0644134880	0.0012142841	0.2100797300
0.7439340900	-0.7299999600	-0.0646103100	0.0010675865	0.2207959000
0.7446317100	-0.7299999600	-0.0647744460	0.0009310136	0.2303306200
0.7452129700	-0.7299999600	-0.0649112980	0.0008044832	0.2386839800
0.7456973800	-0.7299999600	-0.0650253890	0.0006862331	0.2458239000
0.7461010800	-0.7299999600	-0.0651204960	0.0005838642	0.2516566800
0.7464374300	-0.7299999600	-0.0651997700	0.0005835863	0.2561177900
0.7467177500	-0.7299999600	-0.0652658420	0.0010493383	0.2579762000
0.7469513400	-0.7299999600	-0.0653209090	0.0024125414	0.2449263500
0.7471460100	-0.7299999600	-0.0653668050	0.0038574043	0.2460352200
0.7469463300	-0.7299999600	-0.0653782040	0.0033784781	0.2698279000
0.7467067200	-0.7299999600	-0.0653918760	0.0021188441	0.2813547800
0.7464191900	-0.7299999600	-0.0654082670	0.0018432746	0.2842680800
0.7460741400	-0.7299999600	-0.0654279290	0.0018688767	0.2856082600
0.7456601300	-0.7299999600	-0.0654514950	0.0019027466	0.2861160000
0.7451632600	-0.7299999600	-0.0654797410	0.0019151361	0.2865786900
0.7445670400	-0.7299999600	-0.0655135660	0.0019154757	0.2871325900
0.7438515400	-0.7299999600	-0.0655540670	0.0019116635	0.2878031400
0.7429929400	-0.7299999600	-0.0656025260	0.0019057508	0.2885615500
0.7419626100	-0.7299999600	-0.0656604990	0.0018980909	0.2893681200
0.7407261700	-0.7299999600	-0.0657298190	0.0018887756	0.2901721300
0.7392424900	-0.7299999600	-0.0658126470	0.0018783338	0.2908870600
0.7374619800	-0.7299999600	-0.0659115240	0.0018684182	0.2915254800
0.7353254000	-0.7299999600	-0.0660294290	0.0018589500	0.2918469900
0.7347896100	-0.7299999600	-0.0660587620	0.0018596031	0.2916697600
0.7302872500	-0.7299999600	-0.0663040800	0.0018600114	0.2900833200
0.7284486300	-0.7299999600	-0.0664030980	0.0018575755	0.2897423200
0.7245485800	-0.7299999600	-0.0666114760	0.0018596930	0.2884762000
0.7199199800	-0.7299999600	-0.0668549540	0.0018692497	0.2850572800
0.7179830100	-0.7299999600	-0.0669562590	0.0018764942	0.2832818900
0.7158742000	-0.7299999600	-0.0670640990	0.0018827221	0.2819747300
0.7089314500	-0.7299999600	-0.0674192090	0.0019229708	0.2750611000
0.7000177500	-0.7299999600	-0.0678614680	0.0019656882	0.2662312400
0.6911627100	-0.7299999600	-0.0682875590	0.0020163408	0.2572624400
0.6816116000	-0.7299999600	-0.0687326570	0.0020638736	0.2498606900
0.6731437400	-0.7299999600	-0.0691137460	0.0021050823	0.2438864000
0.6715188000	-0.7299999600	-0.0691868740	0.0021135702	0.2427310300
0.6613819600	-0.7299999600	-0.0696266960	0.0021647359	0.2361108800
0.6531037700	-0.7299999600	-0.0699727240	0.0021991112	0.2313148100
0.6513048400	-0.7299999600	-0.0700479220	0.0022068014	0.2302667900
0.6413184400	-0.7299999600	-0.0704498370	0.0022401773	0.2251645000
0.6314144100	-0.7299999600	-0.0708333920	0.0022684508	0.2206839500
0.6215723200	-0.7299999600	-0.0711999160	0.0022978238	0.2166634500
0.6117901200	-0.7299999600	-0.0715499300	0.0023258335	0.2129254900
0.6020675300	-0.7299999600	-0.0718838500	0.0023483918	0.2094635700
0.5924041300	-0.7299999600	-0.0722021010	0.0023681072	0.2062549000
0.5827996100	-0.7299999600	-0.0725050570	0.0023874711	0.2032793000
0.5732536900	-0.7299999600	-0.0727930740	0.0024061082	0.2004611800
0.5637660600	-0.7299999600	-0.0730665030	0.0024237052	0.1978010700
0.5543363100	-0.7299999600	-0.0733256490	0.0024400370	0.1953065200
0.5449641300	-0.7299999600	-0.0735708250	0.0024554234	0.1928818800
0.5356492400	-0.7299999600	-0.0738022920	0.0024706666	0.1904984700
0.5263912700	-0.7299999600	-0.0740203340	0.0024858021	0.1881851900
0.5171899200	-0.7299999600	-0.0742251720	0.0025003232	0.1859639700
0.5080449000	-0.7299999600	-0.0744170550	0.0025142085	0.1838256300
0.4989557900	-0.7299999600	-0.0745961820	0.0025278762	0.1817318100
0.4899223400	-0.7299999600	-0.0747627470	0.0025414147	0.1796709900
0.4809442200	-0.7299999600	-0.0749169360	0.0025546807	0.1776536300
0.4720211000	-0.7299999600	-0.0750589220	0.0025677186	0.1756766700
0.4631526800	-0.7299999600	-0.0751888530	0.0025806300	0.1737349000
0.4543386100	-0.7299999600	-0.0753068700	0.0025934777	0.1718294300
0.4455786000	-0.7299999600	-0.0754131080	0.0026062221	0.1699644200
0.4368723300	-0.7299999600	-0.0755076780	0.0026187986	0.1681349000
0.4282195000	-0.7299999600	-0.0755906850	0.0026312743	0.1663401000
0.4196197700	-0.7299999600	-0.0756622250	0.0026437014	0.1645807500
0.4110728500	-0.7299999600	-0.0757223960	0.0026560647	0.1628529700
0.4025784700	-0.7299999600	-0.0757712570	0.0026683651	0.1611569100
0.3941362500	-0.7299999600	-0.0758088750	0.0026806744	0.1594923000
0.3857459100	-0.7299999600	-0.0758353250	0.0026930173	0.1578610100
0.3774071900	-0.7299999600	-0.0758506430	0.0027052845	0.1562674800
0.3691197600	-0.7299999600	-0.0758548530	0.0027174798	0.1547111100
0.3608833300	-0.7299999600	-0.0758480210	0.0027296353	0.1532042300
0.3526975800	-0.7299999600	-0.0758301540	0.0027417147	0.1517348000
0.3445622300	-0.7299999600	-0.0758012760	0.0027537342	0.1502900900
0.3364770400	-0.7299999600	-0.0757613930	0.0027657293	0.1488828200
0.3284416500	-0.7299999600	-0.0757105200	0.0027777442	0.1475124200
0.3204557900	-0.7299999600	-0.0756486510	0.0027897444	0.1461808700
0.3125191900	-0.7299999600	-0.0755757760	0.0028016749	0.1448895900
0.3046315600	-0.7299999600	-0.0754918830	0.0028135778	0.1436387900
0.2967926300	-0.7299999600	-0.0753969700	0.0028254997	0.1424281200
0.2890020900	-0.7299999600	-0.0752910000	0.0028373898	0.1412581100
0.2812596900	-0.7299999600	-0.0751739520	0.0028491801	0.1401306100
0.2735651400	-0.7299999600	-0.0750457790	0.0028609006	0.1390465900
0.2659182000	-0.7299999600	-0.0749064760	0.0028726134	0.1380060900
0.2583185700	-0.7299999600	-0.0747559820	0.0028842659	0.1370089100
0.2507659800	-0.7299999600	-0.0745942520	0.0028957969	0.1360559300
0.2432601900	-0.7299999600	-0.0744212270	0.0029072795	0.1351476800
0.2358009100	-0.7299999600	-0.0742368920	0.0029187986	0.1342840200
0.2283878800	-0.7299999600	-0.0740411730	0.0029303012	0.1334655100
0.2210208800	-0.7299999600	-0.0738339870	0.0029416884	0.1326933700
0.2136995900	-0.7299999600	-0.0736152900	0.0029529733	0.1319676200
0.2064238300	-0.7299999600	-0.0733850300	0.0029642444	0.1312881600
0.1991933000	-0.7299999600	-0.0731431250	0.0029755071	0.1306555000
0.1920077700	-0.7299999600	-0.0728894990	0.0029866827	0.1300710600
0.1848669600	-0.7299999600	-0.0726240720	0.0029977538	0.1295354800
0.1777706700	-0.7299999600	-0.0723467770	0.0030088026	0.1290480200
0.1707186500	-0.7299999600	-0.0720575380	0.0030198649	0.1286087600
0.1637106700	-0.7299999600	-0.0717562510	0.0030308317	0.1282191400
0.1567464600	-0.7299999600	-0.0714428350	0.0030416152	0.1278801000
0.1498258000	-0.7299999600	-0.0711172000	0.0030522761	0.1275908600
0.1429484800	-0.7299999600	-0.0707792640	0.0030629334	0.1273506700
0.1361142400	-0.7299999600	-0.0704289230	0.0030735753	0.1271608200
0.1293228900	-0.7299999600	-0.0700660720	0.0030841016	0.1270232900
0.1225741700	-0.7299999600	-0.0696905930	0.0030944708	0.1269373900
0.1158679100	-0.7299999600	-0.0693024170	0.0031048120	0.1269012500
0.1121704400	-0.7299999600	-0.0690799280	0.0031106594	0.1269095100
0.1092035100	-0.7299999600	-0.0689013970	0.0031153267	0.1269091800
0.1025681100	-0.7299999600	-0.0684866010	0.0031259332	0.1269601900
0.0959619950	-0.7299999600	-0.0680578500	0.0031362723	0.1270637200
0.0894160420	-0.7299999600	-0.0676170740	0.0031463600	0.1272208400
0.0829515680	-0.7299999600	-0.0671658140	0.0031566010	0.1274302800
0.0765734610	-0.7299999600	-0.0667046230	0.0031666365	0.1276861400
0.0703183860	-0.7299999600	-0.0662365180	0.0031757973	0.1279889300
0.0642384510	-0.7299999600	-0.0657661110	0.0031846839	0.1283419700
0.0582846590	-0.7299999600	-0.0652903840	0.0031941205	0.1287403700
0.0524146740	-0.7299999600	-0.0648063870	0.0032037815	0.1291794300
0.0466235020	-0.7299999600	-0.0643139330	0.0032131138	0.1296642000
0.0409095400	-0.7299999600	-0.0638131130	0.0032220336	0.1302000600
0.0352732760	-0.7299999600	-0.0633041860	0.0032306201	0.1307842300
0.0297152340	-0.7299999600	-0.0627874730	0.0032390289	0.1314131600
0.0242349670	-0.7299999600	-0.0622631940	0.0032474672	0.1320830600
0.0188316070	-0.7299999600	-0.0617315100	0.0032558432	0.1327998900
0.0135042160	-0.7299999600	-0.0611925610	0.0032640266	0.1335576000
0.0082517508	-0.7299999600	-0.0606465040	0.0032719421	0.1343575000
0.0030732409	-0.7299999600	-0.0600934920	0.0032796673	0.1352035300
-0.0020322672	-0.7299999600	-0.0595337040	0.0032873529	0.1360797400
-0.0070657730	-0.7299999600	-0.0589672740	0.0032958758	0.1370036500
-0.0120281640	-0.7299999600	-0.0583943350	0.0033026447	0.1379833200
-0.0169617110	-0.7299999600	-0.0578100570	0.0033115043	0.1390088600
-0.0218350350	-0.7299999600	-0.0572181830	0.0033180072	0.1400753700
-0.0266260340	-0.7299999600	-0.0566216860	0.0033245307	0.1411687100
-0.0312885200	-0.7299999600	-0.0560269240	0.0033313216	0.1423369500
-0.0359278920	-0.7299999600	-0.0554207380	0.0033386820	0.1434853800
-0.0404684390	-0.7299999600	-0.0548132060	0.0033447592	0.1447370500
-0.0449099840	-0.7299999600	-0.0542049110	0.0033507683	0.1459698700
-0.0493891690	-0.7299999600	-0.0535770540	0.0033615680	0.1472856700
-0.0537543300	-0.7299999600	-0.0529509220	0.0033660594	0.1486580400
-0.0581655470	-0.7299999600	-0.0523034930	0.0033726584	0.1500262300
-0.0623803180	-0.7299999600	-0.0516706970	0.0033752953	0.1514870200
-0.0663589980	-0.7299999600	-0.0510602440	0.0033795569	0.1529860200
-0.0705145600	-0.7299999600	-0.0504086990	0.0033930182	0.1545290900
-0.0736382450	-0.7299999600	-0.0499079710	0.0033963295	0.1557253200
-0.0746500940	-0.7299999600	-0.0497457650	0.0033974199	0.1561076800
-0.0786839280	-0.7299999600	-0.0490847980	0.0033971972	0.1576874300
-0.0824364870	-0.7299999600	-0.0484568550	0.0034014845	0.1593892000
-0.0863680770	-0.7299999600	-0.0477850210	0.0034122798	0.1610903100
-0.0903351010	-0.7299999600	-0.0470922440	0.0034196585	0.1628574900
-0.0941139240	-0.7299999600	-0.0464180190	0.0034220636	0.1646658600
-0.0979202760	-0.7299999600	-0.0457243400	0.0034268396	0.1665443500
-0.1015275200	-0.7299999600	-0.0450531390	0.0034306460	0.1685392600
-0.1051552100	-0.7299999600	-0.0443641390	0.0034342999	0.1705605400
-0.1087846400	-0.7299999600	-0.0436602940	0.0034439463	0.1725702400
-0.1122908100	-0.7299999600	-0.0429661240	0.0034431818	0.1747130300
-0.1157490000	-0.7299999600	-0.0422673110	0.0034446282	0.1768918300
-0.1191709700	-0.7299999600	-0.0415615740	0.0034538634	0.1791505500
-0.1225331700	-0.7299999600	-0.0408539590	0.0034540935	0.1814838200
-0.1258988200	-0.7299999600	-0.0401310510	0.0034561974	0.1837980900
-0.1291762000	-0.7299999600	-0.0394126180	0.0034572373	0.1861776900
-0.1322521400	-0.7299999600	-0.0387248510	0.0034586671	0.1887157700
-0.1354294700	-0.7299999600	-0.0380002070	0.0034671832	0.1913574000
-0.1386146100	-0.7299999600	-0.0372588040	0.0034684597	0.1940718700
-0.1416890800	-0.7299999600	-0.0365284980	0.0034634160	0.1968287500
-0.1447176200	-0.7299999600	-0.0357945450	0.0034637923	0.1996900300
-0.1477008300	-0.7299999600	-0.0350568890	0.0034605297	0.2026578900
-0.1507719200	-0.7299999600	-0.0342816230	0.0034656015	0.2058128100
-0.1539994900	-0.7299999600	-0.0334487740	0.0034842719	0.2094184300
-0.1571080700	-0.7299999600	-0.0326266180	0.0034715541	0.2128606900
-0.1577515600	-0.7299999600	-0.0324563350	0.0034689964	0.2135782200
-0.1615834100	-0.7299999600	-0.0314145090	0.0034781413	0.2186381500
-0.1651095300	-0.7299999600	-0.0304293000	0.0034811663	0.2230761100
-0.1687234500	-0.7299999600	-0.0293915230	0.0034597815	0.2280582900
-0.1721648400	-0.7299999600	-0.0283753110	0.0034562817	0.2335474200
-0.1750795200	-0.7299999600	-0.0274920740	0.0034312592	0.2382825000
-0.1777654100	-0.7299999600	-0.0266589560	0.0034206927	0.2428896100
-0.1802705100	-0.7299999600	-0.0258645710	0.0034259080	0.2475797200
-0.1827044300	-0.7299999600	-0.0250758980	0.0034014538	0.2526732700
-0.1853341900	-0.7299999600	-0.0242038830	0.0033804804	0.2577930100
-0.1878968600	-0.7299999600	-0.0233331750	0.0034080768	0.2636746500
-0.1909683800	-0.7299999600	-0.0222595800	0.0033424373	0.2707842000
-0.1920398300	-0.7299999600	-0.0218790790	0.0033275835	0.2730414000
-0.1954507400	-0.7299999600	-0.0206359770	0.0033428671	0.2827482800
-0.1991007000	-0.7299999600	-0.0192544740	0.0033407098	0.2938404700
-0.2031911800	-0.7299999600	-0.0176366230	0.0033187432	0.3076308700
-0.2076019900	-0.7299999600	-0.0157994740	0.0033117357	0.3246155400
-0.2120251700	-0.7299999600	-0.0138474670	0.0032559332	0.3444894900
-0.2150716600	-0.7299999600	-0.0124145550	0.0031692558	0.3608134100
-0.2163211400	-0.7299999600	-0.0118265920	0.0031310452	0.3675819600
-0.2204926300	-0.7299999600	-0.0097243935	0.0030921202	0.3968159900
-0.2247218900	-0.7299999600	-0.0074225357	0.0029277736	0.4290701700
-0.2285834400	-0.7299999600	-0.0051306263	0.0025948326	0.4698124800
-0.2301706500	-0.7299999600	-0.0041179429	0.0024913800	0.4892298300
-0.2315527200	-0.7299999600	-0.0032041355	0.0024820754	0.5070963500
-0.2332664300	-0.7299999600	-0.0020306897	0.0025234476	0.5320116900
-0.2363266200	-0.7299999600	0.0002541216	0.0024710089	0.5836119100
-0.2387530500	-0.7299999600	0.0022690764	0.0024301883	0.6419683100
-0.2411078100	-0.7299999600	0.0044911220	0.0021282450	0.6998434100
-0.2415257800	-0.7299999600	0.0048942701	0.0020836229	0.7107643500
-0.2423457500	-0.7299999600	0.0057919286	0.0019682566	0.7428396900
-0.2432683900	-0.7299999600	0.0067979814	0.0018264323	0.7775118400
-0.2436972700	-0.7299999600	0.0073356670	0.0017688195	0.7931827900
-0.2449333200	-0.7299999600	0.0089076264	0.0015751670	0.8334714800
-0.2461212100	-0.7299999600	0.0107012700	0.0011658808	0.8861448800
-0.2463688900	-0.7299999600	0.0110974170	0.0011056947	0.8968697800
-0.2471306000	-0.7299999600	0.0125044700	0.0008138510	0.9394144400
-0.2477897600	-0.7299999600	0.0139623860	0.0005301207	0.9662463700
-0.2483317400	-0.7299999600	0.0154677920	0.0002102387	0.9819272200
-0.2487405100	-0.7299999600	0.0170146950	-0.0000263072	0.9812678100
-0.2490008900	-0.7299999600	0.0185933650	-0.0000966776	0.9595760700
-0.2491054700	-0.7299999600	0.0201899450	0.0000437972	0.9136763200
-0.2490486800	-0.7299999600	0.0217889360	0.0004000441	0.8408670400
-0.2488270000	-0.7299999600	0.0233735050	0.0009359363	0.7505921100
-0.2484465700	-0.7299999600	0.0249276200	0.0016096143	0.6497191200
-0.2479150900	-0.7299999600	0.0264367700	0.0023264264	0.5396564600
-0.2472440700	-0.7299999600	0.0278892630	0.0029012625	0.4294979900
-0.2464500400	-0.7299999600	0.0292783290	0.0034416105	0.3260067100
-0.2455485500	-0.7299999600	0.0306001900	0.0038915807	0.2367893300
-0.2445538500	-0.7299999600	0.0318534110	0.0040488413	0.1445778600
-0.2442372400	-0.7299999600	0.0322043230	0.0040856103	0.1269542400
-0.2428185000	-0.7299999600	0.0337021430	0.0045002984	0.0553212800
-0.2416726600	-0.7299999600	0.0347497610	0.0047553908	0.0180663040
-0.2410427500	-0.7299999600	0.0353048410	0.0048382601	-0.0048227613
-0.2393162500	-0.7299999600	0.0366620050	0.0049186512	-0.0560429840
-0.2380908400	-0.7299999600	0.0375452000	0.0050187811	-0.0788005520
-0.2360374900	-0.7299999600	0.0388956000	0.0051849886	-0.1088853600
-0.2344876200	-0.7299999600	0.0398235100	0.0052899568	-0.1256597500
-0.2329708600	-0.7299999600	0.0406789480	0.0053584568	-0.1389354900
-0.2291973100	-0.7299999600	0.0425885650	0.0052891818	-0.1606961600
-0.2287043000	-0.7299999600	0.0428128880	0.0052919683	-0.1622726600
-0.2256701600	-0.7299999600	0.0441499350	0.0053539346	-0.1688193800
-0.2214440700	-0.7299999600	0.0458157700	0.0053433403	-0.1731850700
-0.2179340100	-0.7299999600	0.0470544810	0.0053530585	-0.1732677100
-0.2141275700	-0.7299999600	0.0482788160	0.0052416443	-0.1717254800
-0.2101307400	-0.7299999600	0.0494515750	0.0051902641	-0.1695767600
-0.2085622700	-0.7299999600	0.0498724130	0.0051749734	-0.1679134800
-0.2061569800	-0.7299999600	0.0505172950	0.0051466220	-0.1653583600
-0.2019250500	-0.7299999600	0.0515575780	0.0050283209	-0.1605610100
-0.1976527300	-0.7299999600	0.0525214300	0.0049120180	-0.1567314600
-0.1931563200	-0.7299999600	0.0534518170	0.0049010234	-0.1516545400
-0.1887608200	-0.7299999600	0.0542871800	0.0048581410	-0.1460645300
-0.1843715000	-0.7299999600	0.0550554470	0.0046773300	-0.1413351900
-0.1835451700	-0.7299999600	0.0551927690	0.0046590884	-0.1407025600
-0.1795506500	-0.7299999600	0.0558314360	0.0046206872	-0.1365230800
-0.1786852300	-0.7299999600	0.0559616570	0.0046189207	-0.1357650500
-0.1751338400	-0.7299999600	0.0564835300	0.0046210578	-0.1328696500
-0.1720724600	-0.7299999600	0.0569061860	0.0045402180	-0.1298257100
-0.1693218200	-0.7299999600	0.0572661720	0.0044802929	-0.1273404500
-0.1666829400	-0.7299999600	0.0575947720	0.0044530854	-0.1248746700
-0.1640360500	-0.7299999600	0.0579085570	0.0044389456	-0.1223882100
-0.1611904700	-0.7299999600	0.0582286940	0.0043892836	-0.1197789000
-0.1590088500	-0.7299999600	0.0584623630	0.0043695854	-0.1180466200
-0.1559091400	-0.7299999600	0.0587792770	0.0043691999	-0.1153522700
-0.1531949600	-0.7299999600	0.0590394920	0.0043383413	-0.1128405800
-0.1525401500	-0.7299999600	0.0591022330	0.0043307501	-0.1122295700
-0.1502971900	-0.7299999600	0.0593023340	0.0042925902	-0.1098411700
-0.1486546500	-0.7299999600	0.0594488750	0.0042645759	-0.1080957100
-0.1482145800	-0.7299999600	0.0594851970	0.0042621248	-0.1078532800
-0.1448030200	-0.7299999600	0.0597663370	0.0042443228	-0.1060812100
-0.1415196700	-0.7299999600	0.0600173400	0.0041940928	-0.1036841900
-0.1383784600	-0.7299999600	0.0602412220	0.0041517746	-0.1013307100
-0.1353303300	-0.7299999600	0.0604438600	0.0041271333	-0.0990724270
-0.1322386000	-0.7299999600	0.0606352540	0.0041008824	-0.0968725460
-0.1291027200	-0.7299999600	0.0608152670	0.0040714793	-0.0946619360
-0.1259221000	-0.7299999600	0.0609837400	0.0040423696	-0.0924496130
-0.1226961800	-0.7299999600	0.0611405450	0.0040149708	-0.0902566240
-0.1194243700	-0.7299999600	0.0612855550	0.0039858794	-0.0880215540
-0.1160459200	-0.7299999600	0.0614209700	0.0039537165	-0.0857496710
-0.1127405200	-0.7299999600	0.0615398210	0.0039231544	-0.0836030840
-0.1093266800	-0.7299999600	0.0616488610	0.0038969434	-0.0813249420
-0.1058711100	-0.7299999600	0.0617454090	0.0038671061	-0.0791057940
-0.1023359100	-0.7299999600	0.0618301850	0.0038384861	-0.0770003420
-0.0989583810	-0.7299999600	0.0618983170	0.0038136535	-0.0748618250
-0.0951923360	-0.7299999600	0.0619598930	0.0037842951	-0.0726042240
-0.0914612780	-0.7299999600	0.0620064100	0.0037515217	-0.0703577400
-0.0877562690	-0.7299999600	0.0620387420	0.0037226888	-0.0683464850
-0.0840190280	-0.7299999600	0.0620577190	0.0036959222	-0.0660782750
-0.0801522660	-0.7299999600	0.0620633070	0.0036689171	-0.0638661980
-0.0762849000	-0.7299999600	0.0620549730	0.0036426240	-0.0616161000
-0.0721526220	-0.7299999600	0.0620311050	0.0036112222	-0.0592226420
-0.0682642610	-0.7299999600	0.0619949330	0.0035805392	-0.0571975750
-0.0643535480	-0.7299999600	0.0619455130	0.0035537916	-0.0549891700
-0.0620848310	-0.7299999600	0.0619094040	0.0035387641	-0.0536790490
-0.0603921380	-0.7299999600	0.0618824330	0.0035279062	-0.0527038390
-0.0561281850	-0.7299999600	0.0618002340	0.0035031156	-0.0504925660
-0.0519272760	-0.7299999600	0.0617051090	0.0034789748	-0.0481990050
-0.0475552040	-0.7299999600	0.0615915880	0.0034492370	-0.0457917380
-0.0432493130	-0.7299999600	0.0614657070	0.0034200799	-0.0435754690
-0.0389984400	-0.7299999600	0.0613280720	0.0033971218	-0.0412662360
-0.0345518370	-0.7299999600	0.0611702320	0.0033703988	-0.0389239860
-0.0301028230	-0.7299999600	0.0609984290	0.0033469250	-0.0365986860
-0.0255286060	-0.7299999600	0.0608076680	0.0033235896	-0.0341537780
-0.0208400770	-0.7299999600	0.0605976510	0.0032977939	-0.0317409930
-0.0161493510	-0.7299999600	0.0603732240	0.0032745817	-0.0293112830
-0.0113937490	-0.7299999600	0.0601314600	0.0032499877	-0.0268586480
-0.0065723355	-0.7299999600	0.0598720270	0.0032287220	-0.0243486430
-0.0016443632	-0.7299999600	0.0595923140	0.0032057090	-0.0217785720
0.0033570232	-0.7299999600	0.0592937510	0.0031832623	-0.0191925410
0.0083865635	-0.7299999600	0.0589789520	0.0031623604	-0.0166065670
0.0134774060	-0.7299999600	0.0586458330	0.0031406327	-0.0139953240
0.0186384730	-0.7299999600	0.0582935850	0.0031203366	-0.0113441960
0.0238706450	-0.7299999600	0.0579218750	0.0031001781	-0.0086679095
0.0291748770	-0.7299999600	0.0575303770	0.0030799571	-0.0059531331
0.0345521050	-0.7299999600	0.0571187850	0.0030597665	-0.0031925899
0.0400032550	-0.7299999600	0.0566867810	0.0030398737	-0.0003925592
0.0455291270	-0.7299999600	0.0562340620	0.0030202050	0.0024470147
0.0511303210	-0.7299999600	0.0557603050	0.0030005657	0.0053260736
0.0568069000	-0.7299999600	0.0552652480	0.0029807687	0.0082428344
0.0625584650	-0.7299999600	0.0547486920	0.0029606857	0.0111951370
0.0683852140	-0.7299999600	0.0542104060	0.0029405144	0.0141835120
0.0743024270	-0.7299999600	0.0536487030	0.0029205319	0.0172184520
0.0803418010	-0.7299999600	0.0530601070	0.0029003945	0.0203132220
0.0864998330	-0.7299999600	0.0524443950	0.0028794158	0.0234590640
0.0927476810	-0.7299999600	0.0518040510	0.0028574969	0.0266470870
0.0990777160	-0.7299999600	0.0511396040	0.0028350903	0.0298789500
0.1054936300	-0.7299999600	0.0504504220	0.0028123448	0.0331517230
0.1119964300	-0.7299999600	0.0497361350	0.0027890949	0.0364634510
0.1185824500	-0.7299999600	0.0489968960	0.0027652484	0.0398086940
0.1194986500	-0.7299999600	0.0488918910	0.0027618889	0.0402723510
0.1252429900	-0.7299999600	0.0482335170	0.0027398386	0.0431615820
0.1319544900	-0.7299999600	0.0474486500	0.0027137945	0.0465208960
0.1386944400	-0.7299999600	0.0466450190	0.0026874186	0.0498801920
0.1454669200	-0.7299999600	0.0458222780	0.0026608165	0.0532399680
0.1522794800	-0.7299999600	0.0449796430	0.0026340114	0.0566004960
0.1591323300	-0.7299999600	0.0441171900	0.0026070551	0.0599589120
0.1660257000	-0.7299999600	0.0432349820	0.0025799951	0.0633136260
0.1729598300	-0.7299999600	0.0423330550	0.0025527898	0.0666641820
0.1799349600	-0.7299999600	0.0414114710	0.0025254390	0.0700085910
0.1869513200	-0.7299999600	0.0404702720	0.0024980511	0.0733432470
0.1940091600	-0.7299999600	0.0395095270	0.0024707161	0.0766647530
0.2011087400	-0.7299999600	0.0385292660	0.0024433949	0.0799715220
0.2082502500	-0.7299999600	0.0375295170	0.0024160524	0.0832618550
0.2154340100	-0.7299999600	0.0365103190	0.0023887770	0.0865328310
0.2226602300	-0.7299999600	0.0354717190	0.0023617021	0.0897808670
0.2299291800	-0.7299999600	0.0344137360	0.0023348829	0.0930027290
0.2372410700	-0.7299999600	0.0333363940	0.0023083162	0.0961956460
0.2445962100	-0.7299999600	0.0322397050	0.0022820581	0.0993558240
0.2519948500	-0.7299999600	0.0311237030	0.0022562115	0.1024784400
0.2594372000	-0.7299999600	0.0299884030	0.0022308058	0.1055595100
0.2669235800	-0.7299999600	0.0288337990	0.0022057907	0.1085957900
0.2744542100	-0.7299999600	0.0276598990	0.0021811849	0.1115837300
0.2820293600	-0.7299999600	0.0264667070	0.0021571300	0.1145181100
0.2896493400	-0.7299999600	0.0252542310	0.0021337458	0.1173937400
0.2973143500	-0.7299999600	0.0240224470	0.0021110720	0.1202064300
0.3050247100	-0.7299999600	0.0227713440	0.0020891670	0.1229505500
0.3127806500	-0.7299999600	0.0215009060	0.0020681737	0.1256206500
0.3205824800	-0.7299999600	0.0202111170	0.0020482378	0.1282109900
0.3284304100	-0.7299999600	0.0189019440	0.0020294659	0.1307157000
0.3363248100	-0.7299999600	0.0175733440	0.0020119807	0.1331280300
0.3442658800	-0.7299999600	0.0162252880	0.0019958400	0.1354414800
0.3522539100	-0.7299999600	0.0148577310	0.0019810068	0.1376493300
0.3602891600	-0.7299999600	0.0134706130	0.0019675232	0.1397431300
0.3683719300	-0.7299999600	0.0120638740	0.0019556156	0.1417147500
0.3765025400	-0.7299999600	0.0106374550	0.0019453729	0.1435573300
0.3846812000	-0.7299999600	0.0091912830	0.0019368942	0.1452661300
0.3929081900	-0.7299999600	0.0077252691	0.0019304663	0.1468327000
0.4011838100	-0.7299999600	0.0062393281	0.0019262732	0.1482471800
0.4095083500	-0.7299999600	0.0047333660	0.0019244813	0.1495000100
0.4178820800	-0.7299999600	0.0032072752	0.0019252129	0.1505795600
0.4263052900	-0.7299999600	0.0016609352	0.0019285522	0.1514774600
0.4347782400	-0.7299999600	0.0000942282	0.0019346458	0.1521842000
0.4433012300	-0.7299999600	-0.0014929789	0.0019435800	0.1526946700
0.4518745500	-0.7299999600	-0.0031008399	0.0019553450	0.1529989200
0.4604984500	-0.7299999600	-0.0047295056	0.0019700863	0.1530812400
0.4691731900	-0.7299999600	-0.0063791354	0.0019881608	0.1529326100
0.4778991000	-0.7299999600	-0.0080499202	0.0020095602	0.1525343500
0.4866764500	-0.7299999600	-0.0097420486	0.0020340050	0.1518764500
0.4955055100	-0.7299999600	-0.0114557160	0.0020615570	0.1509360800
0.5043865400	-0.7299999600	-0.0131911470	0.0020922518	0.1496763700
0.5133197900	-0.7299999600	-0.0149485760	0.0021263419	0.1480903900
0.5223056700	-0.7299999600	-0.0167282390	0.0021636776	0.1461524200
0.5313442900	-0.7299999600	-0.0185304060	0.0022031174	0.1438805800
0.5404359700	-0.7299999600	-0.0203553530	0.0022448328	0.1412489900
0.5495809900	-0.7299999600	-0.0222033670	0.0022888026	0.1381692400
0.5587796000	-0.7299999600	-0.0240747720	0.0023342613	0.1346600800
0.5680320900	-0.7299999600	-0.0259698850	0.0023821800	0.1306327900
0.5773387000	-0.7299999600	-0.0278890560	0.0024334133	0.1259865000
0.5866996600	-0.7299999600	-0.0298326560	0.0024858507	0.1207832800
0.5961152900	-0.7299999600	-0.0318010670	0.0025366750	0.1152357400
0.6055857500	-0.7299999600	-0.0337947090	0.0025885166	0.1093516900
0.6151114100	-0.7299999600	-0.0358139950	0.0026400750	0.1031159800
0.6246923800	-0.7299999600	-0.0378593950	0.0026864660	0.0969503820
0.6343289600	-0.7299999600	-0.0399313760	0.0027318287	0.0906011390
0.6440251500	-0.7299999600	-0.0420312580	0.0027780510	0.0836835130
0.6537980400	-0.7299999600	-0.0441632720	0.0028191614	0.0767058950
0.6542184900	-0.7299999600	-0.0442556890	0.0028206941	0.0764315200
0.6636509900	-0.7299999600	-0.0463287980	0.0028545835	0.0704960530
1 2 
2 3 
3 4 
4 5 
5 6 
6 7 
7 8 
8 9 
9 10 
10 11 
11 12 
12 13 
13 14 
14 15 
15 16 
16 17 
17 18 
18 19 
19 20 
20 21 
21 22 
22 23 
23 24 
24 25 
25 26 
26 27 
27 28 
28 29 
29 30 
30 31 
31 32 
32 33 
33 34 
34 35 
35 36 
36 37 
37 38 
38 39 
39 40 
40 41 
41 42 
42 43 
43 44 
44 45 
45 46 
46 47 
47 48 
48 49 
49 50 
50 51 
51 52 
52 53 
53 54 
54 55 
55 56 
56 57 
57 58 
58 59 
59 60 
60 61 
61 62 
62 63 
63 64 
64 65 
65 66 
66 67 
67 68 
68 69 
69 70 
70 71 
71 72 
72 73 
73 74 
74 75 
75 76 
76 77 
77 78 
78 79 
79 80 
80 81 
81 82 
82 83 
83 84 
84 85 
85 86 
86 87 
87 88 
88 89 
89 90 
90 91 
91 92 
92 93 
93 94 
94 95 
95 96 
96 97 
97 98 
98 99 
99 100 
100 101 
101 102 
102 103 
103 104 
104 105 
105 106 
106 107 
107 108 
108 109 
109 110 
110 111 
111 112 
112 113 
113 114 
114 115 
115 116 
116 117 
117 118 
118 119 
119 120 
120 121 
121 122 
122 123 
123 124 
124 125 
125 126 
126 127 
127 128 
128 129 
129 130 
130 131 
131 132 
132 133 
133 134 
134 135 
135 136 
136 137 
137 138 
138 139 
139 140 
140 141 
141 142 
142 143 
143 144 
144 145 
145 146 
146 147 
147 148 
148 149 
149 150 
150 151 
151 152 
152 153 
153 154 
154 155 
155 156 
156 157 
157 158 
158 159 
159 160 
160 161 
161 162 
162 163 
163 164 
164 165 
165 166 
166 167 
167 168 
168 169 
169 170 
170 171 
171 172 
172 173 
173 174 
174 175 
175 176 
176 177 
177 178 
178 179 
179 180 
180 181 
181 182 
182 183 
183 184 
184 185 
185 186 
186 187 
187 188 
188 189 
189 190 
190 191 
191 192 
192 193 
193 194 
194 195 
195 196 
196 197 
197 198 
198 199 
199 200 
200 201 
201 202 
202 203 
203 204 
204 205 
205 206 
206 207 
207 208 
208 209 
209 210 
210 211 
211 212 
212 213 
213 214 
214 215 
215 216 
216 217 
217 218 
218 219 
219 220 
220 221 
221 222 
222 223 
223 224 
224 225 
225 226 
226 227 
227 228 
228 229 
229 230 
230 231 
231 232 
232 233 
233 234 
234 235 
235 236 
236 237 
237 238 
238 239 
239 240 
240 241 
241 242 
242 243 
243 244 
244 245 
245 246 
246 247 
247 248 
248 249 
249 250 
250 251 
251 252 
252 253 
253 254 
254 255 
255 256 
256 257 
257 258 
258 259 
259 260 
260 261 
261 262 
262 263 
263 264 
264 265 
265 266 
266 267 
267 268 
268 269 
269 270 
270 271 
271 272 
272 273 
273 274 
274 275 
275 276 
276 277 
277 278 
278 279 
279 280 
280 281 
281 282 
282 283 
283 284 
284 285 
285 286 
286 287 
287 288 
288 289 
289 290 
290 291 
291 292 
292 293 
293 294 
294 295 
295 296 
296 297 
297 298 
298 299 
299 300 
300 301 
301 302 
302 303 
303 304 
304 305 
305 306 
306 307 
307 308 
308 309 
309 310 
310 311 
311 312 
312 313 
313 314 
314 315 
315 316 
316 317 
317 318 
318 319 
319 320 
320 321 
321 322 
322 323 
323 324 
324 325 
325 326 
326 327 
327 328 
328 329 
329 330 
330 331 
331 332 
332 333 
333 334 
334 335 
335 336 
336 337 
337 338 
338 339 
339 340 
340 341 
341 342 
342 343 
343 344 
344 345 
345 346 
346 347 
347 348 
348 349 
349 350 
350 351 
351 352 
352 353 
353 354 
354 355 
355 356 
356 357 
357 358 
358 359 
359 360 
360 361 
361 362 
362 363 
363 364 
364 365 
365 366 
366 367 
367 368 
368 369 
369 370 
370 371 
371 372 
372 373 
373 374 
374 375 
375 376 
376 377 
377 378 
378 379 
379 380 
380 381 
381 382 
382 383 
383 384 
384 385 
385 386 
386 387 
387 388 
388 389 
389 390 
390 391 
391 392 
392 393 
393 394 
394 395 
395 396 
396 397 
397 398 
398 399 
399 400 
400 401 
401 402 
402 403 
403 404 
