TITLE     = "Surface mesh and solution"
VARIABLES = "x"
"y"
"z"
"cfx"
"Cp"
ZONE T="Slice: Y=-0.001"
STRANDID=0, SOLUTIONTIME=0
Nodes=312, Elements=311, ZONETYPE=FELineSeg
DATAPACKING=POINT
DT=(DOUBLE DOUBLE DOUBLE DOUBLE DOUBLE )
0.0937173660	-0.0009999500	0.0517032370	0.0021756651	-0.1153126500
0.1055287500	-0.0009999500	0.0504272390	0.0023244425	-0.1036623100
0.1207921300	-0.0009999500	0.0487316060	0.0023165817	-0.0911183510
0.1349800400	-0.0009999500	0.0470871440	0.0020851729	-0.0797281120
0.1570064400	-0.0009999500	0.0443780830	0.0020841110	-0.0559261140
0.1610575900	-0.0009999500	0.0438713620	0.0020396092	-0.0522616320
0.1667078100	-0.0009999500	0.0431198890	0.0020532111	-0.0471571460
0.1909139800	-0.0009999500	0.0399315540	0.0018318516	-0.0248134450
0.2272126400	-0.0009999500	0.0347996240	0.0018803490	0.0056030340
0.2297657400	-0.0009999500	0.0344376190	0.0018476214	0.0078034657
0.2325532100	-0.0009999500	0.0340195970	0.0018419679	0.0099911541
0.2813268900	-0.0009999500	0.0265611950	0.0015919910	0.0452227330
0.2882798000	-0.0009999500	0.0254726350	0.0014923947	0.0507937630
0.2978655700	-0.0009999500	0.0239169500	0.0015321567	0.0605536070
0.3216041000	-0.0009999500	0.0200287760	0.0014763373	0.0839919370
0.3436647400	-0.0009999500	0.0163186400	0.0013383783	0.1089556600
0.3542748400	-0.0009999500	0.0144901290	0.0012879965	0.1193719400
0.3959333900	-0.0009999500	0.0071722534	0.0010736998	0.1483366000
0.4047540100	-0.0009999500	0.0055867168	0.0010524763	0.1557574300
0.4394985700	-0.0009999500	-0.0008053171	0.0009300360	0.1818811700
0.4498001300	-0.0009999500	-0.0027162710	0.0008997061	0.1879795000
0.4620953200	-0.0009999500	-0.0050682784	0.0008998211	0.1954777500
0.4959480500	-0.0009999500	-0.0115510410	0.0009048213	0.2194199000
0.5125860600	-0.0009999500	-0.0148297860	0.0009197731	0.2329151600
0.5348815300	-0.0009999500	-0.0192484050	0.0008800430	0.2481868700
0.5503293900	-0.0009999500	-0.0223740940	0.0008517700	0.2604214800
0.5733413700	-0.0009999500	-0.0270776280	0.0006894003	0.2768268900
0.5894164400	-0.0009999500	-0.0304097420	0.0006727277	0.2904927400
0.6064040700	-0.0009999500	-0.0339861400	0.0006258167	0.3045385200
0.6230357900	-0.0009999500	-0.0375153120	0.0005750362	0.3182341200
0.6431393600	-0.0009999500	-0.0418619850	0.0005209870	0.3344944100
0.6543762100	-0.0009999500	-0.0442998000	0.0004674489	0.3450257800
0.6655603100	-0.0009999500	-0.0467747970	0.0004834698	0.3531979600
0.6814265800	-0.0009999500	-0.0502960760	0.0004421649	0.3666066500
0.7032287700	-0.0009999500	-0.0552272050	0.0004754315	0.3849746300
0.7104264500	-0.0009999500	-0.0568615910	0.0003979554	0.3926156800
0.7123166900	-0.0009999500	-0.0572935860	0.0003532733	0.3949131100
0.7282089000	-0.0009999500	-0.0609535910	0.0003034976	0.4170750100
0.7293002000	-0.0009999500	-0.0612053680	0.0002852214	0.4183882500
0.7296214100	-0.0009999500	-0.0612799710	0.0002805828	0.4188303900
0.7410157300	-0.0009999500	-0.0639312270	0.0001477371	0.4407937800
0.7411114000	-0.0009999500	-0.0639536830	0.0001445053	0.4409570400
0.7435336700	-0.0009999500	-0.0645201430	0.0000990239	0.4495886900
0.7435589400	-0.0009999500	-0.0645260810	0.0000984937	0.4496731200
0.7454932900	-0.0009999500	-0.0649791730	0.0000428830	0.4543719300
0.7455065300	-0.0009999500	-0.0649822950	0.0000417751	0.4543894500
0.7466136800	-0.0009999500	-0.0652419110	0.0000080636	0.4597922300
0.7466189300	-0.0009999500	-0.0652431470	0.0000077591	0.4598186000
0.7470294800	-0.0009999500	-0.0653394610	-0.0000093780	0.4634872100
0.7470302000	-0.0009999500	-0.0653396320	-0.0000093906	0.4634847300
0.7471163900	-0.0009999500	-0.0653598530	0.0000229114	0.4658657000
0.7471165100	-0.0009999500	-0.0653598830	0.0000232377	0.4658594700
0.7471361800	-0.0009999500	-0.0653644870	0.0000680824	0.4666643100
0.7471362400	-0.0009999500	-0.0653645020	0.0000696648	0.4666670600
0.7471460100	-0.0009999500	-0.0653668050	0.0001289971	0.4671603400
0.7471459500	-0.0009999500	-0.0653668050	0.0001291447	0.4671593600
0.7471331400	-0.0009999500	-0.0653675350	0.0001540181	0.4672889700
0.7471329600	-0.0009999500	-0.0653675420	0.0001533413	0.4672923700
0.7470600000	-0.0009999500	-0.0653716770	0.0000450337	0.4653942900
0.7470573200	-0.0009999500	-0.0653718260	0.0000466276	0.4653865700
0.7466788300	-0.0009999500	-0.0653932470	0.0000188359	0.4615781900
0.7466668500	-0.0009999500	-0.0653939250	0.0000177122	0.4614644900
0.7459971900	-0.0009999500	-0.0654317590	0.0000116696	0.4570038600
0.7446316500	-0.0009999500	-0.0655087010	0.0001021865	0.4508431600
0.7446085800	-0.0009999500	-0.0655099970	0.0001055288	0.4507192400
0.7414759400	-0.0009999500	-0.0656852200	0.0002252034	0.4419576200
0.7414128800	-0.0009999500	-0.0656887740	0.0002283616	0.4417916500
0.7359389100	-0.0009999500	-0.0659909550	0.0002996483	0.4286474900
0.7358130800	-0.0009999500	-0.0659979130	0.0003028892	0.4283700600
0.7251933200	-0.0009999500	-0.0665696190	0.0003777903	0.4122601700
0.7250049100	-0.0009999500	-0.0665796250	0.0003772853	0.4119855500
0.7136179200	-0.0009999500	-0.0671716110	0.0004805153	0.3945274900
0.7134612200	-0.0009999500	-0.0671795760	0.0004821261	0.3943379500
0.6976556800	-0.0009999500	-0.0679658280	0.0004992180	0.3789340300
0.6975432000	-0.0009999500	-0.0679713120	0.0004994093	0.3787941600
0.6801963400	-0.0009999500	-0.0687875820	0.0005416112	0.3653484600
0.6800269500	-0.0009999500	-0.0687954650	0.0005414830	0.3652112800
0.6689108600	-0.0009999500	-0.0692932980	0.0005641374	0.3516624600
0.6687054600	-0.0009999500	-0.0693023200	0.0005676453	0.3515068600
0.6533337800	-0.0009999500	-0.0699586720	0.0005758826	0.3414702400
0.6532112400	-0.0009999500	-0.0699637530	0.0005734161	0.3413631900
0.6424810900	-0.0009999500	-0.0704001190	0.0006004005	0.3330527800
0.6423363100	-0.0009999500	-0.0704058710	0.0006022383	0.3329615300
0.6230782300	-0.0009999500	-0.0711447520	0.0007147664	0.3216808400
0.6229472200	-0.0009999500	-0.0711496990	0.0007113818	0.3215890200
0.6228789100	-0.0009999500	-0.0711521510	0.0007111923	0.3215479300
0.6032956800	-0.0009999500	-0.0718460600	0.0007372303	0.3093408900
0.6032407900	-0.0009999500	-0.0718479310	0.0007373724	0.3093067100
0.6031503700	-0.0009999500	-0.0718508590	0.0007397505	0.3092671000
0.5865405200	-0.0009999500	-0.0723946910	0.0006043834	0.3002969600
0.5864124900	-0.0009999500	-0.0723986030	0.0006053316	0.3002387000
0.5667973200	-0.0009999500	-0.0729884800	0.0009104159	0.2922823700
0.5667038000	-0.0009999500	-0.0729911630	0.0009098189	0.2922196400
0.5545274600	-0.0009999500	-0.0733290460	0.0006407130	0.2859400500
0.5543798800	-0.0009999500	-0.0733329210	0.0006454286	0.2858680200
0.5379676800	-0.0009999500	-0.0737542360	0.0007362333	0.2779544900
0.5377858300	-0.0009999500	-0.0737586920	0.0007370883	0.2778917800
0.5243192900	-0.0009999500	-0.0740751920	0.0007709655	0.2712427700
0.5241698000	-0.0009999500	-0.0740785970	0.0007679477	0.2711785100
0.5073785800	-0.0009999500	-0.0744365680	0.0007842258	0.2648696600
0.5072310000	-0.0009999500	-0.0744395630	0.0007850265	0.2648017700
0.4927508500	-0.0009999500	-0.0747157190	0.0009786748	0.2588264000
0.4926106600	-0.0009999500	-0.0747182370	0.0009776137	0.2587678700
0.4771457600	-0.0009999500	-0.0749799090	0.0007000758	0.2535090700
0.4769097000	-0.0009999500	-0.0749834330	0.0007043780	0.2534285200
0.4649519000	-0.0009999500	-0.0751621720	0.0006415418	0.2479937200
0.4438594600	-0.0009999500	-0.0754270180	0.0009439436	0.2420926400
0.4436985300	-0.0009999500	-0.0754290220	0.0009444322	0.2420342100
0.4435420300	-0.0009999500	-0.0754307060	0.0009468114	0.2419872900
0.4219319800	-0.0009999500	-0.0756348600	0.0009726974	0.2345848100
0.4217800800	-0.0009999500	-0.0756361710	0.0009693966	0.2345184400
0.4216046300	-0.0009999500	-0.0756374750	0.0009739742	0.2344603800
0.4034484300	-0.0009999500	-0.0757559170	0.0007108183	0.2290598600
0.4032436300	-0.0009999500	-0.0757569750	0.0007116493	0.2290063200
0.3873082700	-0.0009999500	-0.0758205280	0.0010262431	0.2248930900
0.3871124100	-0.0009999500	-0.0758210790	0.0010239222	0.2248590300
0.3763539200	-0.0009999500	-0.0758422610	0.0009265137	0.2215631000
0.3762280000	-0.0009999500	-0.0758423510	0.0009248988	0.2215184100
0.3649644000	-0.0009999500	-0.0758451670	0.0009327693	0.2176412000
0.3647857000	-0.0009999500	-0.0758449290	0.0009363710	0.2175777900
0.3544932900	-0.0009999500	-0.0758296330	0.0009166185	0.2144249100
0.3543226100	-0.0009999500	-0.0758289920	0.0009171123	0.2143991100
0.3394453800	-0.0009999500	-0.0757755120	0.0009237261	0.2109089300
0.3392626000	-0.0009999500	-0.0757744010	0.0009238092	0.2108575100
0.3246850400	-0.0009999500	-0.0756845700	0.0006955514	0.2081499400
0.3144216200	-0.0009999500	-0.0755982100	0.0009153255	0.2055501200
0.3142716600	-0.0009999500	-0.0755969810	0.0009132375	0.2055015600
0.3006383200	-0.0009999500	-0.0754516420	0.0009684535	0.2018530500
0.3004705000	-0.0009999500	-0.0754498840	0.0009627772	0.2018248700
0.3003462300	-0.0009999500	-0.0754482000	0.0009715438	0.2018103700
0.2840486200	-0.0009999500	-0.0752267240	0.0011973020	0.1982680100
0.2839261600	-0.0009999500	-0.0752250250	0.0011920076	0.1982293700
0.2838185700	-0.0009999500	-0.0752232150	0.0011968909	0.1982141100
0.2720975900	-0.0009999500	-0.0750304540	0.0012429125	0.1965532000
0.2719904800	-0.0009999500	-0.0750284870	0.0012424739	0.1965362000
0.2594814900	-0.0009999500	-0.0747907090	0.0009796142	0.1954151500
0.2593503600	-0.0009999500	-0.0747880040	0.0009786472	0.1953948900
0.2496027100	-0.0009999500	-0.0745790000	0.0007701800	0.1940454100
0.2406353500	-0.0009999500	-0.0743678290	0.0010100777	0.1919823400
0.2405040400	-0.0009999500	-0.0743647960	0.0010078215	0.1919514500
0.2312155400	-0.0009999500	-0.0741264820	0.0010766402	0.1896129800
0.2311280700	-0.0009999500	-0.0741242320	0.0010741876	0.1896001700
0.2213892500	-0.0009999500	-0.0738524350	0.0013328854	0.1875450000
0.2213262000	-0.0009999500	-0.0738506170	0.0013322083	0.1875377300
0.2122874700	-0.0009999500	-0.0735777620	0.0011728382	0.1870358300
0.2122565700	-0.0009999500	-0.0735768010	0.0011709808	0.1870329500
0.2121883500	-0.0009999500	-0.0735745500	0.0011782188	0.1870346100
0.1991442600	-0.0009999500	-0.0731446820	0.0011098816	0.1877598000
0.1990506400	-0.0009999500	-0.0731414180	0.0011133010	0.1877459000
0.1876234400	-0.0009999500	-0.0727285150	0.0010358852	0.1874370900
0.1874544600	-0.0009999500	-0.0727221740	0.0010388746	0.1874225900
0.1787477000	-0.0009999500	-0.0723839920	0.0010442367	0.1874726700
0.1785701100	-0.0009999500	-0.0723767280	0.0010432030	0.1874940100
0.1640977400	-0.0009999500	-0.0717679410	0.0011933960	0.1860011200
0.1640092600	-0.0009999500	-0.0717640440	0.0011884870	0.1859841900
0.1552265900	-0.0009999500	-0.0713653490	0.0011736191	0.1851753700
0.1550115200	-0.0009999500	-0.0713551570	0.0011825981	0.1851629200
0.1459371700	-0.0009999500	-0.0709192530	0.0011059648	0.1859574600
0.1455635600	-0.0009999500	-0.0709001270	0.0011192710	0.1859399800
0.1258359000	-0.0009999500	-0.0698641170	0.0011192464	0.1868542900
0.1254861400	-0.0009999500	-0.0698447300	0.0011230466	0.1868585300
0.1138933400	-0.0009999500	-0.0691767710	0.0015496449	0.1864252100
0.1135869100	-0.0009999500	-0.0691584940	0.0015405763	0.1864341600
0.1131054600	-0.0009999500	-0.0691285730	0.0015596945	0.1864414800
0.0947386320	-0.0009999500	-0.0679730920	0.0011630171	0.1885556400
0.0939135180	-0.0009999500	-0.0679171830	0.0011893684	0.1885485400
0.0778208750	-0.0009999500	-0.0667971370	0.0015526483	0.1899778200
0.0772979410	-0.0009999500	-0.0667594520	0.0015200641	0.1901495300
0.0765646470	-0.0009999500	-0.0667031180	0.0015491706	0.1901842500
0.0728324350	-0.0009999500	-0.0664173070	0.0017614428	0.1906863900
0.0631935890	-0.0009999500	-0.0656874330	0.0015998318	0.1927375600
0.0515518560	-0.0009999500	-0.0647326480	0.0020764941	0.1944100000
0.0509251390	-0.0009999500	-0.0646811500	0.0020658859	0.1945038100
0.0460062360	-0.0009999500	-0.0642543810	0.0021120385	0.1954163500
0.0410567370	-0.0009999500	-0.0638271050	0.0020598385	0.1962888500
0.0396014750	-0.0009999500	-0.0636964740	0.0020789149	0.1967973400
0.0372612890	-0.0009999500	-0.0634772780	0.0021565258	0.1975846000
0.0275323390	-0.0009999500	-0.0625797580	0.0021512748	0.2008346600
0.0239214390	-0.0009999500	-0.0622279760	0.0022149648	0.2013975200
0.0057253246	-0.0009999500	-0.0603622120	0.0022360563	0.2060039000
0.0007289429	-0.0009999500	-0.0598382350	0.0021549124	0.2078200900
-0.0000034454	-0.0009999500	-0.0597564130	0.0021619815	0.2081339400
-0.0050448072	-0.0009999500	-0.0591831390	0.0023864523	0.2104742200
-0.0163300480	-0.0009999500	-0.0578833780	0.0023795462	0.2155023500
-0.0261869130	-0.0009999500	-0.0566648060	0.0024649298	0.2197507500
-0.0321691410	-0.0009999500	-0.0559125020	0.0024304901	0.2225848100
-0.0367539230	-0.0009999500	-0.0552959290	0.0024076150	0.2248940200
-0.0450126750	-0.0009999500	-0.0541906580	0.0022949531	0.2288412900
-0.0501333770	-0.0009999500	-0.0534668300	0.0025471756	0.2332845300
-0.0528940150	-0.0009999500	-0.0530752950	0.0024794285	0.2354900700
-0.0610256080	-0.0009999500	-0.0518754010	0.0028560005	0.2386356300
-0.0611174070	-0.0009999500	-0.0518617930	0.0028572451	0.2387128200
-0.0612245020	-0.0009999500	-0.0518453120	0.0028564847	0.2387702300
-0.0709471180	-0.0009999500	-0.0503399220	0.0026826641	0.2451974500
-0.0717708690	-0.0009999500	-0.0502066390	0.0026813832	0.2457614200
-0.0806084350	-0.0009999500	-0.0487640650	0.0023077602	0.2525103700
-0.0832789610	-0.0009999500	-0.0483072400	0.0023187438	0.2548582600
-0.0947142470	-0.0009999500	-0.0463067740	0.0024607303	0.2653340400
-0.0961923750	-0.0009999500	-0.0460408630	0.0024298311	0.2666259700
-0.0995753030	-0.0009999500	-0.0454072430	0.0025357745	0.2701811800
-0.1087537900	-0.0009999500	-0.0436625000	0.0025692318	0.2789008900
-0.1212747300	-0.0009999500	-0.0411094870	0.0026653262	0.2919001000
-0.1228629100	-0.0009999500	-0.0407837370	0.0026124891	0.2938323600
-0.1239885500	-0.0009999500	-0.0405355840	0.0026483616	0.2953170500
-0.1338252300	-0.0009999500	-0.0383667650	0.0024128458	0.3111230400
-0.1384038000	-0.0009999500	-0.0373005640	0.0024920313	0.3175194300
-0.1443524700	-0.0009999500	-0.0358739640	0.0024403831	0.3287389600
-0.1486396000	-0.0009999500	-0.0348213240	0.0022244713	0.3363604800
-0.1544805000	-0.0009999500	-0.0333188510	0.0027751842	0.3471330100
-0.1560074500	-0.0009999500	-0.0329158310	0.0027613733	0.3495935500
-0.1624608800	-0.0009999500	-0.0311712060	0.0020100289	0.3607697500
-0.1707590100	-0.0009999500	-0.0287888830	0.0023236401	0.3808657800
-0.1711504900	-0.0009999500	-0.0286775830	0.0023117304	0.3817393500
-0.1712672000	-0.0009999500	-0.0286428300	0.0023121961	0.3820512900
-0.1723150800	-0.0009999500	-0.0283215900	0.0023729468	0.3858155600
-0.1792939600	-0.0009999500	-0.0261756390	0.0022179344	0.4102870200
-0.1874205900	-0.0009999500	-0.0234535900	0.0024049852	0.4360658800
-0.1901264500	-0.0009999500	-0.0225562100	0.0022937355	0.4441643700
-0.1910081800	-0.0009999500	-0.0222427580	0.0023221256	0.4474990400
-0.1999650600	-0.0009999500	-0.0189185270	0.0022359602	0.4933883800
-0.2000619300	-0.0009999500	-0.0188810600	0.0022324659	0.4938878100
-0.2004273400	-0.0009999500	-0.0187290500	0.0022352482	0.4957593700
-0.2110739800	-0.0009999500	-0.0142759300	0.0016974962	0.5513145300
-0.2128680800	-0.0009999500	-0.0134338380	0.0016443567	0.5643934600
-0.2235219500	-0.0009999500	-0.0080458876	0.0014845244	0.6477562200
-0.2252143300	-0.0009999500	-0.0071416697	0.0013361919	0.6630639400
-0.2277488900	-0.0009999500	-0.0055930531	0.0013281599	0.7010771600
-0.2327895800	-0.0009999500	-0.0022870067	0.0010432190	0.7719803500
-0.2361890200	-0.0009999500	0.0001446344	0.0006301930	0.8297752100
-0.2388341900	-0.0009999500	0.0024529402	0.0005110717	0.8782296800
-0.2408270400	-0.0009999500	0.0041907728	0.0003923239	0.9066962600
-0.2421877800	-0.0009999500	0.0056580412	0.0002677077	0.9313568500
-0.2436321800	-0.0009999500	0.0072304001	0.0001464666	0.9577611700
-0.2446230900	-0.0009999500	0.0085661635	0.0000953596	0.9696706500
-0.2456869900	-0.0009999500	0.0099983662	0.0000172906	0.9825457300
-0.2463101000	-0.0009999500	0.0110120860	-0.0000143870	0.9867167500
-0.2464507400	-0.0009999500	0.0112386550	-0.0000214249	0.9877020700
-0.2465939200	-0.0009999500	0.0115039140	-0.0000251771	0.9854917500
-0.2470843500	-0.0009999500	0.0124151610	-0.0000390068	0.9765841400
-0.2474864300	-0.0009999500	0.0133276890	-0.0000510871	0.9627284400
-0.2480655900	-0.0009999500	0.0146796180	-0.0000642704	0.9385259700
-0.2487630400	-0.0009999500	0.0171215570	-0.0000768296	0.8452983500
-0.2487633700	-0.0009999500	0.0171226730	-0.0000768360	0.8452557900
-0.2487634900	-0.0009999500	0.0171235240	-0.0000768188	0.8452169900
-0.2490664900	-0.0009999500	0.0208801140	0.0000297619	0.6483758700
-0.2490486800	-0.0009999500	0.0217889360	0.0001247120	0.5765844600
-0.2488525100	-0.0009999500	0.0231396430	0.0003227091	0.4538922600
-0.2486435600	-0.0009999500	0.0240773280	0.0004249483	0.3754124600
-0.2479262400	-0.0009999500	0.0263920130	0.0010326292	0.2054085400
-0.2468202000	-0.0009999500	0.0285429620	0.0017789848	0.0583840200
-0.2463766200	-0.0009999500	0.0293869060	0.0020392075	0.0007933949
-0.2463005300	-0.0009999500	0.0295129870	0.0021173412	-0.0086619351
-0.2462125100	-0.0009999500	0.0296328760	0.0022026129	-0.0169839560
-0.2441237700	-0.0009999500	0.0323398370	0.0038014968	-0.1888971800
-0.2440104600	-0.0009999500	0.0324716160	0.0038106887	-0.1954447600
-0.2439172600	-0.0009999500	0.0325682050	0.0038516838	-0.2021899500
-0.2420896700	-0.0009999500	0.0343899210	0.0042773059	-0.2914798600
-0.2419967100	-0.0009999500	0.0344745780	0.0042844731	-0.2934798900
-0.2417863300	-0.0009999500	0.0346458590	0.0043507332	-0.2977758900
-0.2388411500	-0.0009999500	0.0370243190	0.0043954673	-0.3579550700
-0.2385493200	-0.0009999500	0.0372339340	0.0044310393	-0.3637518300
-0.2376317400	-0.0009999500	0.0378455780	0.0048622304	-0.3776404000
-0.2360454500	-0.0009999500	0.0388997940	0.0046418250	-0.3984997600
-0.2347644000	-0.0009999500	0.0396386160	0.0045118484	-0.4117363100
-0.2331692100	-0.0009999500	0.0405764470	0.0037569749	-0.4219242300
-0.2322090100	-0.0009999500	0.0410799940	0.0034034818	-0.4253052800
-0.2287237000	-0.0009999500	0.0428032760	0.0036045433	-0.4404718600
-0.2280509000	-0.0009999500	0.0431181530	0.0036261346	-0.4420670000
-0.2254251100	-0.0009999500	0.0442340340	0.0040960780	-0.4435326500
-0.2239076500	-0.0009999500	0.0448702690	0.0043495626	-0.4443396600
-0.2217724200	-0.0009999500	0.0456545580	0.0043253470	-0.4450849300
-0.2188371300	-0.0009999500	0.0467460710	0.0042760491	-0.4455632000
-0.2184107500	-0.0009999500	0.0468907730	0.0042071507	-0.4448199300
-0.2173880000	-0.0009999500	0.0472163600	0.0043009655	-0.4440266500
-0.2102406900	-0.0009999500	0.0494107600	0.0039116694	-0.4381055200
-0.2087524500	-0.0009999500	0.0498297140	0.0038208312	-0.4367276700
-0.2022610800	-0.0009999500	0.0514702350	0.0044812791	-0.4289482800
-0.2015493100	-0.0009999500	0.0516456440	0.0044800919	-0.4278284600
-0.2003216000	-0.0009999500	0.0519168080	0.0044196728	-0.4253247100
-0.1957654100	-0.0009999500	0.0529218580	0.0042966985	-0.4181317400
-0.1901423300	-0.0009999500	0.0540037230	0.0035984641	-0.4093307000
-0.1858008100	-0.0009999500	0.0547973030	0.0032381091	-0.4034755200
-0.1727692000	-0.0009999500	0.0568067170	0.0026740035	-0.3857337500
-0.1718236500	-0.0009999500	0.0569367740	0.0026911855	-0.3844910000
-0.1702602200	-0.0009999500	0.0571206100	0.0026726064	-0.3825044900
-0.1605141900	-0.0009999500	0.0582975190	0.0027324324	-0.3699301800
-0.1535088300	-0.0009999500	0.0589948300	0.0025414069	-0.3610797500
-0.1498459300	-0.0009999500	0.0593450440	0.0025530069	-0.3564955600
-0.1471787800	-0.0009999500	0.0595539960	0.0027332643	-0.3530249600
-0.1378383900	-0.0009999500	0.0602777380	0.0028174186	-0.3402891500
-0.1349905900	-0.0009999500	0.0604403090	0.0026757607	-0.3371372200
-0.1212309000	-0.0009999500	0.0612072050	0.0023522201	-0.3210612800
-0.1186779200	-0.0009999500	0.0612983740	0.0022721296	-0.3184069100
-0.1052305700	-0.0009999500	0.0617601720	0.0021093339	-0.3064449400
-0.1000866000	-0.0009999500	0.0618654640	0.0021070642	-0.3002344400
-0.0861066800	-0.0009999500	0.0620158090	0.0027596301	-0.2842034400
-0.0831834820	-0.0009999500	0.0620579980	0.0027319030	-0.2810775900
-0.0806001650	-0.0009999500	0.0620541420	0.0027654398	-0.2783599800
-0.0764993350	-0.0009999500	0.0619959870	0.0028058489	-0.2746217800
-0.0554912720	-0.0009999500	0.0617840220	0.0028916060	-0.2551225100
-0.0425583500	-0.0009999500	0.0614104120	0.0025558017	-0.2427747100
-0.0322441640	-0.0009999500	0.0610806940	0.0025202782	-0.2329563600
-0.0175980610	-0.0009999500	0.0603594260	0.0022745219	-0.2196973600
-0.0040231473	-0.0009999500	0.0597245800	0.0021688953	-0.2062396600
0.0168655050	-0.0009999500	0.0583821160	0.0018268374	-0.1889218500
0.0249135620	-0.0009999500	0.0578438600	0.0017979388	-0.1818911700
0.0299320000	-0.0009999500	0.0574485140	0.0017944417	-0.1768844400
0.0454798940	-0.0009999500	0.0562381600	0.0017949897	-0.1605992800
0.0567329040	-0.0009999500	0.0552415620	0.0019918766	-0.1498012700
0.0709100660	-0.0009999500	0.0539717940	0.0020272244	-0.1372083600
0.0816266760	-0.0009999500	0.0529103730	0.0020323542	-0.1261519000
0.0937173660	-0.0009999500	0.0517032370	0.0021756651	-0.1153126500
1 2 
2 3 
3 4 
4 5 
5 6 
6 7 
7 8 
8 9 
9 10 
10 11 
11 12 
12 13 
13 14 
14 15 
15 16 
16 17 
17 18 
18 19 
19 20 
20 21 
21 22 
22 23 
23 24 
24 25 
25 26 
26 27 
27 28 
28 29 
29 30 
30 31 
31 32 
32 33 
33 34 
34 35 
35 36 
36 37 
37 38 
38 39 
39 40 
40 41 
41 42 
42 43 
43 44 
44 45 
45 46 
46 47 
47 48 
48 49 
49 50 
50 51 
51 52 
52 53 
53 54 
54 55 
55 56 
56 57 
57 58 
58 59 
59 60 
60 61 
61 62 
62 63 
63 64 
64 65 
65 66 
66 67 
67 68 
68 69 
69 70 
70 71 
71 72 
72 73 
73 74 
74 75 
75 76 
76 77 
77 78 
78 79 
79 80 
80 81 
81 82 
82 83 
83 84 
84 85 
85 86 
86 87 
87 88 
88 89 
89 90 
90 91 
91 92 
92 93 
93 94 
94 95 
95 96 
96 97 
97 98 
98 99 
99 100 
100 101 
101 102 
102 103 
103 104 
104 105 
105 106 
106 107 
107 108 
108 109 
109 110 
110 111 
111 112 
112 113 
113 114 
114 115 
115 116 
116 117 
117 118 
118 119 
119 120 
120 121 
121 122 
122 123 
123 124 
124 125 
125 126 
126 127 
127 128 
128 129 
129 130 
130 131 
131 132 
132 133 
133 134 
134 135 
135 136 
136 137 
137 138 
138 139 
139 140 
140 141 
141 142 
142 143 
143 144 
144 145 
145 146 
146 147 
147 148 
148 149 
149 150 
150 151 
151 152 
152 153 
153 154 
154 155 
155 156 
156 157 
157 158 
158 159 
159 160 
160 161 
161 162 
162 163 
163 164 
164 165 
165 166 
166 167 
167 168 
168 169 
169 170 
170 171 
171 172 
172 173 
173 174 
174 175 
175 176 
176 177 
177 178 
178 179 
179 180 
180 181 
181 182 
182 183 
183 184 
184 185 
185 186 
186 187 
187 188 
188 189 
189 190 
190 191 
191 192 
192 193 
193 194 
194 195 
195 196 
196 197 
197 198 
198 199 
199 200 
200 201 
201 202 
202 203 
203 204 
204 205 
205 206 
206 207 
207 208 
208 209 
209 210 
210 211 
211 212 
212 213 
213 214 
214 215 
215 216 
216 217 
217 218 
218 219 
219 220 
220 221 
221 222 
222 223 
223 224 
224 225 
225 226 
226 227 
227 228 
228 229 
229 230 
230 231 
231 232 
232 233 
233 234 
234 235 
235 236 
236 237 
237 238 
238 239 
239 240 
240 241 
241 242 
242 243 
243 244 
244 245 
245 246 
246 247 
247 248 
248 249 
249 250 
250 251 
251 252 
252 253 
253 254 
254 255 
255 256 
256 257 
257 258 
258 259 
259 260 
260 261 
261 262 
262 263 
263 264 
264 265 
265 266 
266 267 
267 268 
268 269 
269 270 
270 271 
271 272 
272 273 
273 274 
274 275 
275 276 
276 277 
277 278 
278 279 
279 280 
280 281 
281 282 
282 283 
283 284 
284 285 
285 286 
286 287 
287 288 
288 289 
289 290 
290 291 
291 292 
292 293 
293 294 
294 295 
295 296 
296 297 
297 298 
298 299 
299 300 
300 301 
301 302 
302 303 
303 304 
304 305 
305 306 
306 307 
307 308 
308 309 
309 310 
310 311 
311 312 
ZONE T="Slice: Y=-0.035"
STRANDID=0, SOLUTIONTIME=0
Nodes=493, Elements=492, ZONETYPE=FELineSeg
DATAPACKING=POINT
DT=(DOUBLE DOUBLE DOUBLE DOUBLE DOUBLE )
0.0905396490	-0.0349999520	0.0520318900	0.0028407470	-0.1243159800
0.1021126100	-0.0349999520	0.0508134850	0.0028713653	-0.1134724100
0.1028018000	-0.0349999520	0.0507413740	0.0028639345	-0.1127753600
0.1039570100	-0.0349999520	0.0506147070	0.0028588296	-0.1117889400
0.1158921800	-0.0349999520	0.0493007530	0.0027567530	-0.1008998800
0.1227561000	-0.0349999520	0.0485128760	0.0027365973	-0.0943587500
0.1277624400	-0.0349999520	0.0479402280	0.0026912120	-0.0896282570
0.1304135500	-0.0349999520	0.0476291440	0.0026526537	-0.0866465720
0.1460277400	-0.0349999520	0.0457469000	0.0026389943	-0.0719135630
0.1492406600	-0.0349999520	0.0453572720	0.0026002773	-0.0688768250
0.1509296400	-0.0349999520	0.0451456720	0.0026038277	-0.0675124970
0.1708264500	-0.0349999520	0.0426105600	0.0024943839	-0.0500321650
0.1717649500	-0.0349999520	0.0424894990	0.0024901079	-0.0492260530
0.1727583600	-0.0349999520	0.0423580740	0.0024942506	-0.0482498930
0.1884865000	-0.0349999520	0.0402614620	0.0024447992	-0.0336364360
0.1888541900	-0.0349999520	0.0402125230	0.0024427059	-0.0332731720
0.1889716400	-0.0349999520	0.0401966050	0.0024417399	-0.0331741680
0.2022241800	-0.0349999520	0.0383699720	0.0022161390	-0.0207895320
0.2191813100	-0.0349999520	0.0359730310	0.0023047060	-0.0067864326
0.2194989300	-0.0349999520	0.0359276980	0.0023032155	-0.0064679328
0.2201569400	-0.0349999520	0.0358316340	0.0023037258	-0.0058421115
0.2335772100	-0.0349999520	0.0338773280	0.0022662420	0.0076853572
0.2481346700	-0.0349999520	0.0316984840	0.0022251701	0.0201264730
0.2531432500	-0.0349999520	0.0309484680	0.0022007865	0.0245519190
0.2553367900	-0.0349999520	0.0306150470	0.0021753507	0.0264184460
0.2643148900	-0.0349999520	0.0292299890	0.0021720417	0.0357367730
0.2735395700	-0.0349999520	0.0278021840	0.0020929718	0.0437673780
0.2907304500	-0.0349999520	0.0250763970	0.0019884796	0.0577730870
0.2940058700	-0.0349999520	0.0245555810	0.0019908962	0.0609537440
0.2974720300	-0.0349999520	0.0239910350	0.0019818227	0.0636593550
0.3158524300	-0.0349999520	0.0209944860	0.0019237424	0.0789551360
0.3306184100	-0.0349999520	0.0185281600	0.0018566346	0.0910630750
0.3358468100	-0.0349999520	0.0176540000	0.0018316623	0.0950528310
0.3387802500	-0.0349999520	0.0171534310	0.0018348543	0.0978573930
0.3535758900	-0.0349999520	0.0146302970	0.0017421102	0.1107832000
0.3684882200	-0.0349999520	0.0120343260	0.0017454502	0.1227934900
0.3757005600	-0.0349999520	0.0107786340	0.0017061727	0.1284622100
0.3818537300	-0.0349999520	0.0096808253	0.0017015499	0.1323753400
0.4015295800	-0.0349999520	0.0061768591	0.0016302827	0.1501837100
0.4080459800	-0.0349999520	0.0049911346	0.0016350473	0.1552340200
0.4293274300	-0.0349999520	0.0011000891	0.0015780792	0.1701428300
0.4356349400	-0.0349999520	-0.0000652007	0.0015375704	0.1753818200
0.4506218100	-0.0349999520	-0.0028742910	0.0015335362	0.1869877900
0.4573617000	-0.0349999520	-0.0041358671	0.0015142722	0.1919354300
0.4649623600	-0.0349999520	-0.0055864118	0.0015251562	0.1975965600
0.4806891700	-0.0349999520	-0.0085869534	0.0014525546	0.2084651100
0.4966168700	-0.0349999520	-0.0116747110	0.0014962847	0.2218420500
0.5046019600	-0.0349999520	-0.0132405510	0.0014870605	0.2275512200
0.5298075700	-0.0349999520	-0.0182286460	0.0014089824	0.2449390600
0.5507326700	-0.0349999520	-0.0224481430	0.0013015922	0.2590144900
0.5693521500	-0.0349999520	-0.0262423570	0.0011955296	0.2728307200
0.5820828100	-0.0349999520	-0.0288872590	0.0011411472	0.2827209500
0.5979453300	-0.0349999520	-0.0321889370	0.0010760669	0.2947154300
0.6058393700	-0.0349999520	-0.0338519140	0.0010383459	0.3010462500
0.6242207900	-0.0349999520	-0.0377608610	0.0009719831	0.3157604300
0.6351134800	-0.0349999520	-0.0401056930	0.0009472896	0.3250240100
0.6466989500	-0.0349999520	-0.0426139460	0.0009733842	0.3348965900
0.6638699200	-0.0349999520	-0.0463923250	0.0008964317	0.3504201500
0.6719477200	-0.0349999520	-0.0481659360	0.0008828711	0.3574551900
0.6734612000	-0.0349999520	-0.0485015660	0.0008753506	0.3585864000
0.6820091600	-0.0349999520	-0.0504123680	0.0008266868	0.3688546100
0.6892585800	-0.0349999520	-0.0520347250	0.0007972778	0.3765580100
0.6916112900	-0.0349999520	-0.0525688340	0.0007762882	0.3794664400
0.7061818200	-0.0349999520	-0.0558685620	0.0007058732	0.3933270600
0.7152782100	-0.0349999520	-0.0579524410	0.0006341133	0.4052524900
0.7214954500	-0.0349999520	-0.0593868310	0.0005299936	0.4127340600
0.7327390900	-0.0349999520	-0.0619980280	0.0003676315	0.4282094200
0.7381916000	-0.0349999520	-0.0632667390	0.0003040608	0.4387196000
0.7415410300	-0.0349999520	-0.0640526560	0.0001909437	0.4444338400
0.7432542400	-0.0349999520	-0.0644532960	0.0001587760	0.4505387200
0.7441393700	-0.0349999520	-0.0646610190	0.0001402195	0.4534940100
0.7452895000	-0.0349999520	-0.0649304170	0.0001071541	0.4562878600
0.7457526300	-0.0349999520	-0.0650396790	0.0000683751	0.4569012800
0.7465145000	-0.0349999520	-0.0652183370	0.0000451765	0.4606192400
0.7466983200	-0.0349999520	-0.0652617290	0.0000345175	0.4615421900
0.7470169100	-0.0349999520	-0.0653364730	0.0000212186	0.4643891500
0.7470424200	-0.0349999520	-0.0653424930	0.0000207777	0.4643021200
0.7471147200	-0.0349999520	-0.0653594580	0.0000478829	0.4663000400
0.7471184700	-0.0349999520	-0.0653603370	0.0000593059	0.4660827800
0.7471361200	-0.0349999520	-0.0653644800	0.0000996181	0.4668062600
0.7471380200	-0.0349999520	-0.0653649200	0.0001550045	0.4669020200
0.7471460100	-0.0349999520	-0.0653668050	0.0002034502	0.4673048000
0.7471445800	-0.0349999520	-0.0653668870	0.0002086175	0.4672707600
0.7471339100	-0.0349999520	-0.0653674900	0.0002293132	0.4673786200
0.7471276500	-0.0349999520	-0.0653678550	0.0002056236	0.4674975300
0.7470731700	-0.0349999520	-0.0653709400	0.0001248050	0.4660811700
0.7469806100	-0.0349999520	-0.0653762370	0.0001805927	0.4658113100
0.7468433400	-0.0349999520	-0.0653840010	0.0001705130	0.4644300600
0.7464244400	-0.0349999520	-0.0654079020	0.0001311806	0.4604504700
0.7462197500	-0.0349999520	-0.0654194650	0.0001293340	0.4590873400
0.7458024600	-0.0349999520	-0.0654429720	0.0001569951	0.4572047000
0.7449958900	-0.0349999520	-0.0654885400	0.0002739823	0.4528677800
0.7432299900	-0.0349999520	-0.0655873120	0.0003414451	0.4479286700
0.7410219300	-0.0349999520	-0.0657118630	0.0004519859	0.4421188500
0.7380934400	-0.0349999520	-0.0658735260	0.0004901231	0.4350869400
0.7336899000	-0.0349999520	-0.0661168770	0.0006035619	0.4253768300
0.7292574600	-0.0349999520	-0.0663554970	0.0006348242	0.4186528600
0.7226614400	-0.0349999520	-0.0667058830	0.0006171504	0.4090410200
0.7156106200	-0.0349999520	-0.0670724440	0.0006810709	0.3982309100
0.7101255100	-0.0349999520	-0.0673514080	0.0007374510	0.3915971500
0.7003528500	-0.0349999520	-0.0678375510	0.0007480190	0.3820728400
0.6964163800	-0.0349999520	-0.0680295900	0.0007547160	0.3771778600
0.6855968200	-0.0349999520	-0.0685387100	0.0007810380	0.3687915500
0.6796681900	-0.0349999520	-0.0688147770	0.0007765503	0.3639903700
0.6720284800	-0.0349999520	-0.0691569150	0.0007921199	0.3546787200
0.6648384900	-0.0349999520	-0.0694726850	0.0009149016	0.3492327000
0.6565170900	-0.0349999520	-0.0698280040	0.0009193608	0.3437994100
0.6522292500	-0.0349999520	-0.0700058710	0.0008330302	0.3400532900
0.6448749900	-0.0349999520	-0.0703049530	0.0008515249	0.3343574400
0.6398063300	-0.0349999520	-0.0705062750	0.0009158520	0.3311636100
0.6278855800	-0.0349999520	-0.0709636430	0.0009855071	0.3241808700
0.6232995400	-0.0349999520	-0.0711366910	0.0008670391	0.3209669900
0.6209085000	-0.0349999520	-0.0712226180	0.0008604097	0.3195287300
0.6043899100	-0.0349999520	-0.0718079360	0.0008823728	0.3092320000
0.6024696200	-0.0349999520	-0.0718731660	0.0008873481	0.3080356100
0.5993046800	-0.0349999520	-0.0719758640	0.0009705871	0.3066492700
0.5871305500	-0.0349999520	-0.0723744560	0.0008713704	0.3000746400
0.5826482800	-0.0349999520	-0.0725113970	0.0009045612	0.2980360700
0.5684934900	-0.0349999520	-0.0729370640	0.0011247175	0.2922945900
0.5652195800	-0.0349999520	-0.0730310160	0.0011038180	0.2900988200
0.5559287700	-0.0349999520	-0.0732888280	0.0008984844	0.2853073500
0.5507624100	-0.0349999520	-0.0734242570	0.0010635399	0.2827862800
0.5410456100	-0.0349999520	-0.0736736950	0.0011173003	0.2781011200
0.5346800700	-0.0349999520	-0.0738295540	0.0011472299	0.2759062600
0.5270767800	-0.0349999520	-0.0740082560	0.0011663572	0.2721522200
0.5218445100	-0.0349999520	-0.0741275620	0.0010607301	0.2699030000
0.5100737200	-0.0349999520	-0.0743784980	0.0010721412	0.2654804300
0.5049089200	-0.0349999520	-0.0744834910	0.0011001673	0.2631039600
0.4947086300	-0.0349999520	-0.0746780260	0.0012365791	0.2588947400
0.4898014700	-0.0349999520	-0.0747661370	0.0011994408	0.2568459800
0.4782125400	-0.0349999520	-0.0749622210	0.0009914625	0.2529051900
0.4699497800	-0.0349999520	-0.0750856550	0.0011420455	0.2500852000
0.4627743400	-0.0349999520	-0.0751929060	0.0011043396	0.2468239700
0.4501175000	-0.0349999520	-0.0753518340	0.0012858004	0.2432829400
0.4444850400	-0.0349999520	-0.0754219590	0.0013029047	0.2412376600
0.4390077900	-0.0349999520	-0.0754808340	0.0013861803	0.2395955200
0.4274552500	-0.0349999520	-0.0755899700	0.0014000188	0.2356382000
0.4221391700	-0.0349999520	-0.0756358360	0.0012844815	0.2333150200
0.4159973600	-0.0349999520	-0.0756816720	0.0014447057	0.2312831900
0.4065122600	-0.0349999520	-0.0757435490	0.0013072286	0.2284618600
0.3993444700	-0.0349999520	-0.0757805560	0.0013363165	0.2265877600
0.3915711000	-0.0349999520	-0.0758115570	0.0014897772	0.2245813000
0.3847155300	-0.0349999520	-0.0758310330	0.0014085420	0.2233889800
0.3785108000	-0.0349999520	-0.0758432450	0.0013523639	0.2214881300
0.3741020600	-0.0349999520	-0.0758463520	0.0012958220	0.2199231700
0.3664265900	-0.0349999520	-0.0758482740	0.0013011852	0.2172810900
0.3601720600	-0.0349999520	-0.0758399890	0.0014272530	0.2150610100
0.3541878200	-0.0349999520	-0.0758310930	0.0014157685	0.2132278700
0.3482144800	-0.0349999520	-0.0758088310	0.0014330537	0.2123250400
0.3401319100	-0.0349999520	-0.0757797730	0.0014366468	0.2104288800
0.3337342700	-0.0349999520	-0.0757410000	0.0014395554	0.2086290100
0.3257790200	-0.0349999520	-0.0756919760	0.0013149909	0.2071514400
0.3201780900	-0.0349999520	-0.0756448510	0.0014349256	0.2057326700
0.3149289200	-0.0349999520	-0.0756016670	0.0013618424	0.2040324800
0.3062580500	-0.0349999520	-0.0755092350	0.0013969601	0.2017120100
0.3003840100	-0.0349999520	-0.0754475150	0.0011982796	0.2007261500
0.2960344300	-0.0349999520	-0.0753887740	0.0015051246	0.2002186500
0.2881552900	-0.0349999520	-0.0752816950	0.0016142684	0.1985060700
0.2838695000	-0.0349999520	-0.0752221640	0.0014289584	0.1971536400
0.2801039200	-0.0349999520	-0.0751589460	0.0015998824	0.1966195400
0.2728127200	-0.0349999520	-0.0750390370	0.0016285108	0.1955863500
0.2690641600	-0.0349999520	-0.0749702530	0.0016131583	0.1949914700
0.2613048300	-0.0349999520	-0.0748227610	0.0014501062	0.1942960900
0.2567149700	-0.0349999520	-0.0747282880	0.0014162593	0.1935864500
0.2505157300	-0.0349999520	-0.0745953620	0.0012836804	0.1927282400
0.2448127700	-0.0349999520	-0.0744610650	0.0014362481	0.1914161700
0.2402169400	-0.0349999520	-0.0743549470	0.0013572773	0.1903353000
0.2334569200	-0.0349999520	-0.0741815050	0.0014073624	0.1886334100
0.2303956300	-0.0349999520	-0.0741026550	0.0013215143	0.1881851000
0.2224949900	-0.0349999520	-0.0738821630	0.0015313838	0.1865178200
0.2202879900	-0.0349999520	-0.0738185350	0.0015076827	0.1862636200
0.2127081500	-0.0349999520	-0.0735897200	0.0013740354	0.1858427200
0.2116263100	-0.0349999520	-0.0735560880	0.0013090238	0.1857420800
0.2092386800	-0.0349999520	-0.0734773870	0.0015623686	0.1858000600
0.2001735000	-0.0349999520	-0.0731786410	0.0015148766	0.1863040500
0.1968963000	-0.0349999520	-0.0730645280	0.0016345600	0.1858176000
0.1901435400	-0.0349999520	-0.0728205220	0.0015888122	0.1856351000
0.1842292100	-0.0349999520	-0.0725985240	0.0016934451	0.1851272600
0.1799344000	-0.0349999520	-0.0724317130	0.0016960901	0.1851519600
0.1737185100	-0.0349999520	-0.0721774400	0.0016599083	0.1858990600
0.1659770900	-0.0349999520	-0.0718517970	0.0017402480	0.1851005000
0.1628797500	-0.0349999520	-0.0717153400	0.0015684235	0.1845080400
0.1566237200	-0.0349999520	-0.0714313460	0.0015578327	0.1839318900
0.1490961900	-0.0349999520	-0.0710747240	0.0018721165	0.1834960300
0.1451411500	-0.0349999520	-0.0708847340	0.0018387161	0.1838423300
0.1329016400	-0.0349999520	-0.0702583120	0.0022746117	0.1832693800
0.1324747800	-0.0349999520	-0.0702363180	0.0022711247	0.1832527500
0.1323964700	-0.0349999520	-0.0702320640	0.0022724168	0.1832651200
0.1207470100	-0.0349999520	-0.0695862470	0.0023787194	0.1834412800
0.1205745800	-0.0349999520	-0.0695763680	0.0023802606	0.1834398200
0.1198837300	-0.0349999520	-0.0695350990	0.0023839629	0.1834047900
0.1102600500	-0.0349999520	-0.0689610470	0.0020991627	0.1836857900
0.1019897300	-0.0349999520	-0.0684470910	0.0024275763	0.1838115000
0.0995745810	-0.0349999520	-0.0682942870	0.0024077613	0.1842518900
0.0983678480	-0.0349999520	-0.0682148930	0.0024270016	0.1843318900
0.0873835910	-0.0349999520	-0.0674733670	0.0024381570	0.1849811200
0.0851065140	-0.0349999520	-0.0673175680	0.0024131681	0.1848983300
0.0834169760	-0.0349999520	-0.0671981350	0.0024327820	0.1850157100
0.0773705990	-0.0349999520	-0.0667578800	0.0024578313	0.1860239500
0.0744643290	-0.0349999520	-0.0665484520	0.0022767413	0.1869781900
0.0689612550	-0.0349999520	-0.0661256610	0.0024951743	0.1872388000
0.0623530040	-0.0349999520	-0.0656167570	0.0025140460	0.1883283300
0.0541511330	-0.0349999520	-0.0649461520	0.0024344548	0.1888545900
0.0508726200	-0.0349999520	-0.0646766870	0.0024030158	0.1894268200
0.0482097490	-0.0349999520	-0.0644463150	0.0024205627	0.1900072800
0.0422138460	-0.0349999520	-0.0639287310	0.0024717011	0.1914921000
0.0393077690	-0.0349999520	-0.0636682140	0.0025433319	0.1919024600
0.0349619760	-0.0349999520	-0.0632744360	0.0025858024	0.1928778700
0.0281303560	-0.0349999520	-0.0626327170	0.0025840121	0.1940354900
0.0260631050	-0.0349999520	-0.0624394570	0.0025750645	0.1945317500
0.0258544270	-0.0349999520	-0.0624196750	0.0025712472	0.1946528900
0.0254999360	-0.0349999520	-0.0623849700	0.0025771293	0.1946297700
0.0206612720	-0.0349999520	-0.0619057980	0.0025971397	0.1959883400
0.0153484930	-0.0349999520	-0.0613806620	0.0026100912	0.1976749700
0.0116905640	-0.0349999520	-0.0609994640	0.0026027913	0.1983996600
0.0049150721	-0.0349999520	-0.0602918490	0.0025659970	0.2001054300
0.0043533002	-0.0349999520	-0.0602308440	0.0025638130	0.2002818600
-0.0017441086	-0.0349999520	-0.0595641550	0.0025681775	0.2030451400
-0.0024068211	-0.0349999520	-0.0594918500	0.0025618355	0.2033847000
-0.0027952117	-0.0349999520	-0.0594484280	0.0025665298	0.2035398600
-0.0094219791	-0.0349999520	-0.0586968880	0.0025621814	0.2063048200
-0.0145705120	-0.0349999520	-0.0580908730	0.0025440224	0.2074305100
-0.0173343220	-0.0349999520	-0.0577651300	0.0025174819	0.2082739500
-0.0197371430	-0.0349999520	-0.0574710000	0.0025210874	0.2086422400
-0.0249315670	-0.0349999520	-0.0568342620	0.0025723543	0.2108786000
-0.0294460280	-0.0349999520	-0.0562603590	0.0024448044	0.2136314500
-0.0341660050	-0.0349999520	-0.0556502120	0.0024395272	0.2163512900
-0.0416431390	-0.0349999520	-0.0546471480	0.0025493044	0.2191772500
-0.0456097570	-0.0349999520	-0.0541077290	0.0026010336	0.2216139700
-0.0522849000	-0.0349999520	-0.0531622470	0.0026012297	0.2257646300
-0.0528241950	-0.0349999520	-0.0530854760	0.0026097372	0.2262000000
-0.0531906820	-0.0349999520	-0.0530312430	0.0026075688	0.2263492300
-0.0597557130	-0.0349999520	-0.0520654690	0.0026668065	0.2302870000
-0.0620533300	-0.0349999520	-0.0517196730	0.0026728411	0.2318071100
-0.0683590620	-0.0349999520	-0.0507461130	0.0026135218	0.2354130900
-0.0693634230	-0.0349999520	-0.0505905670	0.0026065673	0.2359707200
-0.0700096790	-0.0349999520	-0.0504878390	0.0026031676	0.2363801300
-0.0759786370	-0.0349999520	-0.0495289970	0.0025477590	0.2401971800
-0.0769087520	-0.0349999520	-0.0493771060	0.0025437421	0.2408131800
-0.0794941480	-0.0349999520	-0.0489453710	0.0025806151	0.2427753500
-0.0822133120	-0.0349999520	-0.0484931390	0.0026674529	0.2457365800
-0.0854260700	-0.0349999520	-0.0479434510	0.0026701516	0.2478663800
-0.0903478410	-0.0349999520	-0.0470886040	0.0027067068	0.2518831800
-0.0957318620	-0.0349999520	-0.0461224170	0.0026368802	0.2567194700
-0.0974922850	-0.0349999520	-0.0458030850	0.0026185555	0.2587410800
-0.1009732700	-0.0349999520	-0.0451539680	0.0026664619	0.2599674200
-0.1041711200	-0.0349999520	-0.0445497410	0.0026710615	0.2631030400
-0.1088704500	-0.0349999520	-0.0436431360	0.0026764123	0.2672070300
-0.1129636000	-0.0349999520	-0.0428256580	0.0026587747	0.2709924300
-0.1153417500	-0.0349999520	-0.0423497670	0.0026280614	0.2739678900
-0.1157850600	-0.0349999520	-0.0422595550	0.0026299349	0.2744137600
-0.1200629800	-0.0349999520	-0.0413689990	0.0026039081	0.2801628400
-0.1219230600	-0.0349999520	-0.0409825180	0.0025870114	0.2829287400
-0.1226995700	-0.0349999520	-0.0408175960	0.0025997316	0.2840090400
-0.1279269000	-0.0349999520	-0.0396880320	0.0026824685	0.2903864700
-0.1326751600	-0.0349999520	-0.0386278590	0.0026354300	0.2940011900
-0.1331554200	-0.0349999520	-0.0385200200	0.0026332855	0.2945752100
-0.1365108600	-0.0349999520	-0.0377500500	0.0026480012	0.3019850600
-0.1387364100	-0.0349999520	-0.0372257900	0.0026317741	0.3056163500
-0.1415430200	-0.0349999520	-0.0365634930	0.0026357794	0.3101925000
-0.1435774300	-0.0349999520	-0.0360674150	0.0026060026	0.3131449200
-0.1483136600	-0.0349999520	-0.0349028110	0.0025743697	0.3216960400
-0.1498581500	-0.0349999520	-0.0345120620	0.0025771214	0.3241681800
-0.1556517000	-0.0349999520	-0.0330112170	0.0025611318	0.3347933300
-0.1562704400	-0.0349999520	-0.0328513160	0.0025695438	0.3358528900
-0.1564386900	-0.0349999520	-0.0328059530	0.0025662279	0.3363780700
-0.1572122700	-0.0349999520	-0.0325955150	0.0025534275	0.3374798900
-0.1622261900	-0.0349999520	-0.0312356170	0.0025343552	0.3460756200
-0.1628278600	-0.0349999520	-0.0310697520	0.0025164882	0.3474356200
-0.1638592200	-0.0349999520	-0.0307773130	0.0025258124	0.3495281000
-0.1676947800	-0.0349999520	-0.0296898910	0.0025725406	0.3594391000
-0.1704586600	-0.0349999520	-0.0288806200	0.0025679010	0.3659141400
-0.1710753600	-0.0349999520	-0.0287000720	0.0025614501	0.3677635200
-0.1715618800	-0.0349999520	-0.0285534710	0.0025463433	0.3687097100
-0.1769137400	-0.0349999520	-0.0269229800	0.0024719085	0.3821202800
-0.1779305200	-0.0349999520	-0.0266063340	0.0024807800	0.3851007200
-0.1792006600	-0.0349999520	-0.0261972120	0.0024961133	0.3881501000
-0.1829708800	-0.0349999520	-0.0249884300	0.0024950193	0.4022750300
-0.1868713900	-0.0349999520	-0.0236816500	0.0024655627	0.4127037800
-0.1873349000	-0.0349999520	-0.0235261510	0.0024613999	0.4145757300
-0.1876610400	-0.0349999520	-0.0234124980	0.0024556283	0.4154272700
-0.1937433300	-0.0349999520	-0.0212600530	0.0024126541	0.4352457200
-0.1947444800	-0.0349999520	-0.0208968070	0.0024027774	0.4398796900
-0.1972219800	-0.0349999520	-0.0199572480	0.0023776914	0.4490446200
-0.1996488300	-0.0349999520	-0.0190417110	0.0023649945	0.4609252500
-0.2017723600	-0.0349999520	-0.0181982780	0.0023013348	0.4702819600
-0.2040859800	-0.0349999520	-0.0172715670	0.0022555731	0.4827570000
-0.2076011300	-0.0349999520	-0.0157829210	0.0021912875	0.4987598700
-0.2090823500	-0.0349999520	-0.0151591070	0.0022002626	0.5072778500
-0.2106294500	-0.0349999520	-0.0144668250	0.0022150904	0.5165250900
-0.2128231500	-0.0349999520	-0.0134820530	0.0022901456	0.5329486700
-0.2136400000	-0.0349999520	-0.0130972540	0.0022908989	0.5384934500
-0.2164483100	-0.0349999520	-0.0117637820	0.0021719818	0.5585544100
-0.2173560400	-0.0349999520	-0.0113139300	0.0021205969	0.5652020000
-0.2214639200	-0.0349999520	-0.0092123896	0.0019659408	0.5953508000
-0.2215363500	-0.0349999520	-0.0091742566	0.0019644482	0.5959788600
-0.2216984500	-0.0349999520	-0.0090845888	0.0019637127	0.5975441900
-0.2250251800	-0.0349999520	-0.0072504128	0.0019705396	0.6316393000
-0.2276965500	-0.0349999520	-0.0056718574	0.0019174593	0.6600139700
-0.2279896700	-0.0349999520	-0.0054971823	0.0019155413	0.6634785500
-0.2299070200	-0.0349999520	-0.0042783199	0.0018538798	0.6894576000
-0.2309870100	-0.0349999520	-0.0035925324	0.0018196277	0.7044127600
-0.2312138800	-0.0349999520	-0.0034367098	0.0018197105	0.7074968800
-0.2336279200	-0.0349999520	-0.0017760377	0.0017836769	0.7413321100
-0.2345150600	-0.0349999520	-0.0011145360	0.0017675206	0.7560330600
-0.2357479200	-0.0349999520	-0.0001981911	0.0017123860	0.7791103100
-0.2372159800	-0.0349999520	0.0009761053	0.0016240769	0.8072785700
-0.2374340400	-0.0349999520	0.0011479352	0.0016128036	0.8110914800
-0.2376296700	-0.0349999520	0.0013122264	0.0015967445	0.8157208000
-0.2398631100	-0.0349999520	0.0032845407	0.0013568450	0.8576662500
-0.2405804200	-0.0349999520	0.0039517186	0.0013269645	0.8744334600
-0.2422233500	-0.0349999520	0.0056598652	0.0010153864	0.9104298900
-0.2428643700	-0.0349999520	0.0063335137	0.0008556222	0.9236738700
-0.2445783000	-0.0349999520	0.0084724315	0.0005232302	0.9629706100
-0.2449674500	-0.0349999520	0.0089522842	0.0004379805	0.9702768900
-0.2452076200	-0.0349999520	0.0093182856	0.0003785135	0.9750965800
-0.2466414300	-0.0349999520	0.0115781470	0.0001045984	0.9942826600
-0.2469258200	-0.0349999520	0.0121439940	0.0000498955	0.9942196600
-0.2478933600	-0.0349999520	0.0142311370	-0.0000858748	0.9796221900
-0.2480576300	-0.0349999520	0.0146705360	-0.0001185972	0.9730223400
-0.2485350800	-0.0349999520	0.0161692760	-0.0002170183	0.9470885400
-0.2485492100	-0.0349999520	0.0162216160	-0.0002198482	0.9454171700
-0.2488347000	-0.0349999520	0.0174861220	-0.0002613039	0.8982221500
-0.2488427300	-0.0349999520	0.0175409280	-0.0002594062	0.8955849400
-0.2490156400	-0.0349999520	0.0187320730	-0.0001623400	0.8238226800
-0.2490971200	-0.0349999520	0.0203201140	0.0000255129	0.7315707200
-0.2491071100	-0.0349999520	0.0204852580	0.0000459802	0.7202924500
-0.2491019100	-0.0349999520	0.0206238870	0.0000765818	0.7100379500
-0.2490486800	-0.0349999520	0.0217889360	0.0004407492	0.5955277700
-0.2488997100	-0.0349999520	0.0229420680	0.0009650769	0.5009735800
-0.2488830400	-0.0349999520	0.0230648820	0.0010221670	0.4903767100
-0.2488491800	-0.0349999520	0.0232239480	0.0011217043	0.4745801400
-0.2486786100	-0.0349999520	0.0240562110	0.0015367168	0.3964046200
-0.2485301200	-0.0349999520	0.0246249360	0.0017845818	0.3389320700
-0.2484360900	-0.0349999520	0.0249597770	0.0018762179	0.3074988100
-0.2481859600	-0.0349999520	0.0257154220	0.0023317657	0.2361994400
-0.2480844900	-0.0349999520	0.0260028320	0.0025078237	0.2092194100
-0.2478041600	-0.0349999520	0.0267007910	0.0033674293	0.1263380800
-0.2477702100	-0.0349999520	0.0267807170	0.0034081424	0.1181094800
-0.2474526000	-0.0349999520	0.0274714830	0.0036035900	0.0520558130
-0.2474228300	-0.0349999520	0.0275340690	0.0036172953	0.0471645180
-0.2473907300	-0.0349999520	0.0275965710	0.0036550426	0.0398159700
-0.2470848700	-0.0349999520	0.0281898400	0.0036983581	-0.0148435040
-0.2469944800	-0.0349999520	0.0283535890	0.0036945486	-0.0280000810
-0.2468142500	-0.0349999520	0.0286566780	0.0037775685	-0.0545673820
-0.2465075100	-0.0349999520	0.0291856140	0.0039591159	-0.0987478350
-0.2462089800	-0.0349999520	0.0296474810	0.0042988979	-0.1427490400
-0.2460468100	-0.0349999520	0.0298955440	0.0044825742	-0.1636863200
-0.2456547500	-0.0349999520	0.0304534010	0.0047613130	-0.2069418300
-0.2453865700	-0.0349999520	0.0308103900	0.0049317511	-0.2276801800
-0.2450900500	-0.0349999520	0.0311998990	0.0051240128	-0.2486263700
-0.2449328200	-0.0349999520	0.0313927530	0.0052096973	-0.2664295700
-0.2446460600	-0.0349999520	0.0317442940	0.0053919391	-0.2919347000
-0.2442130100	-0.0349999520	0.0322354920	0.0054502912	-0.3241584300
-0.2438108800	-0.0349999520	0.0326887150	0.0054755566	-0.3438280200
-0.2435986800	-0.0349999520	0.0329070990	0.0056069441	-0.3560344000
-0.2430580600	-0.0349999520	0.0334683510	0.0056259127	-0.3826284100
-0.2425866900	-0.0349999520	0.0339234730	0.0055432888	-0.4098283900
-0.2422567900	-0.0349999520	0.0342361180	0.0055972795	-0.4232725800
-0.2418137900	-0.0349999520	0.0346384760	0.0056267320	-0.4314266700
-0.2411463700	-0.0349999520	0.0352198370	0.0055882486	-0.4533015500
-0.2404092400	-0.0349999520	0.0358212480	0.0058008100	-0.4745264900
-0.2401754400	-0.0349999520	0.0360156480	0.0058762626	-0.4796308600
-0.2398633700	-0.0349999520	0.0362550690	0.0059736971	-0.4866802700
-0.2390720000	-0.0349999520	0.0368576420	0.0062605920	-0.4947014500
-0.2384976900	-0.0349999520	0.0372688170	0.0061939190	-0.5091207600
-0.2381433200	-0.0349999520	0.0375220660	0.0061531169	-0.5163157000
-0.2374573200	-0.0349999520	0.0379890280	0.0061177455	-0.5271539100
-0.2371821700	-0.0349999520	0.0381718430	0.0061192697	-0.5296804300
-0.2364075800	-0.0349999520	0.0386732000	0.0060241426	-0.5290038000
-0.2358371200	-0.0349999520	0.0390284170	0.0060190048	-0.5368976600
-0.2353361500	-0.0349999520	0.0393342410	0.0060058704	-0.5434811100
-0.2347938100	-0.0349999520	0.0396550410	0.0059701350	-0.5458102200
-0.2340232400	-0.0349999520	0.0401015470	0.0059536023	-0.5469160100
-0.2332864100	-0.0349999520	0.0405080910	0.0058948041	-0.5492857100
-0.2322128300	-0.0349999520	0.0410912630	0.0059217355	-0.5514044200
-0.2303904100	-0.0349999520	0.0420159440	0.0056687676	-0.5598984400
-0.2302643500	-0.0349999520	0.0420791210	0.0056525612	-0.5592659700
-0.2275206100	-0.0349999520	0.0433543470	0.0056976429	-0.5568528800
-0.2273412800	-0.0349999520	0.0434343030	0.0057061918	-0.5573229800
-0.2262288000	-0.0349999520	0.0439171120	0.0058749631	-0.5483636300
-0.2247961800	-0.0349999520	0.0445135200	0.0056471033	-0.5531808700
-0.2247247500	-0.0349999520	0.0445432440	0.0056300667	-0.5526595700
-0.2246550800	-0.0349999520	0.0445708150	0.0056288616	-0.5525622400
-0.2223189900	-0.0349999520	0.0454882120	0.0058133636	-0.5430408100
-0.2219119400	-0.0349999520	0.0456401180	0.0059348191	-0.5425147400
-0.2197148200	-0.0349999520	0.0464390700	0.0059139595	-0.5374954300
-0.2193515200	-0.0349999520	0.0465685950	0.0058328067	-0.5351201300
-0.2186267100	-0.0349999520	0.0468129520	0.0057167109	-0.5335785700
-0.2168072000	-0.0349999520	0.0474291560	0.0055925976	-0.5180807100
-0.2151425800	-0.0349999520	0.0479598790	0.0054640287	-0.5202053800
-0.2143846900	-0.0349999520	0.0481997100	0.0055099537	-0.5170868000
-0.2136112900	-0.0349999520	0.0484326300	0.0054629617	-0.5153433100
-0.2123986500	-0.0349999520	0.0487994960	0.0052970326	-0.5066421000
-0.2104632600	-0.0349999520	0.0493567060	0.0050751308	-0.5081974900
-0.2102316500	-0.0349999520	0.0494232770	0.0050421233	-0.5075720500
-0.2093311400	-0.0349999520	0.0496661330	0.0050351381	-0.5059986700
-0.2064233300	-0.0349999520	0.0504485630	0.0050657426	-0.4963021900
-0.2052229000	-0.0349999520	0.0507456060	0.0050114122	-0.4935751000
-0.2022753500	-0.0349999520	0.0514744150	0.0049039029	-0.4814097300
-0.2001480500	-0.0349999520	0.0519648080	0.0048677766	-0.4754896200
-0.1983237700	-0.0349999520	0.0523741170	0.0050427642	-0.4716429700
-0.1964953500	-0.0349999520	0.0527661520	0.0051537608	-0.4672977300
-0.1946679500	-0.0349999520	0.0531473610	0.0051645385	-0.4615319700
-0.1925326100	-0.0349999520	0.0535734070	0.0050696428	-0.4591696900
-0.1911520400	-0.0349999520	0.0538391060	0.0050597176	-0.4574338500
-0.1885448800	-0.0349999520	0.0543234050	0.0050573995	-0.4527111100
-0.1863219000	-0.0349999520	0.0547212210	0.0050471717	-0.4472893500
-0.1834142400	-0.0349999520	0.0552117270	0.0049794541	-0.4419920100
-0.1825100900	-0.0349999520	0.0553628580	0.0049092803	-0.4379373800
-0.1820801800	-0.0349999520	0.0554326330	0.0048762778	-0.4376795000
-0.1793050900	-0.0349999520	0.0558691170	0.0048529495	-0.4332179100
-0.1789480100	-0.0349999520	0.0559219270	0.0048564050	-0.4326299100
-0.1758656100	-0.0349999520	0.0563780520	0.0048564263	-0.4252649500
-0.1746082900	-0.0349999520	0.0565560120	0.0048198875	-0.4229654700
-0.1710633800	-0.0349999520	0.0570352450	0.0048967824	-0.4191249000
-0.1701341000	-0.0349999520	0.0571616220	0.0049009851	-0.4174345700
-0.1700491200	-0.0349999520	0.0571728010	0.0049014315	-0.4171541300
-0.1699209100	-0.0349999520	0.0571889130	0.0049147365	-0.4171191500
-0.1655704500	-0.0349999520	0.0577267890	0.0048829276	-0.4066912800
-0.1643170700	-0.0349999520	0.0578757190	0.0047462412	-0.4029529100
-0.1590797800	-0.0349999520	0.0584555420	0.0048124648	-0.3942757200
-0.1590716800	-0.0349999520	0.0584564210	0.0048121629	-0.3942568600
-0.1590538800	-0.0349999520	0.0584581790	0.0048117203	-0.3942388900
-0.1538362400	-0.0349999520	0.0589796040	0.0046644112	-0.3842244400
-0.1505264600	-0.0349999520	0.0592814420	0.0047615641	-0.3804371100
-0.1493688700	-0.0349999520	0.0593870770	0.0047403224	-0.3784936100
-0.1480272000	-0.0349999520	0.0594976100	0.0047587807	-0.3775349600
-0.1448206900	-0.0349999520	0.0597641100	0.0047577059	-0.3722336600
-0.1443614500	-0.0349999520	0.0598011690	0.0047145159	-0.3708161700
-0.1434985100	-0.0349999520	0.0598660330	0.0046608383	-0.3703679400
-0.1401653900	-0.0349999520	0.0601157660	0.0044033046	-0.3641355600
-0.1360439400	-0.0349999520	0.0603964480	0.0042345295	-0.3601014300
-0.1355287100	-0.0349999520	0.0604308620	0.0042161240	-0.3594234600
-0.1298637200	-0.0349999520	0.0607721950	0.0041009163	-0.3531534400
-0.1294830700	-0.0349999520	0.0607941080	0.0041011768	-0.3525534300
-0.1287701600	-0.0349999520	0.0608313790	0.0041256107	-0.3518335800
-0.1221980800	-0.0349999520	0.0611624530	0.0041857791	-0.3423761400
-0.1204474500	-0.0349999520	0.0612392160	0.0041624592	-0.3399355700
-0.1165560200	-0.0349999520	0.0614013450	0.0042403965	-0.3334225400
-0.1093952500	-0.0349999520	0.0616350920	0.0041717669	-0.3264511200
-0.1072987300	-0.0349999520	0.0617063190	0.0041714231	-0.3237412900
-0.1052750700	-0.0349999520	0.0617586040	0.0040999704	-0.3216928200
-0.1025804600	-0.0349999520	0.0618247020	0.0039379365	-0.3178162600
-0.0995094180	-0.0349999520	0.0618852670	0.0039170007	-0.3145467000
-0.0980093260	-0.0349999520	0.0619152300	0.0038959932	-0.3122501100
-0.0975145400	-0.0349999520	0.0619230490	0.0039035002	-0.3119862100
-0.0922517850	-0.0349999520	0.0619903650	0.0039101875	-0.3066695000
-0.0900365410	-0.0349999520	0.0620198440	0.0039171462	-0.3041587500
-0.0892864170	-0.0349999520	0.0620262320	0.0039326776	-0.3033798900
-0.0851706860	-0.0349999520	0.0620532710	0.0040406352	-0.2972084600
-0.0796775220	-0.0349999520	0.0620584900	0.0039493636	-0.2917758500
-0.0777517480	-0.0349999520	0.0620597490	0.0039145543	-0.2890745100
-0.0717517880	-0.0349999520	0.0620276000	0.0039386749	-0.2837145600
-0.0715667380	-0.0349999520	0.0620264370	0.0039359473	-0.2835013900
-0.0661458670	-0.0349999520	0.0619690420	0.0036993371	-0.2766781200
-0.0627138390	-0.0349999520	0.0619145630	0.0036634318	-0.2733626400
-0.0570612070	-0.0349999520	0.0618194340	0.0036584003	-0.2677081500
-0.0538005640	-0.0349999520	0.0617446270	0.0036946360	-0.2644109100
-0.0463550310	-0.0349999520	0.0615558590	0.0037180150	-0.2573640600
-0.0445808770	-0.0349999520	0.0615060370	0.0037078742	-0.2550450300
-0.0370640570	-0.0349999520	0.0612606630	0.0036574886	-0.2477332700
-0.0368841890	-0.0349999520	0.0612547620	0.0036514741	-0.2475293300
-0.0368347760	-0.0349999520	0.0612529810	0.0036501120	-0.2474718100
-0.0326454270	-0.0349999520	0.0610946600	0.0036653384	-0.2423427400
-0.0301743600	-0.0349999520	0.0610013050	0.0036658917	-0.2392694800
-0.0297085420	-0.0349999520	0.0609813180	0.0036637198	-0.2389316700
-0.0219803420	-0.0349999520	0.0606499910	0.0035123214	-0.2324710300
-0.0195786750	-0.0349999520	0.0605359190	0.0034932811	-0.2307138100
-0.0158991530	-0.0349999520	0.0603608410	0.0033419626	-0.2266940200
-0.0060095750	-0.0349999520	0.0598386600	0.0034154768	-0.2179091600
-0.0053246194	-0.0349999520	0.0598025320	0.0034098974	-0.2171841100
-0.0052353754	-0.0349999520	0.0597975330	0.0034110142	-0.2171068500
-0.0048498507	-0.0349999520	0.0597748830	0.0034202003	-0.2167316500
0.0046137143	-0.0349999520	0.0592159110	0.0034188558	-0.2065633700
0.0078301542	-0.0349999520	0.0590134410	0.0033001252	-0.2037333700
0.0129545180	-0.0349999520	0.0586792830	0.0033758165	-0.1983340400
0.0151195810	-0.0349999520	0.0585351620	0.0033721823	-0.1962755600
0.0252635740	-0.0349999520	0.0578178130	0.0033411802	-0.1881232000
0.0263092030	-0.0349999520	0.0577436690	0.0033307358	-0.1870389700
0.0274696130	-0.0349999520	0.0576556060	0.0033212410	-0.1857110000
0.0382109400	-0.0349999520	0.0568297320	0.0030860651	-0.1738156800
0.0464070250	-0.0349999520	0.0561569000	0.0030821825	-0.1668974900
0.0493090260	-0.0349999520	0.0559156160	0.0030487587	-0.1640048200
0.0535068920	-0.0349999520	0.0555467270	0.0030873476	-0.1600083000
0.0599928870	-0.0349999520	0.0549798380	0.0030698396	-0.1530636300
0.0611868580	-0.0349999520	0.0548729520	0.0030669841	-0.1519992200
0.0621933900	-0.0349999520	0.0547791200	0.0030649702	-0.1511103700
0.0720066650	-0.0349999520	0.0538684170	0.0030894735	-0.1411784100
0.0731398910	-0.0349999520	0.0537581180	0.0030779094	-0.1402685800
0.0805802350	-0.0349999520	0.0530360190	0.0028972104	-0.1329095200
0.0860553910	-0.0349999520	0.0524864010	0.0028724560	-0.1289056800
0.0905396490	-0.0349999520	0.0520318900	0.0028407470	-0.1243159800
1 2 
2 3 
3 4 
4 5 
5 6 
6 7 
7 8 
8 9 
9 10 
10 11 
11 12 
12 13 
13 14 
14 15 
15 16 
16 17 
17 18 
18 19 
19 20 
20 21 
21 22 
22 23 
23 24 
24 25 
25 26 
26 27 
27 28 
28 29 
29 30 
30 31 
31 32 
32 33 
33 34 
34 35 
35 36 
36 37 
37 38 
38 39 
39 40 
40 41 
41 42 
42 43 
43 44 
44 45 
45 46 
46 47 
47 48 
48 49 
49 50 
50 51 
51 52 
52 53 
53 54 
54 55 
55 56 
56 57 
57 58 
58 59 
59 60 
60 61 
61 62 
62 63 
63 64 
64 65 
65 66 
66 67 
67 68 
68 69 
69 70 
70 71 
71 72 
72 73 
73 74 
74 75 
75 76 
76 77 
77 78 
78 79 
79 80 
80 81 
81 82 
82 83 
83 84 
84 85 
85 86 
86 87 
87 88 
88 89 
89 90 
90 91 
91 92 
92 93 
93 94 
94 95 
95 96 
96 97 
97 98 
98 99 
99 100 
100 101 
101 102 
102 103 
103 104 
104 105 
105 106 
106 107 
107 108 
108 109 
109 110 
110 111 
111 112 
112 113 
113 114 
114 115 
115 116 
116 117 
117 118 
118 119 
119 120 
120 121 
121 122 
122 123 
123 124 
124 125 
125 126 
126 127 
127 128 
128 129 
129 130 
130 131 
131 132 
132 133 
133 134 
134 135 
135 136 
136 137 
137 138 
138 139 
139 140 
140 141 
141 142 
142 143 
143 144 
144 145 
145 146 
146 147 
147 148 
148 149 
149 150 
150 151 
151 152 
152 153 
153 154 
154 155 
155 156 
156 157 
157 158 
158 159 
159 160 
160 161 
161 162 
162 163 
163 164 
164 165 
165 166 
166 167 
167 168 
168 169 
169 170 
170 171 
171 172 
172 173 
173 174 
174 175 
175 176 
176 177 
177 178 
178 179 
179 180 
180 181 
181 182 
182 183 
183 184 
184 185 
185 186 
186 187 
187 188 
188 189 
189 190 
190 191 
191 192 
192 193 
193 194 
194 195 
195 196 
196 197 
197 198 
198 199 
199 200 
200 201 
201 202 
202 203 
203 204 
204 205 
205 206 
206 207 
207 208 
208 209 
209 210 
210 211 
211 212 
212 213 
213 214 
214 215 
215 216 
216 217 
217 218 
218 219 
219 220 
220 221 
221 222 
222 223 
223 224 
224 225 
225 226 
226 227 
227 228 
228 229 
229 230 
230 231 
231 232 
232 233 
233 234 
234 235 
235 236 
236 237 
237 238 
238 239 
239 240 
240 241 
241 242 
242 243 
243 244 
244 245 
245 246 
246 247 
247 248 
248 249 
249 250 
250 251 
251 252 
252 253 
253 254 
254 255 
255 256 
256 257 
257 258 
258 259 
259 260 
260 261 
261 262 
262 263 
263 264 
264 265 
265 266 
266 267 
267 268 
268 269 
269 270 
270 271 
271 272 
272 273 
273 274 
274 275 
275 276 
276 277 
277 278 
278 279 
279 280 
280 281 
281 282 
282 283 
283 284 
284 285 
285 286 
286 287 
287 288 
288 289 
289 290 
290 291 
291 292 
292 293 
293 294 
294 295 
295 296 
296 297 
297 298 
298 299 
299 300 
300 301 
301 302 
302 303 
303 304 
304 305 
305 306 
306 307 
307 308 
308 309 
309 310 
310 311 
311 312 
312 313 
313 314 
314 315 
315 316 
316 317 
317 318 
318 319 
319 320 
320 321 
321 322 
322 323 
323 324 
324 325 
325 326 
326 327 
327 328 
328 329 
329 330 
330 331 
331 332 
332 333 
333 334 
334 335 
335 336 
336 337 
337 338 
338 339 
339 340 
340 341 
341 342 
342 343 
343 344 
344 345 
345 346 
346 347 
347 348 
348 349 
349 350 
350 351 
351 352 
352 353 
353 354 
354 355 
355 356 
356 357 
357 358 
358 359 
359 360 
360 361 
361 362 
362 363 
363 364 
364 365 
365 366 
366 367 
367 368 
368 369 
369 370 
370 371 
371 372 
372 373 
373 374 
374 375 
375 376 
376 377 
377 378 
378 379 
379 380 
380 381 
381 382 
382 383 
383 384 
384 385 
385 386 
386 387 
387 388 
388 389 
389 390 
390 391 
391 392 
392 393 
393 394 
394 395 
395 396 
396 397 
397 398 
398 399 
399 400 
400 401 
401 402 
402 403 
403 404 
404 405 
405 406 
406 407 
407 408 
408 409 
409 410 
410 411 
411 412 
412 413 
413 414 
414 415 
415 416 
416 417 
417 418 
418 419 
419 420 
420 421 
421 422 
422 423 
423 424 
424 425 
425 426 
426 427 
427 428 
428 429 
429 430 
430 431 
431 432 
432 433 
433 434 
434 435 
435 436 
436 437 
437 438 
438 439 
439 440 
440 441 
441 442 
442 443 
443 444 
444 445 
445 446 
446 447 
447 448 
448 449 
449 450 
450 451 
451 452 
452 453 
453 454 
454 455 
455 456 
456 457 
457 458 
458 459 
459 460 
460 461 
461 462 
462 463 
463 464 
464 465 
465 466 
466 467 
467 468 
468 469 
469 470 
470 471 
471 472 
472 473 
473 474 
474 475 
475 476 
476 477 
477 478 
478 479 
479 480 
480 481 
481 482 
482 483 
483 484 
484 485 
485 486 
486 487 
487 488 
488 489 
489 490 
490 491 
491 492 
492 493 
ZONE T="Slice: Y=-0.73"
STRANDID=0, SOLUTIONTIME=0
Nodes=445, Elements=444, ZONETYPE=FELineSeg
DATAPACKING=POINT
DT=(DOUBLE DOUBLE DOUBLE DOUBLE DOUBLE )
0.0970343570	-0.7299999600	0.0513556080	0.0026875853	0.0211953430
0.1026765800	-0.7299999600	0.0507433150	0.0026790974	0.0252044150
0.1107232600	-0.7299999600	0.0498758370	0.0025160173	0.0290292260
0.1258744700	-0.7299999600	0.0481596550	0.0023863020	0.0380229610
0.1261745400	-0.7299999600	0.0481255090	0.0023804863	0.0381767000
0.1262755400	-0.7299999600	0.0481135470	0.0023802156	0.0382763890
0.1367835700	-0.7299999600	0.0468740500	0.0023322305	0.0429284200
0.1461888700	-0.7299999600	0.0457273130	0.0023014167	0.0492695310
0.1502901900	-0.7299999600	0.0452271770	0.0022633286	0.0510838400
0.1652327300	-0.7299999600	0.0433274510	0.0022743718	0.0585029310
0.1690595300	-0.7299999600	0.0428418520	0.0023233966	0.0600443820
0.1732790800	-0.7299999600	0.0422888470	0.0023102512	0.0626300650
0.1799251300	-0.7299999600	0.0414113810	0.0022563673	0.0658913330
0.1912561200	-0.7299999600	0.0398843180	0.0021229595	0.0718567890
0.1961393400	-0.7299999600	0.0392113780	0.0021234536	0.0739871710
0.2144240900	-0.7299999600	0.0366540330	0.0020784107	0.0822623670
0.2157762100	-0.7299999600	0.0364604180	0.0020714357	0.0830900740
0.2312945900	-0.7299999600	0.0342134570	0.0019923033	0.0895243440
0.2322951900	-0.7299999600	0.0340650530	0.0019938333	0.0900724080
0.2493235800	-0.7299999600	0.0315275010	0.0019804691	0.0968149970
0.2600912500	-0.7299999600	0.0298805550	0.0019646232	0.1025395700
0.2749075600	-0.7299999600	0.0275863560	0.0019288441	0.1079307900
0.2812435900	-0.7299999600	0.0265870110	0.0019055039	0.1102566300
0.2966268400	-0.7299999600	0.0241333000	0.0018553222	0.1168653500
0.2985720000	-0.7299999600	0.0238163400	0.0018473356	0.1175737500
0.3181977600	-0.7299999600	0.0206065830	0.0017657238	0.1234806400
0.3258158600	-0.7299999600	0.0193294790	0.0017622812	0.1268720900
0.3386669800	-0.7299999600	0.0171763230	0.0017419047	0.1317876100
0.3446598100	-0.7299999600	0.0161525230	0.0017281337	0.1330828500
0.3619011000	-0.7299999600	0.0131897390	0.0017319160	0.1379634000
0.3736445000	-0.7299999600	0.0111357120	0.0017067633	0.1412261400
0.3827148100	-0.7299999600	0.0095385453	0.0016920397	0.1438194700
0.4007104600	-0.7299999600	0.0063212626	0.0017115112	0.1481014600
0.4051646300	-0.7299999600	0.0055202167	0.0017000264	0.1487546100
0.4242408000	-0.7299999600	0.0020349990	0.0017148596	0.1500912800
0.4311498100	-0.7299999600	0.0007659169	0.0017079328	0.1523756400
0.4497212500	-0.7299999600	-0.0026977041	0.0016457052	0.1532560600
0.4517802900	-0.7299999600	-0.0030833574	0.0016387370	0.1531967100
0.4592991500	-0.7299999600	-0.0045108991	0.0016581437	0.1536549500
0.4726094600	-0.7299999600	-0.0070360024	0.0016820331	0.1535158200
0.4781235500	-0.7299999600	-0.0080987029	0.0017071568	0.1523579200
0.4944009200	-0.7299999600	-0.0112406920	0.0017692719	0.1505332600
0.5105267200	-0.7299999600	-0.0144029080	0.0018263920	0.1465141300
0.5153224500	-0.7299999600	-0.0153444330	0.0018294788	0.1456293200
0.5183567400	-0.7299999600	-0.0159501920	0.0018480896	0.1451486500
0.5352734300	-0.7299999600	-0.0193304050	0.0019383505	0.1325726100
0.5439553300	-0.7299999600	-0.0210651290	0.0019708496	0.1271268600
0.5497048500	-0.7299999600	-0.0222388040	0.0019817040	0.1218291200
0.5699323400	-0.7299999600	-0.0263619760	0.0020156411	0.1084327800
0.5874198100	-0.7299999600	-0.0299888630	0.0022488409	0.0978631450
0.5965478400	-0.7299999600	-0.0318959060	0.0023364813	0.0891075880
0.6136767900	-0.7299999600	-0.0355092850	0.0024915656	0.0656825970
0.6313009300	-0.7299999600	-0.0392906330	0.0024057901	0.0408210680
0.6389228100	-0.7299999600	-0.0409243590	0.0024827637	0.0305065420
0.6589086700	-0.7299999600	-0.0452940580	0.0027102288	-0.0021141535
0.6633859300	-0.7299999600	-0.0462712090	0.0027506467	-0.0062372866
0.6685730200	-0.7299999600	-0.0474202890	0.0028037227	-0.0128953240
0.6875997800	-0.7299999600	-0.0516634510	0.0030645178	-0.0243009520
0.6927719100	-0.7299999600	-0.0528263410	0.0031381738	-0.0262023250
0.7040932200	-0.7299999600	-0.0553973760	0.0028849230	-0.0208829030
0.7082483200	-0.7299999600	-0.0563402100	0.0027997338	-0.0167284220
0.7093616700	-0.7299999600	-0.0565941150	0.0027873417	-0.0139820350
0.7270344500	-0.7299999600	-0.0606653990	0.0020731108	0.0456871280
0.7298588200	-0.7299999600	-0.0613193100	0.0019866158	0.0522018860
0.7331556100	-0.7299999600	-0.0620893950	0.0018679087	0.0776194780
0.7400907300	-0.7299999600	-0.0637078960	0.0015605871	0.1532631400
0.7426560500	-0.7299999600	-0.0643102820	0.0012789237	0.1800543100
0.7446598400	-0.7299999600	-0.0647810700	0.0010132205	0.2170769400
0.7451834100	-0.7299999600	-0.0649043990	0.0008466505	0.2255442900
0.7463991600	-0.7299999600	-0.0651907550	0.0004501784	0.2397327700
0.7466228000	-0.7299999600	-0.0652434680	0.0002539007	0.2433805500
0.7468558000	-0.7299999600	-0.0652983860	0.0003397118	0.2582280900
0.7469968200	-0.7299999600	-0.0653316300	0.0003768853	0.2521704400
0.7470364000	-0.7299999600	-0.0653409590	0.0003220655	0.2503205800
0.7471017200	-0.7299999600	-0.0653563590	0.0005330881	0.2361241400
0.7471206800	-0.7299999600	-0.0653608370	0.0011604369	0.2468755400
0.7471460100	-0.7299999600	-0.0653668050	0.0020365488	0.2656916100
0.7470718000	-0.7299999600	-0.0653710440	0.0022118383	0.2940768600
0.7470576200	-0.7299999600	-0.0653718490	0.0022453851	0.3003449100
0.7470560700	-0.7299999600	-0.0653719380	0.0022381842	0.3005203000
0.7470551700	-0.7299999600	-0.0653719900	0.0022404610	0.3006090500
0.7470471300	-0.7299999600	-0.0653724520	0.0022235620	0.3005734700
0.7467648400	-0.7299999600	-0.0653885600	0.0018798780	0.2865147600
0.7459225700	-0.7299999600	-0.0654365420	0.0016196283	0.2935310600
0.7456841500	-0.7299999600	-0.0654501240	0.0015009084	0.2999286900
0.7420457000	-0.7299999600	-0.0656548220	0.0015244949	0.2970312200
0.7389931700	-0.7299999600	-0.0658265280	0.0016411614	0.2921440900
0.7373079700	-0.7299999600	-0.0659186770	0.0016414150	0.2907383700
0.7221798900	-0.7299999600	-0.0667363330	0.0017188078	0.2790673700
0.7187174000	-0.7299999600	-0.0669156310	0.0017404571	0.2755679800
0.7039442700	-0.7299999600	-0.0676678870	0.0017494830	0.2604665800
0.6933646800	-0.7299999600	-0.0681798460	0.0018076595	0.2555611700
0.6863597600	-0.7299999600	-0.0685110240	0.0018467564	0.2490406000
0.6715360300	-0.7299999600	-0.0691851970	0.0019115584	0.2372210200
0.6586478900	-0.7299999600	-0.0697361080	0.0019631359	0.2313637300
0.6499456800	-0.7299999600	-0.0701030120	0.0019920790	0.2245861300
0.6338936700	-0.7299999600	-0.0707376750	0.0020155073	0.2230809600
0.6322805900	-0.7299999600	-0.0708004010	0.0020374576	0.2214602800
0.6251338100	-0.7299999600	-0.0710614100	0.0020341095	0.2202776500
0.6129757200	-0.7299999600	-0.0715077890	0.0020377615	0.2113896800
0.6057578300	-0.7299999600	-0.0717538300	0.0020533426	0.2121271200
0.5931206900	-0.7299999600	-0.0721789370	0.0020831828	0.2048940400
0.5817883600	-0.7299999600	-0.0725308060	0.0021357496	0.2015375600
0.5721539300	-0.7299999600	-0.0728243220	0.0021757960	0.1980639000
0.5594570000	-0.7299999600	-0.0731816890	0.0021880792	0.1945495600
0.5498907600	-0.7299999600	-0.0734433830	0.0021772248	0.1935624900
0.5336718600	-0.7299999600	-0.0738449770	0.0021095844	0.1915310600
0.5299488300	-0.7299999600	-0.0739378560	0.0021012955	0.1899412000
0.5271792400	-0.7299999600	-0.0739994270	0.0021143438	0.1894704000
0.5068555500	-0.7299999600	-0.0744406360	0.0022079547	0.1829134400
0.5017971400	-0.7299999600	-0.0745394230	0.0022053545	0.1808284200
0.4804722400	-0.7299999600	-0.0749189030	0.0021314377	0.1771852800
0.4779469400	-0.7299999600	-0.0749650600	0.0021279150	0.1763536000
0.4761223500	-0.7299999600	-0.0749942210	0.0021265301	0.1760981700
0.4543918400	-0.7299999600	-0.0753046500	0.0022284791	0.1719057400
0.4501498000	-0.7299999600	-0.0753578470	0.0022276505	0.1716735800
0.4363077300	-0.7299999600	-0.0755114410	0.0022086620	0.1672857700
0.4248449800	-0.7299999600	-0.0756175970	0.0021940550	0.1651681200
0.4112523500	-0.7299999600	-0.0757183730	0.0022351872	0.1624972100
0.4024485600	-0.7299999600	-0.0757690670	0.0022880813	0.1609449100
0.3911455900	-0.7299999600	-0.0758193660	0.0024042175	0.1570768400
0.3737790300	-0.7299999600	-0.0758465750	0.0023712492	0.1558231100
0.3693073700	-0.7299999600	-0.0758533550	0.0023470720	0.1553364500
0.3676709200	-0.7299999600	-0.0758538250	0.0023510178	0.1546939000
0.3652267500	-0.7299999600	-0.0758484900	0.0023745665	0.1541168100
0.3477975400	-0.7299999600	-0.0758140240	0.0024713040	0.1476809100
0.3330683400	-0.7299999600	-0.0757403000	0.0024799713	0.1467377400
0.3320691300	-0.7299999600	-0.0757346230	0.0024780613	0.1465418200
0.3299711600	-0.7299999600	-0.0757170620	0.0024719442	0.1461598900
0.3123235100	-0.7299999600	-0.0755736380	0.0023745484	0.1422408100
0.3013964300	-0.7299999600	-0.0754446240	0.0023453562	0.1413995300
0.2900956300	-0.7299999600	-0.0753059610	0.0023225198	0.1402266000
0.2839052400	-0.7299999600	-0.0752074420	0.0023811069	0.1395609200
0.2742165600	-0.7299999600	-0.0750568060	0.0024834722	0.1372399900
0.2660432800	-0.7299999600	-0.0749034140	0.0025199144	0.1375808900
0.2588624400	-0.7299999600	-0.0747671500	0.0025403047	0.1364787100
0.2508307400	-0.7299999600	-0.0745927690	0.0025614227	0.1357869100
0.2475622400	-0.7299999600	-0.0745219140	0.0025703435	0.1346456300
0.2467564200	-0.7299999600	-0.0745023190	0.0025713951	0.1346713300
0.2374185800	-0.7299999600	-0.0742694290	0.0025870148	0.1335796300
0.2305214100	-0.7299999600	-0.0740984310	0.0025855307	0.1325174000
0.2285629100	-0.7299999600	-0.0740436240	0.0025916579	0.1323854600
0.2135264000	-0.7299999600	-0.0736098210	0.0025283109	0.1305907700
0.2031614800	-0.7299999600	-0.0732771830	0.0025321881	0.1306212700
0.2028489300	-0.7299999600	-0.0732670650	0.0025322437	0.1305356300
0.2020418600	-0.7299999600	-0.0732388570	0.0025418421	0.1305142500
0.1908059000	-0.7299999600	-0.0728456900	0.0026205501	0.1287885900
0.1827638300	-0.7299999600	-0.0725398140	0.0026542317	0.1290043100
0.1799693600	-0.7299999600	-0.0724339860	0.0026488288	0.1286374800
0.1791618200	-0.7299999600	-0.0724017840	0.0026499564	0.1286938300
0.1746057600	-0.7299999600	-0.0722114970	0.0026298555	0.1283158100
0.1655219500	-0.7299999600	-0.0718349740	0.0026153230	0.1267752800
0.1610716100	-0.7299999600	-0.0716322210	0.0026217831	0.1267484400
0.1475588500	-0.7299999600	-0.0710074010	0.0026183299	0.1262079000
0.1412301400	-0.7299999600	-0.0706834420	0.0025868674	0.1261228600
0.1309367300	-0.7299999600	-0.0701531620	0.0026196932	0.1245765400
0.1208336900	-0.7299999600	-0.0695863440	0.0026047695	0.1251794500
0.1141684300	-0.7299999600	-0.0692000610	0.0025833753	0.1259342400
0.1078106500	-0.7299999600	-0.0688143600	0.0026133822	0.1254794400
0.1011510600	-0.7299999600	-0.0683946460	0.0026800445	0.1257189500
0.0984784510	-0.7299999600	-0.0682223510	0.0027003692	0.1257668900
0.0895823460	-0.7299999600	-0.0676233620	0.0027386105	0.1259230500
0.0869865720	-0.7299999600	-0.0674492420	0.0027522922	0.1257910000
0.0865657480	-0.7299999600	-0.0674197750	0.0027532091	0.1258490200
0.0763339100	-0.7299999600	-0.0666861680	0.0027273189	0.1266913100
0.0726321040	-0.7299999600	-0.0664091860	0.0027292182	0.1270128500
0.0651359930	-0.7299999600	-0.0658350440	0.0027228769	0.1280487300
0.0626766980	-0.7299999600	-0.0656426770	0.0027068963	0.1280400800
0.0608227890	-0.7299999600	-0.0654916910	0.0027032207	0.1281102300
0.0538955290	-0.7299999600	-0.0649298950	0.0026900244	0.1270692900
0.0437815560	-0.7299999600	-0.0640654710	0.0026390603	0.1291501200
0.0432608650	-0.7299999600	-0.0640210140	0.0026379447	0.1291994200
0.0430307310	-0.7299999600	-0.0640005390	0.0026422633	0.1292689100
0.0351423140	-0.7299999600	-0.0632917730	0.0027911233	0.1297489300
0.0268592110	-0.7299999600	-0.0625151170	0.0027503743	0.1316154900
0.0262251310	-0.7299999600	-0.0624552440	0.0027512609	0.1316316700
0.0256641620	-0.7299999600	-0.0623996260	0.0027487963	0.1318079100
0.0153566200	-0.7299999600	-0.0613816460	0.0027907693	0.1321112100
0.0092996629	-0.7299999600	-0.0607539530	0.0027204201	0.1345215100
0.0062089539	-0.7299999600	-0.0604278070	0.0027193175	0.1348418600
-0.0092456983	-0.7299999600	-0.0587134700	0.0027126315	0.1355326500
-0.0111912190	-0.7299999600	-0.0584912970	0.0027086897	0.1357261400
-0.0125953870	-0.7299999600	-0.0583223100	0.0026905905	0.1362485600
-0.0207304580	-0.7299999600	-0.0573526430	0.0026823347	0.1381620200
-0.0292306450	-0.7299999600	-0.0562886970	0.0026409083	0.1411768900
-0.0304535890	-0.7299999600	-0.0561343950	0.0026502520	0.1414584200
-0.0322766420	-0.7299999600	-0.0558897070	0.0026380225	0.1419995400
-0.0435806030	-0.7299999600	-0.0543847940	0.0026363530	0.1445901100
-0.0474008470	-0.7299999600	-0.0538554340	0.0026314135	0.1453809900
-0.0526524670	-0.7299999600	-0.0530968380	0.0026781561	0.1472516200
-0.0568418950	-0.7299999600	-0.0524985190	0.0027755324	0.1482190500
-0.0603427030	-0.7299999600	-0.0519747440	0.0028068315	0.1501544400
-0.0681619420	-0.7299999600	-0.0507772160	0.0028176555	0.1527875400
-0.0755232720	-0.7299999600	-0.0496008810	0.0027759299	0.1557407800
-0.0766817850	-0.7299999600	-0.0494146530	0.0027747038	0.1562992300
-0.0770517220	-0.7299999600	-0.0493528660	0.0027727696	0.1564207800
-0.0868567900	-0.7299999600	-0.0476999580	0.0028450245	0.1603882300
-0.0876344440	-0.7299999600	-0.0475645180	0.0028481906	0.1607295400
-0.0936766860	-0.7299999600	-0.0464966150	0.0028487923	0.1647825400
-0.0963249060	-0.7299999600	-0.0460123530	0.0028632770	0.1660492100
-0.1013255500	-0.7299999600	-0.0450905190	0.0028526343	0.1684251700
-0.1048384900	-0.7299999600	-0.0444190350	0.0029198020	0.1708681400
-0.1086982300	-0.7299999600	-0.0436772260	0.0029312626	0.1728504300
-0.1152662000	-0.7299999600	-0.0423641760	0.0029818763	0.1766107800
-0.1157074700	-0.7299999600	-0.0422757750	0.0029787467	0.1768495100
-0.1227190000	-0.7299999600	-0.0408132000	0.0027840069	0.1843554500
-0.1230772100	-0.7299999600	-0.0407381130	0.0027774410	0.1846429000
-0.1234676200	-0.7299999600	-0.0406530090	0.0027811121	0.1851048000
-0.1319163600	-0.7299999600	-0.0388001690	0.0029192775	0.1895382300
-0.1329898500	-0.7299999600	-0.0385559950	0.0029326308	0.1904774500
-0.1370479300	-0.7299999600	-0.0376251190	0.0029544880	0.1947987500
-0.1416317200	-0.7299999600	-0.0365385970	0.0028421923	0.1984666100
-0.1425309200	-0.7299999600	-0.0363259650	0.0028294943	0.1993817800
-0.1489618700	-0.7299999600	-0.0347392410	0.0028262471	0.2065883100
-0.1492381400	-0.7299999600	-0.0346708220	0.0028244107	0.2067690000
-0.1494626300	-0.7299999600	-0.0346130360	0.0028312877	0.2070372600
-0.1554936500	-0.7299999600	-0.0330559500	0.0029483882	0.2135247600
-0.1578229800	-0.7299999600	-0.0324335840	0.0028923559	0.2164658600
-0.1623430700	-0.7299999600	-0.0312019470	0.0028210988	0.2219683500
-0.1657529600	-0.7299999600	-0.0302400510	0.0027643566	0.2268012800
-0.1695846300	-0.7299999600	-0.0291384890	0.0027552853	0.2319354400
-0.1743660100	-0.7299999600	-0.0276942270	0.0027596002	0.2417190400
-0.1759563500	-0.7299999600	-0.0272190180	0.0027765705	0.2450049400
-0.1765958700	-0.7299999600	-0.0270240250	0.0027839356	0.2461038500
-0.1785983700	-0.7299999600	-0.0263915290	0.0028029320	0.2501900500
-0.1808682700	-0.7299999600	-0.0256713090	0.0028487229	0.2537422200
-0.1829004600	-0.7299999600	-0.0250046700	0.0027646322	0.2593294100
-0.1847583400	-0.7299999600	-0.0243966650	0.0027271133	0.2635817200
-0.1854071600	-0.7299999600	-0.0241752320	0.0027357857	0.2652636200
-0.1892996300	-0.7299999600	-0.0228472820	0.0028482847	0.2728487000
-0.1923907700	-0.7299999600	-0.0217490900	0.0027958478	0.2833444500
-0.1931171100	-0.7299999600	-0.0214913640	0.0028128333	0.2853842100
-0.1940927500	-0.7299999600	-0.0211318450	0.0028044330	0.2873515800
-0.1979820700	-0.7299999600	-0.0196779020	0.0028186845	0.2958148400
-0.1998304900	-0.7299999600	-0.0189715290	0.0028865231	0.2999903300
-0.2013822800	-0.7299999600	-0.0183563530	0.0028324892	0.3060541500
-0.2026698700	-0.7299999600	-0.0178469890	0.0028395287	0.3104878700
-0.2052715600	-0.7299999600	-0.0167769940	0.0025885919	0.3236279200
-0.2059698600	-0.7299999600	-0.0164912850	0.0025869031	0.3262622100
-0.2066549100	-0.7299999600	-0.0161974020	0.0025942371	0.3300576200
-0.2100028500	-0.7299999600	-0.0147544850	0.0026708979	0.3400248300
-0.2119303900	-0.7299999600	-0.0138862850	0.0027316262	0.3501968700
-0.2126029400	-0.7299999600	-0.0135832380	0.0028120971	0.3535029000
-0.2129724200	-0.7299999600	-0.0134115450	0.0027582103	0.3542317200
-0.2138159700	-0.7299999600	-0.0130122850	0.0027447112	0.3610146600
-0.2158650200	-0.7299999600	-0.0120473870	0.0026934910	0.3732269400
-0.2187787100	-0.7299999600	-0.0105983320	0.0025635228	0.3937282900
-0.2192472100	-0.7299999600	-0.0103676600	0.0025405192	0.3972559600
-0.2197542300	-0.7299999600	-0.0101038150	0.0025541406	0.4008737800
-0.2225763400	-0.7299999600	-0.0086135892	0.0026065805	0.4196461700
-0.2240728900	-0.7299999600	-0.0077842991	0.0025886813	0.4376002000
-0.2258401200	-0.7299999600	-0.0067712604	0.0025101694	0.4540834400
-0.2275848700	-0.7299999600	-0.0057436922	0.0024173634	0.4735559500
-0.2290361800	-0.7299999600	-0.0048336373	0.0023529857	0.4870989000
-0.2304450000	-0.7299999600	-0.0039479798	0.0023096976	0.4978130800
-0.2312025300	-0.7299999600	-0.0034420912	0.0023085614	0.5090717100
-0.2326101200	-0.7299999600	-0.0024927931	0.0022681850	0.5244823100
-0.2337001300	-0.7299999600	-0.0017037513	0.0023330249	0.5555123100
-0.2349925800	-0.7299999600	-0.0007746812	0.0023155161	0.5784471000
-0.2358762000	-0.7299999600	-0.0000858317	0.0022753555	0.5970564500
-0.2370726300	-0.7299999600	0.0008512146	0.0022054415	0.6106563200
-0.2380528900	-0.7299999600	0.0016825653	0.0021129554	0.6325339100
-0.2391197100	-0.7299999600	0.0025943748	0.0020947161	0.6560658800
-0.2397907500	-0.7299999600	0.0032122561	0.0020737614	0.6737492700
-0.2406258400	-0.7299999600	0.0039944514	0.0019672862	0.6945095700
-0.2418953300	-0.7299999600	0.0052935858	0.0016412446	0.7378401800
-0.2423608600	-0.7299999600	0.0057747266	0.0015191732	0.7502846100
-0.2426793300	-0.7299999600	0.0061405255	0.0014333170	0.7625039200
-0.2442794600	-0.7299999600	0.0080416249	0.0010734604	0.8216388800
-0.2444949300	-0.7299999600	0.0083155883	0.0010231703	0.8303881900
-0.2449142300	-0.7299999600	0.0089406502	0.0009368392	0.8462687100
-0.2463841900	-0.7299999600	0.0111238700	0.0006392825	0.8944045300
-0.2471357900	-0.7299999600	0.0125998010	0.0003990293	0.9290888900
-0.2477848400	-0.7299999600	0.0139953350	0.0002381333	0.9493836200
-0.2483757100	-0.7299999600	0.0156334100	0.0001096953	0.9568087500
-0.2488700900	-0.7299999600	0.0177901870	0.0000007818	0.9629499300
-0.2489178500	-0.7299999600	0.0179812240	-0.0000100942	0.9617885400
-0.2489224800	-0.7299999600	0.0180075080	-0.0000110201	0.9610441300
-0.2491001900	-0.7299999600	0.0200020880	0.0000302303	0.9060488300
-0.2491022600	-0.7299999600	0.0200353940	0.0000335537	0.9044671100
-0.2490914900	-0.7299999600	0.0203808640	0.0000909063	0.8880041800
-0.2490486800	-0.7299999600	0.0217889360	0.0003172157	0.8074851600
-0.2488847700	-0.7299999600	0.0229757970	0.0005344556	0.7632870700
-0.2488374600	-0.7299999600	0.0233186000	0.0006013468	0.7462033000
-0.2488198600	-0.7299999600	0.0233974550	0.0006416052	0.7375652200
-0.2484674600	-0.7299999600	0.0248558260	0.0011421251	0.6561006900
-0.2484579400	-0.7299999600	0.0248882770	0.0011531628	0.6548923900
-0.2480821200	-0.7299999600	0.0260082130	0.0019440709	0.5473976100
-0.2480444900	-0.7299999600	0.0261055270	0.0019909172	0.5392105000
-0.2478027500	-0.7299999600	0.0266603230	0.0022349805	0.4988373200
-0.2474785900	-0.7299999600	0.0274173690	0.0024195866	0.4484078300
-0.2473003600	-0.7299999600	0.0277658160	0.0026068867	0.4223619100
-0.2468031900	-0.7299999600	0.0286894050	0.0029416125	0.3540461400
-0.2463913600	-0.7299999600	0.0293676800	0.0034507605	0.3125008600
-0.2462506000	-0.7299999600	0.0295879620	0.0034996327	0.2972922900
-0.2455985400	-0.7299999600	0.0305302090	0.0038820984	0.2205814300
-0.2455356700	-0.7299999600	0.0306169020	0.0039207591	0.2177800800
-0.2454125100	-0.7299999600	0.0307732580	0.0039607910	0.2066438800
-0.2449150500	-0.7299999600	0.0314166690	0.0042364463	0.1922693300
-0.2444925600	-0.7299999600	0.0319246610	0.0041959297	0.1572117700
-0.2444431500	-0.7299999600	0.0319821650	0.0042078100	0.1552211900
-0.2440230100	-0.7299999600	0.0324577950	0.0042551515	0.1169872500
-0.2439469100	-0.7299999600	0.0325387160	0.0042352287	0.1141300700
-0.2433518500	-0.7299999600	0.0331714000	0.0042272151	0.0923936890
-0.2422724800	-0.7299999600	0.0342182520	0.0041629472	0.0087747611
-0.2421800300	-0.7299999600	0.0343083660	0.0041601618	0.0044663851
-0.2421360000	-0.7299999600	0.0343482270	0.0041784265	0.0020904362
-0.2418153300	-0.7299999600	0.0346287900	0.0042483451	-0.0153681650
-0.2408609100	-0.7299999600	0.0354599320	0.0046255580	-0.0266059250
-0.2396862400	-0.7299999600	0.0363899920	0.0050825092	-0.0835053770
-0.2395058000	-0.7299999600	0.0365336540	0.0051678546	-0.0866827440
-0.2394916900	-0.7299999600	0.0365446550	0.0051694434	-0.0869702320
-0.2394601700	-0.7299999600	0.0365677180	0.0051695666	-0.0882153210
-0.2383863600	-0.7299999600	0.0373517830	0.0054708426	-0.0730825220
-0.2372096300	-0.7299999600	0.0381543640	0.0049595082	-0.1333828600
-0.2371847600	-0.7299999600	0.0381714590	0.0049605139	-0.1333744500
-0.2371639200	-0.7299999600	0.0381850300	0.0049566516	-0.1341470500
-0.2355198400	-0.7299999600	0.0392224420	0.0051312091	-0.1344502100
-0.2352443300	-0.7299999600	0.0393888090	0.0051208440	-0.1382239300
-0.2337007500	-0.7299999600	0.0402793740	0.0049591301	-0.1566639100
-0.2334958000	-0.7299999600	0.0403980460	0.0049247971	-0.1561217800
-0.2333013300	-0.7299999600	0.0405031890	0.0049494726	-0.1572877000
-0.2321700200	-0.7299999600	0.0411140470	0.0049856365	-0.1505899400
-0.2312417500	-0.7299999600	0.0415874310	0.0049224989	-0.1585054500
-0.2307834200	-0.7299999600	0.0418223140	0.0047663702	-0.1582518500
-0.2300313900	-0.7299999600	0.0421882570	0.0049097886	-0.1707704200
-0.2292838700	-0.7299999600	0.0425493080	0.0049886669	-0.1750951400
-0.2291422900	-0.7299999600	0.0426154920	0.0049845170	-0.1740939500
-0.2278287400	-0.7299999600	0.0432182250	0.0047671425	-0.1804278900
-0.2275103500	-0.7299999600	0.0433581250	0.0047972894	-0.1911360800
-0.2263543600	-0.7299999600	0.0438632110	0.0047534687	-0.1920417500
-0.2242373700	-0.7299999600	0.0447386060	0.0053710897	-0.2013146700
-0.2240537100	-0.7299999600	0.0448134430	0.0053897442	-0.2011216400
-0.2225117500	-0.7299999600	0.0454126930	0.0053185227	-0.2034438600
-0.2222529100	-0.7299999600	0.0455133510	0.0052987010	-0.2029911900
-0.2222388500	-0.7299999600	0.0455185920	0.0052955873	-0.2031392000
-0.2204537700	-0.7299999600	0.0461773570	0.0055384299	-0.1847836100
-0.2187434000	-0.7299999600	0.0467756610	0.0052498528	-0.1977673300
-0.2182415100	-0.7299999600	0.0469510110	0.0050434867	-0.1936957100
-0.2175797500	-0.7299999600	0.0471706090	0.0050852980	-0.1952065100
-0.2159187900	-0.7299999600	0.0477156080	0.0051780492	-0.1861290300
-0.2145685300	-0.7299999600	0.0481425370	0.0053335447	-0.1885216500
-0.2131559300	-0.7299999600	0.0485719180	0.0052118753	-0.2209518400
-0.2126131400	-0.7299999600	0.0487361180	0.0050676821	-0.2237555800
-0.2114328100	-0.7299999600	0.0490755920	0.0050761883	-0.2162202700
-0.2099829800	-0.7299999600	0.0494928620	0.0049845539	-0.1844445600
-0.2095814500	-0.7299999600	0.0496028440	0.0049774689	-0.1863741900
-0.2069552800	-0.7299999600	0.0503096430	0.0047875303	-0.1761754800
-0.2062563900	-0.7299999600	0.0504910350	0.0047714139	-0.1796821100
-0.2032211700	-0.7299999600	0.0512459500	0.0046424640	-0.1880245200
-0.2028382000	-0.7299999600	0.0513405240	0.0046168358	-0.1859483600
-0.2027533200	-0.7299999600	0.0513609350	0.0046192060	-0.1859179000
-0.2021771400	-0.7299999600	0.0514937830	0.0046464261	-0.1850862800
-0.1988736700	-0.7299999600	0.0522541780	0.0048628548	-0.1659502400
-0.1969197400	-0.7299999600	0.0526739210	0.0045440518	-0.1688327000
-0.1959289500	-0.7299999600	0.0528878350	0.0045194619	-0.1713968500
-0.1937743100	-0.7299999600	0.0533245090	0.0044676489	-0.1865124400
-0.1928561000	-0.7299999600	0.0535111610	0.0043487477	-0.1802327500
-0.1926384900	-0.7299999600	0.0535534770	0.0043345342	-0.1811386800
-0.1921661600	-0.7299999600	0.0536420120	0.0043042519	-0.1809117500
-0.1884297100	-0.7299999600	0.0543473660	0.0044258326	-0.1601728200
-0.1878395400	-0.7299999600	0.0544518270	0.0044737413	-0.1593684000
-0.1842446800	-0.7299999600	0.0550769120	0.0045495300	-0.1565372600
-0.1837267100	-0.7299999600	0.0551619680	0.0045247086	-0.1593612300
-0.1802983000	-0.7299999600	0.0557153110	0.0044062159	-0.1625167700
-0.1763433800	-0.7299999600	0.0563040080	0.0047469407	-0.1683119800
-0.1753867400	-0.7299999600	0.0564478080	0.0048095412	-0.1629260600
-0.1749885400	-0.7299999600	0.0565037800	0.0048122671	-0.1644007100
-0.1708645400	-0.7299999600	0.0570660760	0.0047168686	-0.1529414800
-0.1705420900	-0.7299999600	0.0571087040	0.0047150933	-0.1512501700
-0.1672461300	-0.7299999600	0.0575238390	0.0045920466	-0.1593397600
-0.1667111500	-0.7299999600	0.0575913600	0.0045751271	-0.1592145400
-0.1662679000	-0.7299999600	0.0576426130	0.0045740668	-0.1589012600
-0.1613260800	-0.7299999600	0.0582135250	0.0046007346	-0.1330986300
-0.1602707100	-0.7299999600	0.0583266470	0.0045717514	-0.1373441200
-0.1554226100	-0.7299999600	0.0588263720	0.0042134391	-0.1357573000
-0.1547548900	-0.7299999600	0.0588921160	0.0041931433	-0.1353016000
-0.1520347300	-0.7299999600	0.0591415910	0.0042174997	-0.1415360400
-0.1496389700	-0.7299999600	0.0593634510	0.0041969159	-0.1344134400
-0.1482736900	-0.7299999600	0.0594789530	0.0040982408	-0.1385563800
-0.1449317500	-0.7299999600	0.0597560440	0.0042218557	-0.1143724800
-0.1427112400	-0.7299999600	0.0599247220	0.0043403998	-0.1195461300
-0.1407940400	-0.7299999600	0.0600698660	0.0042550639	-0.1209954300
-0.1396828900	-0.7299999600	0.0601478820	0.0042487373	-0.1202956200
-0.1365621700	-0.7299999600	0.0603560990	0.0042643414	-0.1128762300
-0.1341489400	-0.7299999600	0.0605186340	0.0041850109	-0.1040014400
-0.1320625500	-0.7299999600	0.0606421380	0.0041221546	-0.1064722800
-0.1296239500	-0.7299999600	0.0607862730	0.0038969380	-0.1087195800
-0.1271633400	-0.7299999600	0.0609132090	0.0039374140	-0.1125319900
-0.1238237500	-0.7299999600	0.0610868560	0.0039107448	-0.1134041200
-0.1216410000	-0.7299999600	0.0611866680	0.0038202613	-0.1108894300
-0.1175739000	-0.7299999600	0.0613555910	0.0039049929	-0.1065444300
-0.1159177000	-0.7299999600	0.0614258310	0.0039023431	-0.1007336200
-0.1153415900	-0.7299999600	0.0614462090	0.0038972169	-0.1024197300
-0.1081333300	-0.7299999600	0.0616823470	0.0037995131	-0.0955655200
-0.1073281800	-0.7299999600	0.0617062520	0.0037802551	-0.0926426050
-0.1034460700	-0.7299999600	0.0618038850	0.0037457251	-0.0906913500
-0.1029418800	-0.7299999600	0.0618166400	0.0037368953	-0.0900449750
-0.1026918000	-0.7299999600	0.0618217620	0.0037379721	-0.0901039170
-0.0985796300	-0.7299999600	0.0619051610	0.0036936309	-0.0864715200
-0.0962554440	-0.7299999600	0.0619422050	0.0037022773	-0.0894554410
-0.0904916380	-0.7299999600	0.0620134960	0.0036082523	-0.0814043280
-0.0891297390	-0.7299999600	0.0620283040	0.0035829561	-0.0771237390
-0.0826397990	-0.7299999600	0.0620608930	0.0034412738	-0.0839263350
-0.0824158270	-0.7299999600	0.0620617230	0.0034363665	-0.0843368100
-0.0819443910	-0.7299999600	0.0620607700	0.0034420271	-0.0839110910
-0.0761872750	-0.7299999600	0.0620541870	0.0035263072	-0.0713607150
-0.0706297380	-0.7299999600	0.0620159360	0.0035137955	-0.0723580270
-0.0691244300	-0.7299999600	0.0620040410	0.0034826039	-0.0726800040
-0.0657422020	-0.7299999600	0.0619596910	0.0035896732	-0.0707500730
-0.0619982970	-0.7299999600	0.0619093850	0.0035797385	-0.0679745820
-0.0591047220	-0.7299999600	0.0618555170	0.0035817175	-0.0671075660
-0.0563084070	-0.7299999600	0.0618039740	0.0035148168	-0.0621450250
-0.0494171380	-0.7299999600	0.0616403260	0.0033020937	-0.0633994790
-0.0488087980	-0.7299999600	0.0616256300	0.0032790582	-0.0638284090
-0.0477898680	-0.7299999600	0.0615959730	0.0032882497	-0.0626076160
-0.0376181680	-0.7299999600	0.0612786750	0.0033278955	-0.0485941430
-0.0342779570	-0.7299999600	0.0611565520	0.0032957323	-0.0469333270
-0.0294835460	-0.7299999600	0.0609733980	0.0031210716	-0.0456626530
-0.0239542930	-0.7299999600	0.0607317760	0.0031559905	-0.0459902620
-0.0206901860	-0.7299999600	0.0605904870	0.0031229772	-0.0461800400
-0.0195582160	-0.7299999600	0.0605360230	0.0031056614	-0.0437421240
-0.0138267500	-0.7299999600	0.0602468960	0.0030969774	-0.0413021520
-0.0089980941	-0.7299999600	0.0600043310	0.0030696312	-0.0375035410
-0.0058328980	-0.7299999600	0.0598253200	0.0030673368	-0.0354402070
0.0002135135	-0.7299999600	0.0594831110	0.0030477837	-0.0319039110
0.0034711317	-0.7299999600	0.0592820940	0.0030474673	-0.0271936260
0.0109908820	-0.7299999600	0.0588094520	0.0030381756	-0.0227722360
0.0150215530	-0.7299999600	0.0585402590	0.0030679192	-0.0192713570
0.0191550270	-0.7299999600	0.0582563090	0.0030462849	-0.0172759370
0.0246016940	-0.7299999600	0.0578685630	0.0029243397	-0.0172910000
0.0250991750	-0.7299999600	0.0578323230	0.0029083563	-0.0172925700
0.0262759640	-0.7299999600	0.0577432440	0.0029003661	-0.0168460740
0.0337133410	-0.7299999600	0.0571829490	0.0027975852	-0.0139635860
0.0352086420	-0.7299999600	0.0570666830	0.0027909543	-0.0128931370
0.0458504220	-0.7299999600	0.0562056680	0.0027985776	-0.0061980695
0.0477182530	-0.7299999600	0.0560501260	0.0028092733	-0.0040111328
0.0524283950	-0.7299999600	0.0556358100	0.0027995017	-0.0039280257
0.0633024200	-0.7299999600	0.0546806830	0.0027180806	0.0029559012
0.0700156910	-0.7299999600	0.0540494060	0.0026764164	0.0059808022
0.0751983820	-0.7299999600	0.0535622200	0.0026042116	0.0075283865
0.0818366560	-0.7299999600	0.0529066320	0.0026635316	0.0119411400
0.0864432980	-0.7299999600	0.0524500910	0.0026491166	0.0167084950
0.0953410710	-0.7299999600	0.0515315610	0.0026976144	0.0207361930
0.0970343570	-0.7299999600	0.0513556080	0.0026875853	0.0211953430
1 2 
2 3 
3 4 
4 5 
5 6 
6 7 
7 8 
8 9 
9 10 
10 11 
11 12 
12 13 
13 14 
14 15 
15 16 
16 17 
17 18 
18 19 
19 20 
20 21 
21 22 
22 23 
23 24 
24 25 
25 26 
26 27 
27 28 
28 29 
29 30 
30 31 
31 32 
32 33 
33 34 
34 35 
35 36 
36 37 
37 38 
38 39 
39 40 
40 41 
41 42 
42 43 
43 44 
44 45 
45 46 
46 47 
47 48 
48 49 
49 50 
50 51 
51 52 
52 53 
53 54 
54 55 
55 56 
56 57 
57 58 
58 59 
59 60 
60 61 
61 62 
62 63 
63 64 
64 65 
65 66 
66 67 
67 68 
68 69 
69 70 
70 71 
71 72 
72 73 
73 74 
74 75 
75 76 
76 77 
77 78 
78 79 
79 80 
80 81 
81 82 
82 83 
83 84 
84 85 
85 86 
86 87 
87 88 
88 89 
89 90 
90 91 
91 92 
92 93 
93 94 
94 95 
95 96 
96 97 
97 98 
98 99 
99 100 
100 101 
101 102 
102 103 
103 104 
104 105 
105 106 
106 107 
107 108 
108 109 
109 110 
110 111 
111 112 
112 113 
113 114 
114 115 
115 116 
116 117 
117 118 
118 119 
119 120 
120 121 
121 122 
122 123 
123 124 
124 125 
125 126 
126 127 
127 128 
128 129 
129 130 
130 131 
131 132 
132 133 
133 134 
134 135 
135 136 
136 137 
137 138 
138 139 
139 140 
140 141 
141 142 
142 143 
143 144 
144 145 
145 146 
146 147 
147 148 
148 149 
149 150 
150 151 
151 152 
152 153 
153 154 
154 155 
155 156 
156 157 
157 158 
158 159 
159 160 
160 161 
161 162 
162 163 
163 164 
164 165 
165 166 
166 167 
167 168 
168 169 
169 170 
170 171 
171 172 
172 173 
173 174 
174 175 
175 176 
176 177 
177 178 
178 179 
179 180 
180 181 
181 182 
182 183 
183 184 
184 185 
185 186 
186 187 
187 188 
188 189 
189 190 
190 191 
191 192 
192 193 
193 194 
194 195 
195 196 
196 197 
197 198 
198 199 
199 200 
200 201 
201 202 
202 203 
203 204 
204 205 
205 206 
206 207 
207 208 
208 209 
209 210 
210 211 
211 212 
212 213 
213 214 
214 215 
215 216 
216 217 
217 218 
218 219 
219 220 
220 221 
221 222 
222 223 
223 224 
224 225 
225 226 
226 227 
227 228 
228 229 
229 230 
230 231 
231 232 
232 233 
233 234 
234 235 
235 236 
236 237 
237 238 
238 239 
239 240 
240 241 
241 242 
242 243 
243 244 
244 245 
245 246 
246 247 
247 248 
248 249 
249 250 
250 251 
251 252 
252 253 
253 254 
254 255 
255 256 
256 257 
257 258 
258 259 
259 260 
260 261 
261 262 
262 263 
263 264 
264 265 
265 266 
266 267 
267 268 
268 269 
269 270 
270 271 
271 272 
272 273 
273 274 
274 275 
275 276 
276 277 
277 278 
278 279 
279 280 
280 281 
281 282 
282 283 
283 284 
284 285 
285 286 
286 287 
287 288 
288 289 
289 290 
290 291 
291 292 
292 293 
293 294 
294 295 
295 296 
296 297 
297 298 
298 299 
299 300 
300 301 
301 302 
302 303 
303 304 
304 305 
305 306 
306 307 
307 308 
308 309 
309 310 
310 311 
311 312 
312 313 
313 314 
314 315 
315 316 
316 317 
317 318 
318 319 
319 320 
320 321 
321 322 
322 323 
323 324 
324 325 
325 326 
326 327 
327 328 
328 329 
329 330 
330 331 
331 332 
332 333 
333 334 
334 335 
335 336 
336 337 
337 338 
338 339 
339 340 
340 341 
341 342 
342 343 
343 344 
344 345 
345 346 
346 347 
347 348 
348 349 
349 350 
350 351 
351 352 
352 353 
353 354 
354 355 
355 356 
356 357 
357 358 
358 359 
359 360 
360 361 
361 362 
362 363 
363 364 
364 365 
365 366 
366 367 
367 368 
368 369 
369 370 
370 371 
371 372 
372 373 
373 374 
374 375 
375 376 
376 377 
377 378 
378 379 
379 380 
380 381 
381 382 
382 383 
383 384 
384 385 
385 386 
386 387 
387 388 
388 389 
389 390 
390 391 
391 392 
392 393 
393 394 
394 395 
395 396 
396 397 
397 398 
398 399 
399 400 
400 401 
401 402 
402 403 
403 404 
404 405 
405 406 
406 407 
407 408 
408 409 
409 410 
410 411 
411 412 
412 413 
413 414 
414 415 
415 416 
416 417 
417 418 
418 419 
419 420 
420 421 
421 422 
422 423 
423 424 
424 425 
425 426 
426 427 
427 428 
428 429 
429 430 
430 431 
431 432 
432 433 
433 434 
434 435 
435 436 
436 437 
437 438 
438 439 
439 440 
440 441 
441 442 
442 443 
443 444 
444 445 
