TITLE     = "Surface mesh and solution"
VARIABLES = "x"
"y"
"z"
"cfx"
"Cp"
DATASETAUXDATA alpha_deg="  0.0000000E+00"
DATASETAUXDATA beta_deg="  0.0000000E+00"
DATASETAUXDATA bref="  0.7500000"
DATASETAUXDATA cref="   1.000000"
DATASETAUXDATA itranflg="           0"
DATASETAUXDATA ivisc="           2"
DATASETAUXDATA mach="  0.2000000"
DATASETAUXDATA reue_mil="   4.600000"
DATASETAUXDATA sref="  0.7500000"
DATASETAUXDATA tinf_r="   521.0000"
DATASETAUXDATA xmc="  0.0000000E+00"
DATASETAUXDATA ymc="  0.0000000E+00"
DATASETAUXDATA zmc="  0.0000000E+00"
ZONE T="Slice: Y=-0.001"
 STRANDID=0, SOLUTIONTIME=0
 Nodes=167, Elements=162, ZONETYPE=FELineSeg
 DATAPACKING=POINT
 DT=(DOUBLE DOUBLE DOUBLE DOUBLE DOUBLE )
 7.386058150E-01 -1.000000000E-03 -1.302361330E-01 1.170604743E-03 2.621600626E-01
 7.376558615E-01 -1.000000000E-03 -1.299237415E-01 8.532819210E-04 2.612808232E-01
 7.367582905E-01 -1.000000000E-03 -1.296281220E-01 2.917460915E-04 3.147549345E-01
 7.356521890E-01 -1.000000000E-03 -1.292629568E-01 5.180675364E-05 3.132463686E-01
 7.376063065E-01 -1.000000000E-03 -1.302047818E-01 1.544765298E-03 2.609441075E-01
 7.354974684E-01 -1.000000000E-03 -1.301404179E-01 1.542146096E-03 3.151671778E-01
 7.339680362E-01 -1.000000000E-03 -1.287099823E-01 -2.977461970E-05 3.131818861E-01
 7.278095365E-01 -1.000000000E-03 -1.266880517E-01 -8.615002180E-05 3.117285912E-01
 7.337257539E-01 -1.000000000E-03 -1.300840298E-01 1.334920027E-03 3.156043304E-01
 7.288516850E-01 -1.000000000E-03 -1.299304836E-01 9.739301358E-04 3.113421658E-01
 7.249752916E-01 -1.000000000E-03 -1.257603274E-01 -9.162682914E-05 3.108889922E-01
 7.263022502E-01 -1.000000000E-03 -1.298470085E-01 8.757199352E-04 3.091356796E-01
 7.194129141E-01 -1.000000000E-03 -1.239507018E-01 -1.084982205E-04 3.082068403E-01
 7.105873505E-01 -1.000000000E-03 -1.210829624E-01 -1.307366379E-04 3.041285010E-01
 7.006672076E-01 -1.000000000E-03 -1.178915973E-01 -1.515195159E-04 3.001628189E-01
 7.213020764E-01 -1.000000000E-03 -1.296742704E-01 1.015273466E-03 3.081101641E-01
 7.106512869E-01 -1.000000000E-03 -1.293075761E-01 1.246033582E-03 3.031175289E-01
 7.016946520E-01 -1.000000000E-03 -1.289779510E-01 1.255551928E-03 3.026178840E-01
 6.820023241E-01 -1.000000000E-03 -1.118912857E-01 -1.894182621E-04 2.938881639E-01
 6.818871527E-01 -1.000000000E-03 -1.282244156E-01 1.373103662E-03 2.987174968E-01
 6.712564066E-01 -1.000000000E-03 -1.277669476E-01 1.427056666E-03 2.955613943E-01
 6.464399688E-01 -1.000000000E-03 -1.007199674E-01 -2.222245332E-04 2.798530600E-01
 6.323672666E-01 -1.000000000E-03 -9.629382687E-02 -2.348491599E-04 2.730567192E-01
 6.212196635E-01 -1.000000000E-03 -9.285990524E-02 -2.354872448E-04 2.690988622E-01
 6.255551806E-01 -1.000000000E-03 -1.257230283E-01 1.466457026E-03 2.868065133E-01
 6.141159382E-01 -1.000000000E-03 -1.251380148E-01 1.433074104E-03 2.842705075E-01
 5.586149998E-01 -1.000000000E-03 -7.389950883E-02 -2.625659674E-04 2.432795682E-01
 5.524266306E-01 -1.000000000E-03 -1.217424173E-01 1.650381396E-03 2.834635031E-01
 5.405209854E-01 -1.000000000E-03 -1.210362562E-01 1.695862917E-03 2.859838463E-01
 -2.451536645E-01 -1.000000000E-03 3.414811482E-02 -1.875980133E-03 5.094946409E-01
 -2.447125993E-01 -1.000000000E-03 3.308177716E-02 -1.781828428E-03 5.950325265E-01
 -2.449447469E-01 -1.000000000E-03 3.361007189E-02 -2.000967799E-03 5.680442818E-01
 -2.454425217E-01 -1.000000000E-03 3.494646429E-02 -1.854544064E-03 4.476858612E-01
 -2.457828221E-01 -1.000000000E-03 3.604954878E-02 -1.844614945E-03 3.476088652E-01
 -2.459914615E-01 -1.000000000E-03 3.687276918E-02 -1.727562831E-03 2.678799759E-01
 -2.462140103E-01 -1.000000000E-03 3.800585828E-02 -1.360026072E-03 1.411610011E-01
 -2.461185771E-01 -1.000000000E-03 3.743618749E-02 -1.741765930E-03 2.285543581E-01
 -2.452364971E-01 -1.000000000E-03 4.669411592E-02 6.086893760E-03 -8.890303689E-01
 -2.450137287E-01 -1.000000000E-03 4.722755976E-02 6.811918595E-03 -9.172676478E-01
 -2.459651898E-01 -1.000000000E-03 4.438364095E-02 3.602804651E-03 -6.542833830E-01
 -2.455390550E-01 -1.000000000E-03 4.590151625E-02 5.219153942E-03 -8.334491569E-01
 -2.458234479E-01 -1.000000000E-03 4.501395567E-02 4.365205834E-03 -6.932442672E-01
 -2.457251284E-01 -1.000000000E-03 4.536578951E-02 4.761143741E-03 -7.655528219E-01
 -2.463293075E-01 -1.000000000E-03 3.884574384E-02 -9.762657792E-04 5.819123774E-02
 -2.464175473E-01 -1.000000000E-03 3.999769829E-02 -4.867989904E-04 -5.678984900E-02
 -2.464305170E-01 -1.000000000E-03 4.084599344E-02 1.761584839E-04 -1.668885800E-01
 -2.463117503E-01 -1.000000000E-03 4.241806724E-02 1.512020050E-03 -3.921220590E-01
 -2.464022628E-01 -1.000000000E-03 4.170268218E-02 8.415642616E-04 -2.931561505E-01
 -2.462019380E-01 -1.000000000E-03 4.341204442E-02 2.537721981E-03 -5.028884169E-01
 -2.443550212E-01 -1.000000000E-03 3.231136246E-02 -1.670633033E-03 6.430288672E-01
 -2.438230228E-01 -1.000000000E-03 3.127584738E-02 -1.572383200E-03 7.008282304E-01
 -2.441005684E-01 -1.000000000E-03 3.179142432E-02 -1.756969846E-03 6.813583592E-01
 -2.433994935E-01 -1.000000000E-03 3.052210251E-02 -1.471302956E-03 7.412806133E-01
 -2.427873966E-01 -1.000000000E-03 2.951742034E-02 -1.338506411E-03 7.937308595E-01
 -2.431034542E-01 -1.000000000E-03 3.001689052E-02 -1.531085293E-03 7.726498712E-01
 -2.422779015E-01 -1.000000000E-03 2.874006498E-02 -1.167744194E-03 8.259271891E-01
 -2.415227212E-01 -1.000000000E-03 2.767457892E-02 -1.033785495E-03 8.547258071E-01
 -2.419391604E-01 -1.000000000E-03 2.824118349E-02 -1.172976676E-03 8.482761116E-01
 -2.407351391E-01 -1.000000000E-03 2.661958993E-02 -8.233345232E-04 8.836623546E-01
 -2.400662412E-01 -1.000000000E-03 2.579342654E-02 -6.575373146E-04 8.998886756E-01
 -2.392727211E-01 -1.000000000E-03 2.485564895E-02 -4.929673694E-04 9.099782572E-01
 -2.379659386E-01 -1.000000000E-03 2.342899304E-02 -3.200693308E-04 9.205285997E-01
 -2.387220251E-01 -1.000000000E-03 2.422614844E-02 -4.558124607E-04 9.193730434E-01
 -2.365326509E-01 -1.000000000E-03 2.193967894E-02 -1.149364124E-04 9.289609741E-01
 -2.353181269E-01 -1.000000000E-03 2.077999666E-02 1.244424920E-05 9.294875202E-01
 -2.338521875E-01 -1.000000000E-03 1.944070393E-02 1.566020283E-04 9.253406360E-01
 -2.328785092E-01 -1.000000000E-03 1.857979596E-02 2.038292015E-04 9.234100705E-01
 -2.293471053E-01 -1.000000000E-03 1.571421063E-02 4.928936028E-04 9.083193021E-01
 -2.273153798E-01 -1.000000000E-03 1.420356456E-02 5.956793661E-04 8.923709745E-01
 -2.316362181E-01 -1.000000000E-03 1.756341643E-02 3.109400463E-04 9.175667146E-01
 -2.328785092E-01 -1.000000000E-03 1.857979596E-02 2.038292015E-04 9.234100705E-01
 -2.244479929E-01 -1.000000000E-03 1.216305855E-02 7.218119431E-04 8.716622366E-01
 -2.206715287E-01 -1.000000000E-03 9.669742903E-03 8.511417141E-04 8.473386750E-01
 -2.227477213E-01 -1.000000000E-03 1.099443880E-02 7.732642331E-04 8.650893214E-01
 -2.166416178E-01 -1.000000000E-03 7.145508310E-03 9.923267567E-04 8.240784901E-01
 -2.129297896E-01 -1.000000000E-03 4.992835279E-03 1.061075739E-03 8.050113317E-01
 -2.085714796E-01 -1.000000000E-03 2.578178465E-03 1.132127454E-03 7.827787013E-01
 -2.018094642E-01 -1.000000000E-03 -8.865520095E-04 1.251570016E-03 7.612337634E-01
 -1.947501389E-01 -1.000000000E-03 -4.344687544E-03 1.395045152E-03 7.291205373E-01
 -1.881616509E-01 -1.000000000E-03 -7.290932569E-03 1.465180441E-03 6.960723710E-01
 -1.784533046E-01 -1.000000000E-03 -1.140861517E-02 1.568983413E-03 6.651718932E-01
 -1.650638287E-01 -1.000000000E-03 -1.666210714E-02 1.697391537E-03 6.308919061E-01
 -1.541248065E-01 -1.000000000E-03 -2.064472487E-02 1.878018046E-03 5.999174026E-01
 -1.342640973E-01 -1.000000000E-03 -2.725645903E-02 2.034679563E-03 5.471929106E-01
 -1.459316333E-01 -1.000000000E-03 -2.349806357E-02 2.066835562E-03 5.734283771E-01
 -1.243677113E-01 -1.000000000E-03 -3.039106444E-02 1.948322784E-03 5.266248660E-01
 -1.085120673E-01 -1.000000000E-03 -3.487594147E-02 1.867151486E-03 5.116244022E-01
 2.542589705E-01 -1.000000000E-03 -9.734167762E-02 1.812347737E-03 3.041724925E-01
 2.723550420E-01 -1.000000000E-03 -9.924639946E-02 1.813098329E-03 3.007884052E-01
 2.199556920E-01 -1.000000000E-03 -9.352130893E-02 1.842024861E-03 3.100750266E-01
 1.994141673E-01 -1.000000000E-03 -9.109165437E-02 1.911854585E-03 3.150288856E-01
 1.581347207E-01 -1.000000000E-03 -8.585565150E-02 2.055458936E-03 3.293555740E-01
 1.312901118E-01 -1.000000000E-03 -8.223908158E-02 2.052123550E-03 3.398445926E-01
 -4.862022424E-02 -1.000000000E-03 -5.023449252E-02 2.099297787E-03 4.401734909E-01
 -5.887846171E-02 -1.000000000E-03 -4.786773874E-02 2.104867179E-03 4.530791433E-01
 -8.526372806E-03 -1.000000000E-03 -5.883166361E-02 2.144181891E-03 4.059681287E-01
 4.272584712E-03 -1.000000000E-03 -6.134837032E-02 2.163910209E-03 3.979345885E-01
 5.287886567E-02 -1.000000000E-03 -7.016630168E-02 2.241651618E-03 3.703730641E-01
 6.858394304E-02 -1.000000000E-03 -7.276507100E-02 2.207393563E-03 3.634823976E-01
 3.168599936E-01 -1.000000000E-03 -1.036733495E-01 1.889275990E-03 2.929931191E-01
 3.337514978E-01 -1.000000000E-03 -1.052627364E-01 1.875667037E-03 2.905709144E-01
 3.960439928E-01 -1.000000000E-03 -1.106786090E-01 1.939746041E-03 2.848200890E-01
 4.106509147E-01 -1.000000000E-03 -1.118712520E-01 1.937662537E-03 2.840251436E-01
 4.680191080E-01 -1.000000000E-03 -1.162107345E-01 1.901548190E-03 2.852563416E-01
 4.802118816E-01 -1.000000000E-03 -1.170687014E-01 1.914201333E-03 2.864387176E-01
 5.405209854E-01 -1.000000000E-03 -1.210362562E-01 1.695862917E-03 2.859838463E-01
 -2.425934900E-01 -1.000000000E-03 5.110796750E-02 9.218819225E-03 -1.237733473E+00
 -2.432897929E-01 -1.000000000E-03 5.018722916E-02 8.784908984E-03 -1.207726977E+00
 -2.429530044E-01 -1.000000000E-03 5.065628533E-02 9.435791263E-03 -1.209878400E+00
 -2.420493336E-01 -1.000000000E-03 5.175964590E-02 9.248639180E-03 -1.252266596E+00
 -2.412701473E-01 -1.000000000E-03 5.261083971E-02 9.099471769E-03 -1.270844697E+00
 -2.437668715E-01 -1.000000000E-03 4.948466463E-02 8.337265223E-03 -1.151049372E+00
 -2.443631961E-01 -1.000000000E-03 4.849582661E-02 7.815352224E-03 -1.067991931E+00
 -2.406704524E-01 -1.000000000E-03 5.321224035E-02 8.872790722E-03 -1.288787835E+00
 -2.398148597E-01 -1.000000000E-03 5.400393317E-02 8.574801063E-03 -1.305240624E+00
 -2.391572470E-01 -1.000000000E-03 5.456843148E-02 8.508286537E-03 -1.311416081E+00
 -2.382328671E-01 -1.000000000E-03 5.530712492E-02 8.401182101E-03 -1.298776383E+00
 -2.374821074E-01 -1.000000000E-03 5.586789312E-02 8.431586373E-03 -1.307529936E+00
 -2.364429621E-01 -1.000000000E-03 5.659295572E-02 8.457184465E-03 -1.318615000E+00
 -2.356068793E-01 -1.000000000E-03 5.713997342E-02 8.465777039E-03 -1.302255650E+00
 -2.343597826E-01 -1.000000000E-03 5.790042252E-02 8.427395946E-03 -1.246904934E+00
 -2.333056322E-01 -1.000000000E-03 5.850121738E-02 8.275846902E-03 -1.226908681E+00
 -2.316927729E-01 -1.000000000E-03 5.934972727E-02 7.809401933E-03 -1.232050628E+00
 -2.302750146E-01 -1.000000000E-03 6.004240715E-02 7.544443468E-03 -1.216748763E+00
 -2.281364458E-01 -1.000000000E-03 6.099839036E-02 7.319301914E-03 -1.160506834E+00
 -2.262524121E-01 -1.000000000E-03 6.177173094E-02 7.133788562E-03 -1.124204358E+00
 -2.237151065E-01 -1.000000000E-03 6.271829089E-02 6.876036853E-03 -1.087724025E+00
 -2.215886986E-01 -1.000000000E-03 6.344293675E-02 6.492972133E-03 -1.061914240E+00
 -2.184517860E-01 -1.000000000E-03 6.440037217E-02 6.266511400E-03 -1.022082841E+00
 -2.447590080E-01 -1.000000000E-03 4.774615470E-02 7.123963928E-03 -9.949176203E-01
 -2.450137287E-01 -1.000000000E-03 4.722755976E-02 6.811918595E-03 -9.172676478E-01
 -2.184517860E-01 -1.000000000E-03 6.440037217E-02 6.266511400E-03 -1.022082841E+00
 -2.143867931E-01 -1.000000000E-03 6.551418145E-02 5.900983017E-03 -9.789395712E-01
 -2.106325379E-01 -1.000000000E-03 6.640760975E-02 5.360260340E-03 -9.491829869E-01
 -2.127773753E-01 -1.000000000E-03 6.592463433E-02 6.044135631E-03 -9.685976139E-01
 -2.066688967E-01 -1.000000000E-03 6.724656105E-02 4.781711072E-03 -9.098704306E-01
 -2.014204711E-01 -1.000000000E-03 6.819695615E-02 4.196291484E-03 -8.464769835E-01
 -1.963346464E-01 -1.000000000E-03 6.899034467E-02 3.910507849E-03 -8.069065598E-01
 -1.893315617E-01 -1.000000000E-03 6.988618598E-02 3.627829211E-03 -7.644127724E-01
 -1.834898453E-01 -1.000000000E-03 7.049836539E-02 3.535230667E-03 -7.324420208E-01
 -1.730494966E-01 -1.000000000E-03 7.125895081E-02 3.494370017E-03 -6.820639059E-01
 -1.604755952E-01 -1.000000000E-03 7.189839576E-02 2.781152180E-03 -6.198719687E-01
 -1.487768922E-01 -1.000000000E-03 7.211651690E-02 2.361693994E-03 -5.559524331E-01
 -1.367805683E-01 -1.000000000E-03 7.210133160E-02 1.923325360E-03 -5.012937553E-01
 -1.196786240E-01 -1.000000000E-03 7.166786090E-02 1.411322647E-03 -4.405426806E-01
 -1.092028676E-01 -1.000000000E-03 7.123331449E-02 1.082952902E-03 -3.947211576E-01
 -9.323138533E-02 -1.000000000E-03 7.014891440E-02 7.150334160E-04 -3.266345842E-01
 2.705106593E-01 -1.000000000E-03 4.928275981E-03 -7.035832239E-04 3.474170128E-02
 2.839020776E-01 -1.000000000E-03 1.611510683E-03 -6.261458691E-04 4.118586321E-02
 1.669308499E-01 -1.000000000E-03 2.903680973E-02 -1.830958582E-03 -1.178719721E-01
 1.446216984E-01 -1.000000000E-03 3.382604514E-02 -1.782094571E-03 -1.531641707E-01
 2.329153478E-01 -1.000000000E-03 1.402526743E-02 -1.045251884E-03 -6.151870481E-03
 2.157471737E-01 -1.000000000E-03 1.803980529E-02 -1.282042464E-03 -3.423090963E-02
 -4.596088408E-02 -1.000000000E-03 6.590536017E-02 9.625051982E-05 -1.894210855E-01
 -2.968155271E-02 -1.000000000E-03 6.397090577E-02 -1.396554237E-04 -1.418998631E-01
 2.769730112E-03 -1.000000000E-03 5.955532644E-02 -5.107035857E-04 -1.044633886E-01
 2.261285481E-02 -1.000000000E-03 5.657007071E-02 -6.175653742E-04 -1.122310639E-01
 6.683564313E-02 -1.000000000E-03 4.908308810E-02 -1.127615344E-03 -1.507873582E-01
 8.565343951E-02 -1.000000000E-03 4.560890570E-02 -1.260361043E-03 -1.698380532E-01
 3.332103442E-01 -1.000000000E-03 -1.094817673E-02 -5.976403094E-04 6.418648175E-02
 3.463172467E-01 -1.000000000E-03 -1.436636743E-02 -6.129454661E-04 6.921964861E-02
 4.074360429E-01 -1.000000000E-03 -3.074408650E-02 -6.263541278E-04 1.162292451E-01
 4.192012941E-01 -1.000000000E-03 -3.395822361E-02 -6.079324076E-04 1.270239515E-01
 4.783019703E-01 -1.000000000E-03 -5.051844852E-02 -4.335508296E-04 1.842567936E-01
 4.899374175E-01 -1.000000000E-03 -5.384219175E-02 -4.040346711E-04 1.958479934E-01
 5.467243046E-01 -1.000000000E-03 -7.037193590E-02 -2.676488841E-04 2.372801979E-01
 5.586149998E-01 -1.000000000E-03 -7.389950883E-02 -2.625659674E-04 2.432795682E-01
 5 1
 1 2
 2 3
 3 4
 4 7
 7 8
 8 11
 11 13
 13 14
 14 15
 15 19
 19 22
 22 23
 23 24
 24 27
 6 9
 9 10
 10 12
 12 16
 16 17
 17 18
 18 20
 20 21
 21 25
 25 26
 26 28
 28 29
 5 6
 30 33
 33 34
 34 35
 35 37
 37 36
 36 44
 44 45
 45 46
 46 48
 48 47
 47 49
 49 40
 40 42
 42 43
 43 41
 41 38
 38 39
 51 52
 52 50
 50 31
 31 32
 32 30
 61 60
 60 59
 59 57
 57 58
 58 56
 56 54
 54 55
 55 53
 53 51
 65 64
 64 62
 62 63
 63 61
 66 67
 66 65
 68 70
 70 71
 72 69
 69 68
 75 73
 73 74
 74 72
 76 75
 79 78
 78 77
 77 76
 81 82
 82 83
 83 85
 85 84
 84 86
 86 87
 87 95
 95 94
 94 96
 96 97
 97 98
 98 99
 99 93
 93 92
 92 91
 91 90
 90 88
 88 89
 89 100
 100 101
 101 102
 102 103
 103 104
 104 105
 105 106
 81 80
 80 79
 107 110
 110 111
 111 114
 114 115
 115 116
 116 117
 117 118
 118 119
 119 120
 120 121
 121 122
 122 123
 123 124
 124 125
 125 126
 126 127
 127 128
 128 129
 112 108
 108 109
 109 107
 130 113
 113 112
 130 131
 132 133
 133 135
 135 134
 134 136
 136 137
 137 138
 138 139
 139 140
 140 141
 141 142
 142 143
 143 144
 144 145
 145 146
 146 147
 147 154
 154 155
 155 156
 156 157
 157 158
 158 159
 159 151
 151 150
 150 153
 153 152
 152 148
 148 149
 149 160
 160 161
 161 162
 162 163
 163 164
 164 165
 165 166
 166 167
ZONE T="Slice: Y=-0.035"
 STRANDID=0, SOLUTIONTIME=0
 Nodes=188, Elements=183, ZONETYPE=FELineSeg
 DATAPACKING=POINT
 DT=(DOUBLE DOUBLE DOUBLE DOUBLE DOUBLE )
 7.363520766E-01 -3.500000000E-02 -1.301676152E-01 3.308690079E-03 3.317653832E-01
 7.380381965E-01 -3.500000000E-02 -1.302188786E-01 3.288356946E-03 9.054299529E-02
 7.386058150E-01 -3.500000000E-02 -1.302361330E-01 3.105901425E-03 -6.919028718E-03
 7.380923703E-01 -3.500000000E-02 -1.300667186E-01 2.935889255E-03 9.942499186E-02
 7.338213654E-01 -3.500000000E-02 -1.300895005E-01 2.222430816E-03 3.105453006E-01
 7.333054652E-01 -3.500000000E-02 -1.300732192E-01 2.101086224E-03 3.082021482E-01
 7.336275406E-01 -3.500000000E-02 -1.300835133E-01 2.105119498E-03 3.087118795E-01
 7.103166771E-01 -3.500000000E-02 -1.293097091E-01 2.056773228E-03 3.007282499E-01
 7.267654927E-01 -3.500000000E-02 -1.298656094E-01 1.997373128E-03 2.932352628E-01
 7.202746198E-01 -3.500000000E-02 -1.296457695E-01 2.037901880E-03 2.977036658E-01
 6.907887809E-01 -3.500000000E-02 -1.285827371E-01 2.167461893E-03 2.938069786E-01
 6.874767349E-01 -3.500000000E-02 -1.284599456E-01 2.176098113E-03 2.920519113E-01
 6.800706923E-01 -3.500000000E-02 -1.281371605E-01 2.185160741E-03 2.923948697E-01
 6.432956919E-01 -3.500000000E-02 -1.265568396E-01 2.172157108E-03 2.885751085E-01
 6.182621632E-01 -3.500000000E-02 -1.253615689E-01 2.245996289E-03 2.842803726E-01
 7.369609886E-01 -3.500000000E-02 -1.296934120E-01 2.160494763E-03 3.057517169E-01
 7.341454074E-01 -3.500000000E-02 -1.287657658E-01 5.741325322E-04 3.016479447E-01
 7.338828845E-01 -3.500000000E-02 -1.286792758E-01 3.897508517E-04 3.012561463E-01
 7.336347075E-01 -3.500000000E-02 -1.285977400E-01 3.732029068E-04 3.011049683E-01
 7.160622726E-01 -3.500000000E-02 -1.228477829E-01 -6.056336780E-05 2.907588650E-01
 7.282499722E-01 -3.500000000E-02 -1.268286544E-01 9.370497382E-06 3.001908303E-01
 7.213663333E-01 -3.500000000E-02 -1.245787170E-01 -2.903097935E-05 2.941293338E-01
 6.919128866E-01 -3.500000000E-02 -1.150554333E-01 -5.843851433E-05 2.772466596E-01
 6.882637181E-01 -3.500000000E-02 -1.138772542E-01 -6.130491481E-05 2.753221328E-01
 -2.462811998E-01 -3.500000000E-02 3.840336218E-02 -9.226786045E-04 3.220192789E-01
 -2.453073041E-01 -3.500000000E-02 3.454378238E-02 -1.307373274E-03 6.854723931E-01
 -2.463871830E-01 -3.500000000E-02 4.195599833E-02 1.098136763E-03 -1.535474335E-01
 -2.445402492E-01 -3.500000000E-02 3.268974858E-02 -1.062971919E-03 8.045005460E-01
 -2.435249969E-01 -3.500000000E-02 3.073163917E-02 -8.406444519E-04 8.730905487E-01
 -2.425152206E-01 -3.500000000E-02 2.908872458E-02 -6.256890950E-04 9.313768351E-01
 -2.454645460E-01 -3.500000000E-02 3.501210306E-02 -1.322322581E-03 6.688288661E-01
 -2.457358599E-01 -3.500000000E-02 3.588141010E-02 -1.331499046E-03 6.059951110E-01
 -2.451282748E-01 -3.500000000E-02 3.408276325E-02 -1.198503068E-03 7.359296299E-01
 -2.446998435E-01 -3.500000000E-02 3.305281703E-02 -1.069482718E-03 7.970332799E-01
 -2.443657979E-01 -3.500000000E-02 3.233340271E-02 -9.953226721E-04 8.296823699E-01
 -2.437914513E-01 -3.500000000E-02 3.122435760E-02 -8.579730618E-04 8.657057989E-01
 -2.440980277E-01 -3.500000000E-02 3.178648278E-02 -9.283154861E-04 8.321421530E-01
 -2.432793106E-01 -3.500000000E-02 3.031371365E-02 -7.552914352E-04 8.954666248E-01
 -2.427444833E-01 -3.500000000E-02 2.945042929E-02 -6.310004696E-04 9.232757421E-01
 -2.393102253E-01 -3.500000000E-02 2.489294507E-02 -1.217740314E-04 9.526339228E-01
 -2.462003473E-01 -3.500000000E-02 3.792146224E-02 -1.081554499E-03 3.916732807E-01
 -2.460232227E-01 -3.500000000E-02 3.701545583E-02 -1.262227700E-03 4.914456418E-01
 -2.422596810E-01 -3.500000000E-02 2.871363288E-02 -5.413406876E-04 9.426469557E-01
 -2.414282964E-01 -3.500000000E-02 2.754823896E-02 -4.080713637E-04 9.452615431E-01
 -2.418948773E-01 -3.500000000E-02 2.817818718E-02 -4.734274170E-04 9.325687662E-01
 -2.463336912E-01 -3.500000000E-02 3.888833043E-02 -6.965154539E-04 2.865731051E-01
 -2.464060986E-01 -3.500000000E-02 3.970940399E-02 -3.565624225E-04 1.875898687E-01
 -2.464198894E-01 -3.500000000E-02 4.131315569E-02 5.937969542E-04 -3.030589635E-02
 -2.464353204E-01 -3.500000000E-02 4.070285090E-02 1.099338952E-04 6.963020069E-02
 -2.462596345E-01 -3.500000000E-02 4.294805909E-02 1.765071806E-03 -2.540845815E-01
 -2.462019380E-01 -3.500000000E-02 4.341204442E-02 2.045989813E-03 -3.123354130E-01
 -2.460979455E-01 -3.500000000E-02 4.386581698E-02 2.319392410E-03 -3.699440376E-01
 -2.369007726E-01 -3.500000000E-02 2.230483907E-02 1.708736516E-04 9.450603566E-01
 -2.386748773E-01 -3.500000000E-02 2.417827656E-02 7.528893419E-06 9.501659367E-01
 -2.374495657E-01 -3.500000000E-02 2.287656228E-02 1.321653994E-04 9.444443486E-01
 -2.398682132E-01 -3.500000000E-02 2.556310653E-02 -1.609174141E-04 9.508809904E-01
 -2.405740774E-01 -3.500000000E-02 2.641502782E-02 -2.921312063E-04 9.553718178E-01
 -2.364464054E-01 -3.500000000E-02 2.186303307E-02 2.260510251E-04 9.430056981E-01
 -2.352285710E-01 -3.500000000E-02 2.068516577E-02 3.340265838E-04 9.354803217E-01
 -2.337923225E-01 -3.500000000E-02 1.939911003E-02 3.780551443E-04 9.352955431E-01
 -2.301110237E-01 -3.500000000E-02 1.631703797E-02 6.927253577E-04 9.120767695E-01
 -2.326224879E-01 -3.500000000E-02 1.836451378E-02 4.643920409E-04 9.305126910E-01
 -2.285383282E-01 -3.500000000E-02 1.513014478E-02 7.487413109E-04 9.049088240E-01
 -2.252494254E-01 -3.500000000E-02 1.270458521E-02 8.198536035E-04 8.836342357E-01
 -2.458783556E-01 -3.500000000E-02 4.484259020E-02 3.069667097E-03 -5.411042449E-01
 -2.451966914E-01 -3.500000000E-02 4.678312925E-02 5.867919882E-03 -8.672733542E-01
 -2.449991543E-01 -3.500000000E-02 4.725951104E-02 6.244804496E-03 -9.472844474E-01
 -2.457576990E-01 -3.500000000E-02 4.524880744E-02 3.748061317E-03 -6.026594002E-01
 -2.455685191E-01 -3.500000000E-02 4.583081474E-02 4.832653901E-03 -7.344522348E-01
 -2.224301654E-01 -3.500000000E-02 1.078722418E-02 9.024315282E-04 8.637197635E-01
 -2.252494254E-01 -3.500000000E-02 1.270458521E-02 8.198536035E-04 8.836342357E-01
 -2.219193424E-01 -3.500000000E-02 1.045098923E-02 9.247134816E-04 8.596768096E-01
 -2.193958621E-01 -3.500000000E-02 8.829956547E-03 1.057942928E-03 8.377312248E-01
 -2.179649209E-01 -3.500000000E-02 7.955731518E-03 1.137291872E-03 8.221438531E-01
 -2.054502903E-01 -3.500000000E-02 9.283127561E-04 1.461738240E-03 7.583437816E-01
 -2.002564972E-01 -3.500000000E-02 -1.687667487E-03 1.555958547E-03 7.346726786E-01
 -2.140012840E-01 -3.500000000E-02 5.598613065E-03 1.263955445E-03 7.992269775E-01
 -2.102076153E-01 -3.500000000E-02 3.467529406E-03 1.348548984E-03 7.836868650E-01
 -1.792203159E-01 -3.500000000E-02 -1.114342820E-02 1.811499923E-03 6.523707892E-01
 -1.837852044E-01 -3.500000000E-02 -9.182600048E-03 1.781893911E-03 6.610133723E-01
 -1.928928017E-01 -3.500000000E-02 -5.189448935E-03 1.678392253E-03 6.965595391E-01
 -1.714242093E-01 -3.500000000E-02 -1.418383037E-02 1.878982439E-03 6.262560113E-01
 -1.521214861E-01 -3.500000000E-02 -2.123394890E-02 1.999039710E-03 5.835969585E-01
 -1.632847097E-01 -3.500000000E-02 -1.736650268E-02 1.941931494E-03 5.961944601E-01
 -9.384909668E-02 -3.500000000E-02 -3.905482710E-02 2.250157183E-03 4.812098925E-01
 -7.584353543E-02 -3.500000000E-02 -4.369302241E-02 2.202822200E-03 4.552070048E-01
 2.969218619E-02 -3.500000000E-02 -6.610321681E-02 2.449200984E-03 3.753819595E-01
 1.763331885E-01 -3.500000000E-02 -8.810847607E-02 2.406552462E-03 3.179520017E-01
 2.101114307E-01 -3.500000000E-02 -9.239028088E-02 2.354087594E-03 3.105052374E-01
 3.586748262E-01 -3.500000000E-02 -1.075136564E-01 2.142344180E-03 2.823108294E-01
 2.675491016E-01 -3.500000000E-02 -9.875439078E-02 2.244883908E-03 2.961332028E-01
 2.521944210E-01 -3.500000000E-02 -9.709185049E-02 2.285347005E-03 3.010015489E-01
 4.872311590E-01 -3.500000000E-02 -1.175703724E-01 2.128010735E-03 2.860775053E-01
 3.712434258E-01 -3.500000000E-02 -1.085526098E-01 2.139972612E-03 2.819696251E-01
 4.707571486E-01 -3.500000000E-02 -1.163527539E-01 2.127731451E-03 2.848248107E-01
 4.281669306E-01 -3.500000000E-02 -1.132484424E-01 2.107557963E-03 2.796176637E-01
 4.121477484E-01 -3.500000000E-02 -1.119847631E-01 2.116145788E-03 2.808474644E-01
 1.250040837E-02 -3.500000000E-02 -6.296034528E-02 2.383750623E-03 3.866760804E-01
 -1.093609600E-01 -3.500000000E-02 -3.452959803E-02 2.187181421E-03 5.033379447E-01
 -1.336002579E-01 -3.500000000E-02 -2.752892597E-02 2.121231399E-03 5.486026685E-01
 1.460254455E-01 -3.500000000E-02 -8.429879118E-02 2.412243930E-03 3.244239980E-01
 4.779599934E-02 -3.500000000E-02 -6.920525940E-02 2.470044768E-03 3.643698951E-01
 1.113495355E-01 -3.500000000E-02 -7.919273127E-02 2.435464101E-03 3.373385775E-01
 6.844366517E-02 -3.500000000E-02 -7.279533735E-02 2.481710276E-03 3.514210343E-01
 -1.818432635E-02 -3.500000000E-02 -5.665585266E-02 2.339391294E-03 3.982238203E-01
 4.976801831E-01 -3.500000000E-02 -1.182594428E-01 2.118026717E-03 2.841874463E-01
 5.460017305E-01 -3.500000000E-02 -1.213645803E-01 2.076944036E-03 2.734301293E-01
 3.484572548E-01 -3.500000000E-02 -1.066092499E-01 2.153349920E-03 2.864671557E-01
 3.247634756E-01 -3.500000000E-02 -1.044040608E-01 2.167685580E-03 2.936052452E-01
 -5.830567139E-02 -3.500000000E-02 -4.781415303E-02 2.233872571E-03 4.333353327E-01
 -3.765177951E-02 -3.500000000E-02 -5.272881801E-02 2.272433645E-03 4.077825122E-01
 5.824314026E-01 -3.500000000E-02 -1.234191239E-01 2.185064346E-03 2.768447018E-01
 6.182621632E-01 -3.500000000E-02 -1.253615689E-01 2.245996289E-03 2.842803726E-01
 -2.435371975E-01 -3.500000000E-02 4.984268843E-02 8.328091323E-03 -1.226511098E+00
 -2.423350971E-01 -3.500000000E-02 5.143295945E-02 9.034817793E-03 -1.362144469E+00
 -2.432495906E-01 -3.500000000E-02 5.024326676E-02 8.452914852E-03 -1.280625028E+00
 -2.426967242E-01 -3.500000000E-02 5.097848289E-02 8.795400130E-03 -1.345221600E+00
 -2.438037922E-01 -3.500000000E-02 4.942705355E-02 8.072804374E-03 -1.163730553E+00
 -2.443743411E-01 -3.500000000E-02 4.847654486E-02 7.332195514E-03 -1.024724531E+00
 -2.447396632E-01 -3.500000000E-02 4.778565804E-02 6.786892504E-03 -9.627263046E-01
 -2.449991543E-01 -3.500000000E-02 4.725951104E-02 6.244804496E-03 -9.472844474E-01
 -2.418883993E-01 -3.500000000E-02 5.194385870E-02 9.373597435E-03 -1.367065161E+00
 -2.415516142E-01 -3.500000000E-02 5.231808584E-02 9.636636104E-03 -1.400253042E+00
 -2.406265418E-01 -3.500000000E-02 5.324928646E-02 9.923975820E-03 -1.446096827E+00
 -2.397921293E-01 -3.500000000E-02 5.402408677E-02 9.955153897E-03 -1.441679998E+00
 -2.402420992E-01 -3.500000000E-02 5.362396663E-02 9.853947297E-03 -1.454933117E+00
 -2.391598866E-01 -3.500000000E-02 5.456621214E-02 9.998406100E-03 -1.438714773E+00
 -2.382878666E-01 -3.500000000E-02 5.526365072E-02 1.011134680E-02 -1.457821081E+00
 -2.335118347E-01 -3.500000000E-02 5.839221484E-02 9.994954609E-03 -1.424144615E+00
 -2.372726837E-01 -3.500000000E-02 5.601875065E-02 1.018268787E-02 -1.469557137E+00
 -2.363012611E-01 -3.500000000E-02 5.668729849E-02 1.025334153E-02 -1.464990576E+00
 -2.294960010E-01 -3.500000000E-02 6.040844245E-02 9.958242285E-03 -1.332934930E+00
 -2.340032739E-01 -3.500000000E-02 5.810594678E-02 1.013096159E-02 -1.438157359E+00
 -2.354552165E-01 -3.500000000E-02 5.723554351E-02 1.024146809E-02 -1.452677531E+00
 -2.327089844E-01 -3.500000000E-02 5.882544570E-02 1.007493255E-02 -1.410767275E+00
 -2.305986331E-01 -3.500000000E-02 5.987158186E-02 1.010320694E-02 -1.362368097E+00
 -2.322006786E-01 -3.500000000E-02 5.909797615E-02 1.008857987E-02 -1.398783473E+00
 -2.290272449E-01 -3.500000000E-02 6.061741018E-02 9.922794715E-03 -1.323052880E+00
 -2.281280639E-01 -3.500000000E-02 6.097555103E-02 9.811307305E-03 -1.315008214E+00
 -2.205292027E-01 -3.500000000E-02 6.379085916E-02 8.491954236E-03 -1.192952046E+00
 -2.205886286E-01 -3.500000000E-02 6.377039056E-02 8.509612999E-03 -1.194417574E+00
 -2.248318811E-01 -3.500000000E-02 6.232309468E-02 9.305750619E-03 -1.259360311E+00
 -2.204781923E-01 -3.500000000E-02 6.380663189E-02 8.486000122E-03 -1.191666678E+00
 -2.152392945E-01 -3.500000000E-02 6.528384066E-02 7.027670997E-03 -1.072444017E+00
 -2.127913927E-01 -3.500000000E-02 6.592062482E-02 6.497472209E-03 -1.089692288E+00
 -2.101300902E-01 -3.500000000E-02 6.651181237E-02 5.773541985E-03 -1.074126344E+00
 -2.043414029E-01 -3.500000000E-02 6.769197315E-02 4.899133028E-03 -9.904986982E-01
 -2.015267367E-01 -3.500000000E-02 6.818959583E-02 4.600367804E-03 -9.612942069E-01
 -2.015267367E-01 -3.500000000E-02 6.818959583E-02 4.600367804E-03 -9.612942069E-01
 -1.935009941E-01 -3.500000000E-02 6.935618941E-02 4.064488872E-03 -9.033474213E-01
 -1.845373573E-01 -3.500000000E-02 7.034202625E-02 3.895206530E-03 -8.268878767E-01
 -1.710371022E-01 -3.500000000E-02 7.142557791E-02 3.721475935E-03 -7.341435901E-01
 -1.590397525E-01 -3.500000000E-02 7.193354705E-02 3.673312553E-03 -6.540969363E-01
 -1.516304928E-01 -3.500000000E-02 7.209362403E-02 3.544255603E-03 -6.064836248E-01
 -1.272994245E-01 -3.500000000E-02 7.179287204E-02 2.948853751E-03 -5.113653295E-01
 -4.754270334E-02 -3.500000000E-02 6.607321749E-02 7.823088601E-04 -2.099973160E-01
 6.172451048E-01 -3.500000000E-02 -9.161909439E-02 -1.377945397E-04 2.563933383E-01
 1.438397021E-01 -3.500000000E-02 3.403200645E-02 -1.312290603E-03 -1.941569006E-01
 3.826360257E-02 -3.500000000E-02 5.403007993E-02 -7.972374762E-04 -1.308259723E-01
 4.748975800E-01 -3.500000000E-02 -4.953445797E-02 -9.047503295E-05 1.762112444E-01
 -1.069858200E-01 -3.500000000E-02 7.111038131E-02 2.501515468E-03 -4.270386975E-01
 -8.138652145E-02 -3.500000000E-02 6.917150099E-02 1.857039208E-03 -3.212427504E-01
 1.465407228E-01 -3.500000000E-02 3.346687225E-02 -1.317965394E-03 -1.912769921E-01
 1.819793426E-01 -3.500000000E-02 2.572945877E-02 -1.205896449E-03 -1.294522966E-01
 3.212858625E-01 -3.500000000E-02 -7.882722543E-03 -2.743351104E-05 4.964173110E-02
 2.898776725E-01 -3.500000000E-02 7.848981697E-05 -1.753500992E-04 4.666196518E-02
 3.050923856E-01 -3.500000000E-02 -3.708497181E-03 -1.113626539E-04 5.066178576E-02
 1.399637753E-01 -3.500000000E-02 3.479607713E-02 -1.301227757E-03 -1.911736142E-01
 7.074655012E-02 -3.500000000E-02 4.838657076E-02 -9.282804562E-04 -1.357674038E-01
 8.949493493E-02 -3.500000000E-02 4.489304871E-02 -1.055373630E-03 -1.534524001E-01
 6.448745326E-01 -3.500000000E-02 -1.002197237E-01 -1.163115240E-04 2.666893638E-01
 5.085319799E-01 -3.500000000E-02 -5.923770180E-02 -5.896606695E-05 2.041342591E-01
 5.356131008E-01 -3.500000000E-02 -6.709787553E-02 -8.211936093E-05 2.197776465E-01
 3.611225234E-01 -3.500000000E-02 -1.827145284E-02 -3.001162370E-05 6.188640652E-02
 3.767654584E-01 -3.500000000E-02 -2.243993656E-02 -6.871765825E-05 7.282780859E-02
 3.702777045E-01 -3.500000000E-02 -2.068908947E-02 -7.602697426E-05 6.805865722E-02
 5.884802862E-01 -3.500000000E-02 -8.287118785E-02 -1.039209579E-04 2.437922727E-01
 5.768548089E-01 -3.500000000E-02 -7.935228192E-02 -9.741345294E-05 2.384545098E-01
 6.853971955E-01 -3.500000000E-02 -1.129771625E-01 -5.937647182E-05 2.746400264E-01
 4.343246515E-01 -3.500000000E-02 -3.816060266E-02 -1.077596070E-04 1.372295752E-01
 4.233324645E-01 -3.500000000E-02 -3.509126273E-02 -1.030071639E-04 1.252027069E-01
 1.338157416E-02 -3.500000000E-02 5.789932348E-02 -2.930588381E-04 -1.258067001E-01
 -1.673825586E-02 -3.500000000E-02 6.210202222E-02 2.602400779E-04 -1.674550107E-01
 3.229703667E-03 -3.500000000E-02 5.954882221E-02 -1.308527024E-04 -1.504498294E-01
 2.169610109E-01 -3.500000000E-02 1.777868221E-02 -9.297508042E-04 -2.673200548E-02
 2.288538071E-01 -3.500000000E-02 1.497528814E-02 -8.160893888E-04 8.142420544E-03
 6.875023214E-01 -3.500000000E-02 -1.136360787E-01 -5.931903285E-05 2.750794575E-01
 6.882637181E-01 -3.500000000E-02 -1.138772542E-01 -6.130491481E-05 2.753221328E-01
 3 2
 2 1
 1 5
 5 7
 7 6
 6 9
 9 10
 10 8
 8 11
 11 12
 12 13
 13 14
 14 15
 4 3
 16 4
 16 17
 17 18
 18 19
 19 21
 21 22
 22 20
 20 23
 23 24
 25 41
 41 42
 42 32
 32 31
 31 26
 26 33
 33 34
 34 28
 28 35
 35 37
 37 36
 36 29
 29 38
 38 39
 39 30
 30 43
 43 45
 45 44
 44 57
 57 56
 56 40
 40 54
 54 55
 55 53
 53 58
 58 59
 59 60
 60 62
 62 61
 61 63
 63 64
 46 47
 47 49
 49 48
 48 27
 27 50
 50 51
 51 52
 52 65
 65 68
 68 69
 69 66
 66 67
 46 25
 70 71
 72 70
 72 73
 73 74
 74 77
 77 78
 78 75
 75 76
 76 81
 81 80
 80 79
 79 82
 82 84
 84 83
 83 100
 100 99
 99 85
 85 86
 86 110
 110 111
 111 105
 105 98
 98 87
 87 102
 102 104
 104 103
 103 101
 101 88
 88 89
 89 92
 92 91
 91 109
 109 108
 108 90
 90 94
 94 97
 97 96
 96 95
 95 93
 93 106
 106 107
 107 112
 112 113
 114 118
 118 119
 119 120
 120 121
 116 117
 117 115
 115 122
 122 123
 123 124
 124 126
 126 125
 125 127
 127 128
 128 130
 130 131
 131 134
 134 133
 133 129
 129 135
 135 137
 137 136
 136 132
 132 138
 138 139
 139 142
 142 141
 141 140
 140 143
 143 144
 144 145
 145 146
 146 147
 147 148
 116 114
 149 150
 150 151
 151 152
 152 153
 153 154
 154 155
 155 161
 161 162
 162 156
 156 183
 183 184
 184 182
 182 159
 159 169
 169 170
 170 168
 168 158
 158 163
 163 164
 164 185
 185 186
 186 166
 166 167
 167 165
 165 174
 174 176
 176 175
 175 181
 181 180
 180 160
 160 172
 172 173
 173 178
 178 177
 177 157
 157 171
 171 179
 179 187
 187 188
ZONE T="Slice: Y=-0.73"
 STRANDID=0, SOLUTIONTIME=0
 Nodes=197, Elements=191, ZONETYPE=FELineSeg
 DATAPACKING=POINT
 DT=(DOUBLE DOUBLE DOUBLE DOUBLE DOUBLE )
 -2.340291893E-01 -7.300000000E-01 1.958678294E-02 1.395718554E-03 7.745838798E-01
 -2.337399510E-01 -7.300000000E-01 1.933593373E-02 1.402508246E-03 7.697361280E-01
 -2.304479137E-01 -7.300000000E-01 1.659970240E-02 1.602954122E-03 7.176574791E-01
 -2.367401080E-01 -7.300000000E-01 2.214981436E-02 1.209341336E-03 8.384277634E-01
 -2.344194375E-01 -7.300000000E-01 1.994815853E-02 1.363097853E-03 7.819350024E-01
 -2.364379433E-01 -7.300000000E-01 2.184525203E-02 1.236158965E-03 8.315712485E-01
 -2.248676046E-01 -7.300000000E-01 1.244149897E-02 1.947648711E-03 6.596349063E-01
 -2.208106804E-01 -7.300000000E-01 9.739925495E-03 2.046809813E-03 6.079563460E-01
 -2.286660358E-01 -7.300000000E-01 1.519589105E-02 1.737904711E-03 6.958299446E-01
 -2.259561426E-01 -7.300000000E-01 1.321092645E-02 1.891645421E-03 6.726371980E-01
 -2.187097172E-01 -7.300000000E-01 8.418140462E-03 2.101488504E-03 5.900482039E-01
 -2.127578120E-01 -7.300000000E-01 4.909987533E-03 2.267365302E-03 5.415015540E-01
 -2.080721377E-01 -7.300000000E-01 2.299425393E-03 2.348667762E-03 5.085622166E-01
 -2.016353339E-01 -7.300000000E-01 -9.912457520E-04 2.446256548E-03 4.835355623E-01
 -1.947922622E-01 -7.300000000E-01 -4.299725799E-03 2.511160247E-03 4.582165299E-01
 -1.883596095E-01 -7.300000000E-01 -7.195995566E-03 2.556110582E-03 4.299683326E-01
 -1.740167183E-01 -7.300000000E-01 -1.324337424E-02 2.582880566E-03 3.706823163E-01
 -1.665606826E-01 -7.300000000E-01 -1.605166667E-02 2.615730244E-03 3.592451725E-01
 -1.493617395E-01 -7.300000000E-01 -2.232824710E-02 2.742805955E-03 3.328530893E-01
 -4.428031621E-02 -7.300000000E-01 -5.126027305E-02 3.209736360E-03 1.874723933E-01
 3.230591977E-02 -7.300000000E-01 -6.656325908E-02 3.186588771E-03 1.654845018E-01
 6.241451345E-02 -7.300000000E-01 -7.180540794E-02 3.060461562E-03 1.589498942E-01
 -1.429896648E-01 -7.300000000E-01 -2.441279852E-02 2.783035174E-03 3.177254730E-01
 -2.408562378E-02 -7.300000000E-01 -5.559063360E-02 3.191255915E-03 1.874391906E-01
 1.616246426E-02 -7.300000000E-01 -6.359634424E-02 3.198869381E-03 1.698515872E-01
 -8.751482438E-02 -7.300000000E-01 -4.067298090E-02 3.182959266E-03 2.489631313E-01
 -9.702131582E-02 -7.300000000E-01 -3.819641349E-02 3.130107735E-03 2.578359387E-01
 -1.876563811E-01 -7.300000000E-01 7.008655887E-02 3.981624197E-03 -3.795471705E-01
 -1.950782174E-01 -7.300000000E-01 6.913854749E-02 4.454105603E-03 -3.991086167E-01
 -1.801105816E-01 -7.300000000E-01 7.078424415E-02 3.687498975E-03 -3.391423963E-01
 -1.755798379E-01 -7.300000000E-01 7.115121620E-02 3.582700133E-03 -3.106283080E-01
 -1.592857516E-01 -7.300000000E-01 7.193336478E-02 3.439189074E-03 -3.100324111E-01
 -1.517599096E-01 -7.300000000E-01 7.203040061E-02 3.405795648E-03 -2.910932134E-01
 -1.393541682E-01 -7.300000000E-01 7.213164428E-02 3.429131131E-03 -2.573772449E-01
 -1.132830900E-01 -7.300000000E-01 7.143033977E-02 3.792928779E-03 -2.314571444E-01
 4.525303069E-02 -7.300000000E-01 5.290639864E-02 3.246222827E-03 -1.075987724E-01
 -5.170756650E-02 -7.300000000E-01 6.657511103E-02 3.938372162E-03 -1.705275724E-01
 -5.321228764E-02 -7.300000000E-01 6.672971895E-02 3.942405907E-03 -1.721549974E-01
 -5.227759537E-02 -7.300000000E-01 6.664577001E-02 3.943349257E-03 -1.709606865E-01
 2.014319130E-01 -7.300000000E-01 2.135361006E-02 3.280978738E-03 -3.741930388E-02
 1.911584970E-01 -7.300000000E-01 2.367858607E-02 3.241517657E-03 -3.472364028E-02
 1.274670971E-01 -7.300000000E-01 3.741089299E-02 3.134555651E-03 -5.661576124E-02
 3.721691589E-02 -7.300000000E-01 5.418715917E-02 3.337639088E-03 -1.080263178E-01
 1.885068101E-03 -7.300000000E-01 5.973268571E-02 3.557657616E-03 -1.237203514E-01
 5.341627865E-02 -7.300000000E-01 5.144906272E-02 3.226890295E-03 -1.013983481E-01
 1.138816596E-01 -7.300000000E-01 4.014659037E-02 3.132614550E-03 -6.086316253E-02
 -1.102986368E-01 -7.300000000E-01 7.128538954E-02 3.787722862E-03 -2.278199327E-01
 2.599696859E-01 -7.300000000E-01 7.357841863E-03 3.509897668E-03 -3.982883105E-02
 2.809377894E-01 -7.300000000E-01 2.360736216E-03 3.583429336E-03 -4.158575526E-02
 4.980948581E-01 -7.300000000E-01 -1.183081786E-01 2.718528308E-03 6.103176981E-02
 5.116838950E-01 -7.300000000E-01 -1.191910983E-01 2.744398078E-03 5.841204626E-02
 4.886772514E-01 -7.300000000E-01 -1.176446886E-01 2.684979838E-03 5.986768356E-02
 4.591696980E-01 -7.300000000E-01 -1.155857277E-01 2.651946155E-03 4.065802862E-02
 3.898926115E-01 -7.300000000E-01 -1.101843376E-01 2.520524022E-03 6.888450239E-02
 3.052717788E-01 -7.300000000E-01 -1.025697058E-01 2.556366608E-03 8.319006212E-02
 1.762101712E-01 -7.300000000E-01 -8.825434265E-02 2.617311197E-03 1.174148731E-01
 1.817068628E-01 -7.300000000E-01 -8.892529121E-02 2.608596432E-03 1.164939479E-01
 2.184352379E-01 -7.300000000E-01 -9.335718304E-02 2.662086678E-03 9.842824663E-02
 9.987884630E-02 -7.300000000E-01 -7.772066615E-02 2.827459133E-03 1.387382342E-01
 1.712212761E-01 -7.300000000E-01 -8.759089010E-02 2.617287360E-03 1.204789804E-01
 1.067231547E-01 -7.300000000E-01 -7.871225791E-02 2.792484990E-03 1.392007785E-01
 1.366564382E-01 -7.300000000E-01 -8.302573038E-02 2.742009442E-03 1.263935689E-01
 5.260002021E-01 -7.300000000E-01 -1.200745262E-01 2.675723389E-03 7.578705809E-02
 4.335573672E-01 -7.300000000E-01 -1.136662266E-01 2.599785610E-03 7.400328700E-02
 4.181523586E-01 -7.300000000E-01 -1.124644534E-01 2.571742326E-03 7.655188687E-02
 3.606089386E-01 -7.300000000E-01 -1.076534236E-01 2.535338385E-03 7.705747160E-02
 3.421456651E-01 -7.300000000E-01 -1.060326996E-01 2.554054523E-03 7.856992794E-02
 3.483770587E-01 -7.300000000E-01 -1.066078285E-01 2.550573586E-03 7.494240232E-02
 2.655467195E-01 -7.300000000E-01 -9.854847011E-02 2.617970372E-03 9.389978322E-02
 2.629053815E-01 -7.300000000E-01 -9.827496822E-02 2.620093286E-03 9.410997155E-02
 2.639876980E-01 -7.300000000E-01 -9.839256989E-02 2.619857605E-03 9.366389088E-02
 9.300907456E-02 -7.300000000E-01 -7.663326472E-02 2.854817939E-03 1.441999095E-01
 6.241451345E-02 -7.300000000E-01 -7.180540794E-02 3.060461562E-03 1.589498942E-01
 6.103093830E-01 -7.300000000E-01 -1.249488022E-01 2.531970338E-03 1.164690050E-01
 6.556923178E-01 -7.300000000E-01 -1.271127237E-01 2.524959703E-03 1.591832462E-01
 6.596092270E-01 -7.300000000E-01 -1.273029806E-01 2.528508750E-03 1.617284569E-01
 6.606777767E-01 -7.300000000E-01 -1.273521144E-01 2.527821134E-03 1.625698703E-01
 5.804681942E-01 -7.300000000E-01 -1.233462308E-01 2.555510160E-03 1.028845770E-01
 5.559113312E-01 -7.300000000E-01 -1.219603043E-01 2.646426021E-03 8.176319964E-02
 -2.463895048E-01 -7.300000000E-01 3.940180015E-02 -3.257916799E-04 7.751703762E-01
 -2.464296041E-01 -7.300000000E-01 4.122166899E-02 1.482725805E-04 6.355742067E-01
 -2.460504982E-01 -7.300000000E-01 3.716614244E-02 -4.679179383E-04 9.028018193E-01
 -2.456822869E-01 -7.300000000E-01 3.569218771E-02 -4.470308065E-04 9.284962378E-01
 -2.459006017E-01 -7.300000000E-01 3.646877963E-02 -4.746737941E-04 9.103483357E-01
 -2.463987496E-01 -7.300000000E-01 3.959643451E-02 -2.775221778E-04 7.624684780E-01
 -2.464318632E-01 -7.300000000E-01 4.101595219E-02 9.709629161E-05 6.480739904E-01
 -2.464354841E-01 -7.300000000E-01 4.034127711E-02 -7.784439473E-05 7.049290085E-01
 -2.464165724E-01 -7.300000000E-01 4.141965508E-02 2.220151603E-04 6.156820445E-01
 -2.462930338E-01 -7.300000000E-01 4.273381802E-02 7.505083804E-04 5.022662790E-01
 -2.463763684E-01 -7.300000000E-01 4.208565457E-02 5.195906764E-04 5.536239302E-01
 -2.455646607E-01 -7.300000000E-01 3.531048699E-02 -4.188371426E-04 9.368633529E-01
 -2.450206447E-01 -7.300000000E-01 3.380517212E-02 -2.972672365E-04 9.746488682E-01
 -2.463682510E-01 -7.300000000E-01 3.920394124E-02 -3.490661681E-04 7.857976432E-01
 -2.462306526E-01 -7.300000000E-01 3.808418080E-02 -4.591441786E-04 8.650642168E-01
 -2.448680798E-01 -7.300000000E-01 3.343589787E-02 -2.445212171E-04 9.783318059E-01
 -2.441950220E-01 -7.300000000E-01 3.198403010E-02 -2.717871058E-05 9.907701042E-01
 -2.440125156E-01 -7.300000000E-01 3.162807338E-02 3.880322469E-05 9.883668386E-01
 -2.433218066E-01 -7.300000000E-01 3.038936408E-02 2.288228012E-04 9.800712174E-01
 -2.406461088E-01 -7.300000000E-01 2.650430629E-02 7.592927743E-04 9.147073017E-01
 -2.428744557E-01 -7.300000000E-01 2.965421896E-02 3.349367948E-04 9.727696946E-01
 -2.422889907E-01 -7.300000000E-01 2.875694654E-02 4.929034838E-04 9.659593545E-01
 -2.425886828E-01 -7.300000000E-01 2.920088091E-02 4.562111636E-04 9.616044676E-01
 -2.403991926E-01 -7.300000000E-01 2.619907793E-02 7.741091049E-04 9.103917298E-01
 -2.391815425E-01 -7.300000000E-01 2.474865564E-02 9.416095668E-04 8.799500277E-01
 -2.462019380E-01 -7.300000000E-01 4.341204442E-02 9.929808593E-04 4.398149274E-01
 -2.409926131E-01 -7.300000000E-01 2.696147214E-02 7.136910988E-04 9.282532725E-01
 -2.417649166E-01 -7.300000000E-01 2.799848139E-02 5.915115643E-04 9.502246610E-01
 -2.460555899E-01 -7.300000000E-01 4.408055057E-02 1.412490578E-03 3.677902514E-01
 -2.387964371E-01 -7.300000000E-01 2.431371502E-02 9.830718970E-04 8.710935354E-01
 -2.367401080E-01 -7.300000000E-01 2.214981436E-02 1.209341336E-03 8.384277634E-01
 -2.457462724E-01 -7.300000000E-01 4.524968770E-02 1.953869062E-03 2.538876942E-01
 -2.459121599E-01 -7.300000000E-01 4.471839311E-02 1.737917751E-03 2.960363317E-01
 7.368745619E-01 -7.300000000E-01 -1.301835741E-01 4.687829842E-03 2.434353979E-01
 7.373077439E-01 -7.300000000E-01 -1.301967250E-01 4.417217359E-03 1.584573477E-01
 7.386058150E-01 -7.300000000E-01 -1.302361330E-01 3.838069410E-03 -9.813140510E-02
 7.374748534E-01 -7.300000000E-01 -1.298630170E-01 2.759266077E-03 3.764584825E-02
 7.357967478E-01 -7.300000000E-01 -1.301503620E-01 4.019003616E-03 2.350494936E-01
 7.336439886E-01 -7.300000000E-01 -1.300840263E-01 2.863427706E-03 2.181700967E-01
 7.308738938E-01 -7.300000000E-01 -1.299967943E-01 2.668923235E-03 2.209975757E-01
 7.247923297E-01 -7.300000000E-01 -1.298003433E-01 2.558021249E-03 2.231140217E-01
 7.291870926E-01 -7.300000000E-01 -1.299435417E-01 2.638124859E-03 2.264844716E-01
 7.180321531E-01 -7.300000000E-01 -1.295744787E-01 2.513183635E-03 2.091536757E-01
 7.046018345E-01 -7.300000000E-01 -1.291042509E-01 2.563086508E-03 1.897249149E-01
 7.001660344E-01 -7.300000000E-01 -1.289406591E-01 2.598145269E-03 1.839304963E-01
 6.680699933E-01 -7.300000000E-01 -1.276477984E-01 2.534333548E-03 1.669335321E-01
 6.606777767E-01 -7.300000000E-01 -1.273521144E-01 2.527821134E-03 1.625698703E-01
 7.364478616E-01 -7.300000000E-01 -1.295242026E-01 1.586307653E-03 1.628041240E-01
 7.348456457E-01 -7.300000000E-01 -1.289963813E-01 1.199906930E-03 1.577988288E-01
 7.340578115E-01 -7.300000000E-01 -1.287368516E-01 1.012622061E-03 1.591673209E-01
 7.312574628E-01 -7.300000000E-01 -1.278162809E-01 9.388503497E-04 1.646483218E-01
 7.296528216E-01 -7.300000000E-01 -1.272889625E-01 9.073504745E-04 1.624141381E-01
 7.255711748E-01 -7.300000000E-01 -1.259522041E-01 1.050631230E-03 1.268278022E-01
 7.207302498E-01 -7.300000000E-01 -1.243691093E-01 1.144292674E-03 1.037405586E-01
 7.067312178E-01 -7.300000000E-01 -1.198215369E-01 1.539231602E-03 3.148099967E-02
 7.028083910E-01 -7.300000000E-01 -1.185527267E-01 1.634207665E-03 1.789097357E-02
 6.811391217E-01 -7.300000000E-01 -1.116372097E-01 2.087119205E-03 -4.191473737E-02
 6.655445889E-01 -7.300000000E-01 -1.066568059E-01 2.389574249E-03 -7.771822220E-02
 6.534498994E-01 -7.300000000E-01 -1.029051194E-01 2.538746088E-03 -9.829448871E-02
 5.217809469E-01 -7.300000000E-01 -6.305856481E-02 3.469032048E-03 -2.308370642E-01
 6.025960330E-01 -7.300000000E-01 -8.713470596E-02 3.141629547E-03 -1.820237186E-01
 4.996787486E-01 -7.300000000E-01 -5.665534255E-02 3.574290126E-03 -2.253830396E-01
 4.712788697E-01 -7.300000000E-01 -4.850622332E-02 3.623561020E-03 -2.083593746E-01
 6.239021462E-01 -7.300000000E-01 -9.370756246E-02 2.945325790E-03 -1.537505758E-01
 5.354539698E-01 -7.300000000E-01 -6.710089177E-02 3.454704400E-03 -2.302982771E-01
 5.877091796E-01 -7.300000000E-01 -8.264246356E-02 3.282219423E-03 -2.099670432E-01
 4.465703593E-01 -7.300000000E-01 -4.155334703E-02 3.553645372E-03 -1.766406064E-01
 4.316621461E-01 -7.300000000E-01 -3.740726278E-02 3.471854680E-03 -1.602708109E-01
 3.760193128E-01 -7.300000000E-01 -2.226498472E-02 3.670646952E-03 -1.136726366E-01
 3.580510634E-01 -7.300000000E-01 -1.745504195E-02 3.699802687E-03 -1.008503619E-01
 2.835647266E-01 -7.300000000E-01 1.701291990E-03 3.586130138E-03 -4.186081389E-02
 2.809377894E-01 -7.300000000E-01 2.360736216E-03 3.583429336E-03 -4.158575526E-02
 -2.402638993E-01 -7.300000000E-01 5.360380964E-02 5.771599996E-03 -4.746479304E-01
 -2.440801919E-01 -7.300000000E-01 4.899606208E-02 4.228673477E-03 -1.494680144E-01
 -2.429568580E-01 -7.300000000E-01 5.065119321E-02 4.853797800E-03 -2.796099507E-01
 -2.387429653E-01 -7.300000000E-01 5.491230487E-02 5.681472000E-03 -5.204940765E-01
 -2.370980765E-01 -7.300000000E-01 5.614722205E-02 5.572465352E-03 -5.569367654E-01
 -2.416755025E-01 -7.300000000E-01 5.218689754E-02 5.523814488E-03 -4.024510624E-01
 -2.441785529E-01 -7.300000000E-01 4.882220635E-02 4.075812374E-03 -1.330667692E-01
 -2.448025858E-01 -7.300000000E-01 4.766030180E-02 3.323511597E-03 7.690903881E-04
 -2.445691316E-01 -7.300000000E-01 4.813228986E-02 3.562820729E-03 -5.034566800E-02
 -2.428325069E-01 -7.300000000E-01 5.080753335E-02 4.899059297E-03 -2.922633640E-01
 -2.418070786E-01 -7.300000000E-01 5.203651301E-02 5.393535773E-03 -3.944081928E-01
 -2.422923708E-01 -7.300000000E-01 5.148349616E-02 5.308282686E-03 -3.371237947E-01
 -2.457462724E-01 -7.300000000E-01 4.524968770E-02 1.953869062E-03 2.538876942E-01
 -2.415374242E-01 -7.300000000E-01 5.233133030E-02 5.492915831E-03 -4.132147488E-01
 -2.404079805E-01 -7.300000000E-01 5.346502993E-02 5.655566482E-03 -4.713708398E-01
 -2.409843245E-01 -7.300000000E-01 5.290988862E-02 5.738017732E-03 -4.352110746E-01
 -2.401146075E-01 -7.300000000E-01 5.373696144E-02 5.685656611E-03 -4.827214487E-01
 -2.388972204E-01 -7.300000000E-01 5.478427285E-02 5.610011377E-03 -5.195082848E-01
 -2.394664059E-01 -7.300000000E-01 5.431301402E-02 5.883061364E-03 -4.889936041E-01
 -2.385830167E-01 -7.300000000E-01 5.503638856E-02 5.578184594E-03 -5.302481600E-01
 -2.372648869E-01 -7.300000000E-01 5.602582526E-02 5.511545801E-03 -5.604758295E-01
 -2.379409861E-01 -7.300000000E-01 5.553425723E-02 5.659494309E-03 -5.470574445E-01
 -2.430733289E-01 -7.300000000E-01 5.048888654E-02 4.786961063E-03 -2.670006500E-01
 -2.439724087E-01 -7.300000000E-01 4.916416353E-02 4.303457423E-03 -1.650481790E-01
 -2.451743148E-01 -7.300000000E-01 4.684377821E-02 2.942408482E-03 7.411079678E-02
 -2.454324102E-01 -7.300000000E-01 4.621148147E-02 2.489007998E-03 1.514625541E-01
 -2.332063397E-01 -7.300000000E-01 5.855743881E-02 6.522978422E-03 -5.968750904E-01
 -2.350197681E-01 -7.300000000E-01 5.750809574E-02 5.749911561E-03 -6.100780819E-01
 -2.341768677E-01 -7.300000000E-01 5.801371344E-02 6.192284052E-03 -5.882592405E-01
 -2.367826713E-01 -7.300000000E-01 5.635988383E-02 5.570661817E-03 -5.613732190E-01
 -2.353706149E-01 -7.300000000E-01 5.729276210E-02 5.661654197E-03 -6.011617984E-01
 -2.252388422E-01 -7.300000000E-01 6.216695374E-02 8.116984382E-03 -5.659495515E-01
 -2.220801746E-01 -7.300000000E-01 6.327602846E-02 7.966777966E-03 -5.257856032E-01
 -2.325440189E-01 -7.300000000E-01 5.891033645E-02 6.733458262E-03 -5.900980785E-01
 -2.299405868E-01 -7.300000000E-01 6.020348051E-02 7.571710460E-03 -5.985435175E-01
 -2.293853085E-01 -7.300000000E-01 6.045439356E-02 7.672450300E-03 -5.949895593E-01
 -2.265829941E-01 -7.300000000E-01 6.164360599E-02 7.996231395E-03 -5.642110945E-01
 -2.096488822E-01 -7.300000000E-01 6.664039852E-02 6.015341962E-03 -4.729866938E-01
 -2.107639839E-01 -7.300000000E-01 6.638309678E-02 6.196722656E-03 -4.797005749E-01
 -2.157297846E-01 -7.300000000E-01 6.517530849E-02 7.076339928E-03 -5.120433107E-01
 -2.205759938E-01 -7.300000000E-01 6.377167543E-02 7.852182155E-03 -5.192562844E-01
 -2.164337246E-01 -7.300000000E-01 6.498481188E-02 7.189494063E-03 -5.149574870E-01
 -2.083292980E-01 -7.300000000E-01 6.690738918E-02 5.773616060E-03 -4.676092177E-01
 -2.010828066E-01 -7.300000000E-01 6.825366748E-02 4.980682280E-03 -4.251757773E-01
 -1.993542379E-01 -7.300000000E-01 6.855342760E-02 4.818322378E-03 -4.182412353E-01
 -1.950782174E-01 -7.300000000E-01 6.913854749E-02 4.454105603E-03 -3.991086167E-01
 2 1
 1 5
 5 6
 6 4
 2 3
 3 9
 9 10
 10 7
 7 8
 8 11
 11 12
 12 13
 13 14
 14 15
 15 16
 16 17
 17 18
 18 19
 19 23
 23 27
 27 26
 26 20
 20 24
 24 25
 25 21
 21 22
 29 28
 28 30
 30 31
 31 32
 32 33
 33 34
 34 35
 35 47
 47 38
 38 39
 39 37
 37 44
 44 43
 43 36
 36 45
 45 46
 46 42
 42 41
 41 40
 40 48
 48 49
 50 52
 52 53
 53 64
 64 65
 65 54
 54 66
 66 68
 68 67
 67 55
 55 69
 69 71
 71 70
 70 58
 58 57
 57 56
 56 60
 60 62
 62 61
 61 59
 59 72
 72 73
 75 76
 76 77
 63 51
 51 50
 74 75
 78 79
 79 63
 78 74
 80 85
 85 87
 87 86
 86 81
 81 88
 88 90
 90 89
 89 105
 105 108
 108 112
 112 111
 96 97
 97 98
 98 100
 100 102
 102 101
 101 107
 107 106
 106 99
 99 103
 103 104
 104 109
 109 110
 95 96
 92 95
 83 91
 91 92
 83 84
 84 82
 82 94
 94 93
 93 80
 114 115
 115 116
 116 127
 127 128
 128 129
 129 130
 130 131
 131 132
 132 133
 133 134
 134 135
 135 136
 136 137
 137 138
 138 143
 143 140
 140 145
 145 144
 144 139
 139 141
 141 142
 142 146
 146 147
 147 148
 148 149
 149 150
 150 151
 120 121
 121 119
 119 118
 118 117
 117 113
 113 114
 124 125
 125 126
 120 122
 122 123
 123 124
 154 161
 161 163
 163 162
 162 157
 157 165
 165 167
 167 166
 166 152
 152 168
 168 170
 170 169
 169 155
 155 171
 171 173
 173 172
 172 156
 156 181
 181 182
 182 179
 179 180
 180 178
 178 185
 185 186
 186 187
 187 188
 188 183
 183 184
 184 192
 192 193
 193 191
 191 190
 190 189
 189 194
 194 195
 195 196
 196 197
 174 154
 159 176
 176 177
 177 164
 158 160
 160 159
 153 175
 175 174
 158 153
