TITLE     = "Surface mesh and solution"
VARIABLES = "x"
"y"
"z"
"cfx"
"Cp"
ZONE T="Slice: Y=-0.001"
STRANDID=0, SOLUTIONTIME=0
Nodes=166, Elements=165, ZONETYPE=FELineSeg
DATAPACKING=POINT
DT=(DOUBLE DOUBLE DOUBLE DOUBLE DOUBLE )
0.1212774300	-0.0009999500	0.0486701580	0.0011595529	-0.0956549870
0.1331983200	-0.0009999500	0.0472918970	0.0012875294	-0.0853616890
0.1599438200	-0.0009999500	0.0440091040	0.0011681892	-0.0514954180
0.1687038400	-0.0009999500	0.0428746750	0.0011778818	-0.0442612730
0.1959068500	-0.0009999500	0.0392467860	0.0011641530	-0.0267674310
0.2062699500	-0.0009999500	0.0377884360	0.0011660331	-0.0171655100
0.2370409400	-0.0009999500	0.0333373290	0.0009339966	0.0096950829
0.2505691100	-0.0009999500	0.0313243230	0.0007357965	0.0221574160
0.3002794700	-0.0009999500	0.0234784430	0.0008929333	0.0647422890
0.3109394000	-0.0009999500	0.0217819380	0.0007961832	0.0738494840
0.3194873600	-0.0009999500	0.0203496780	0.0007957522	0.0811067820
0.3792118700	-0.0009999500	0.0101327370	0.0006982810	0.1284705300
0.3908872600	-0.0009999500	0.0080579650	0.0006814508	0.1365310800
0.4479320000	-0.0009999500	-0.0023939412	0.0007611132	0.1806960000
0.4565224900	-0.0009999500	-0.0039934246	0.0007551769	0.1869100000
0.4628886900	-0.0009999500	-0.0052233469	0.0007677332	0.1915302000
0.5312246700	-0.0009999500	-0.0185268340	0.0005424816	0.2371218500
0.5388184800	-0.0009999500	-0.0200548560	0.0005338205	0.2432011700
0.5974872700	-0.0009999500	-0.0321112200	0.0004037705	0.2897434800
0.6043396600	-0.0009999500	-0.0335479680	0.0004060048	0.2951332300
0.6508478500	-0.0009999500	-0.0435504430	0.0006080663	0.3326400200
0.6555987600	-0.0009999500	-0.0445800650	0.0006013800	0.3365735700
0.6852833000	-0.0009999500	-0.0511735900	0.0011006951	0.3670726700
0.6874931500	-0.0009999500	-0.0516646170	0.0010846554	0.3692226700
0.6887612900	-0.0009999500	-0.0519526120	0.0010787327	0.3706039500
0.7157879500	-0.0009999500	-0.0580895250	0.0004767649	0.3997472500
0.7301889100	-0.0009999500	-0.0614112500	0.0005711786	0.4236146500
0.7308743600	-0.0009999500	-0.0615702980	0.0005547061	0.4248348200
0.7427339000	-0.0009999500	-0.0643328200	0.0002675890	0.4503317500
0.7429540800	-0.0009999500	-0.0643845200	0.0002542955	0.4509218000
0.7429794700	-0.0009999500	-0.0643904810	0.0002536634	0.4510004800
0.7457946500	-0.0009999500	-0.0650498270	0.0000908366	0.4611398000
0.7458100900	-0.0009999500	-0.0650534560	0.0000906606	0.4611930800
0.7465182500	-0.0009999500	-0.0652195290	0.0000718347	0.4641943300
0.7469399000	-0.0009999500	-0.0653184430	0.0001217839	0.4638698100
0.7469445500	-0.0009999500	-0.0653195380	0.0001213310	0.4638887600
0.7469465700	-0.0009999500	-0.0653200220	0.0001235160	0.4638665600
0.7470739500	-0.0009999500	-0.0653498920	0.0001809580	0.4626382900
0.7470756200	-0.0009999500	-0.0653502940	0.0001825225	0.4626344100
0.7471460100	-0.0009999500	-0.0653668050	0.0000834603	0.4609369900
0.7470157100	-0.0009999500	-0.0653741810	0.0001209503	0.4605008100
0.7470136900	-0.0009999500	-0.0653743000	0.0001207911	0.4605096000
0.7470109500	-0.0009999500	-0.0653744560	0.0001209191	0.4604979500
0.7465853100	-0.0009999500	-0.0653985370	0.0001434659	0.4598893800
0.7465796500	-0.0009999500	-0.0653988500	0.0001423892	0.4598381500
0.7457027400	-0.0009999500	-0.0654483810	0.0001980648	0.4550200400
0.7456795000	-0.0009999500	-0.0654497070	0.0002013546	0.4548843200
0.7432806500	-0.0009999500	-0.0655844960	0.0002201978	0.4473080000
0.7396004200	-0.0009999500	-0.0657893420	0.0002879133	0.4387558400
0.7394638100	-0.0009999500	-0.0657969860	0.0002927098	0.4384388900
0.7306574000	-0.0009999500	-0.0662777950	0.0004370016	0.4165539700
0.7302587000	-0.0009999500	-0.0662992220	0.0004465248	0.4159246100
0.7032868900	-0.0009999500	-0.0676898360	0.0004805201	0.3814620700
0.7020453200	-0.0009999500	-0.0677511990	0.0005045270	0.3802475000
0.6517561100	-0.0009999500	-0.0700185970	0.0008268040	0.3475858600
0.6501295000	-0.0009999500	-0.0700907110	0.0008217412	0.3464218700
0.6492028800	-0.0009999500	-0.0701283070	0.0008201678	0.3457916700
0.6152830100	-0.0009999500	-0.0714272710	0.0007385164	0.3165516900
0.6144282200	-0.0009999500	-0.0714583990	0.0007347591	0.3159837700
0.6125237900	-0.0009999500	-0.0715206940	0.0007695282	0.3147982100
0.5799561700	-0.0009999500	-0.0725986730	0.0009783730	0.2974174000
0.5484689500	-0.0009999500	-0.0734843310	0.0009440426	0.2846728900
0.5456334900	-0.0009999500	-0.0735611620	0.0009524298	0.2834977500
0.5131025900	-0.0009999500	-0.0743166580	0.0011068493	0.2662745100
0.5109735700	-0.0009999500	-0.0743624790	0.0011024140	0.2653848800
0.5047354700	-0.0009999500	-0.0744696710	0.0011533514	0.2633231600
0.4539668900	-0.0009999500	-0.0753068400	0.0011386650	0.2453665100
0.4496444800	-0.0009999500	-0.0753597620	0.0011654928	0.2436003100
0.4363968400	-0.0009999500	-0.0754767810	0.0013882683	0.2396858200
0.3868672800	-0.0009999500	-0.0758082200	0.0015408873	0.2260420900
0.3745788000	-0.0009999500	-0.0758438560	0.0013626352	0.2227499200
0.3617892000	-0.0009999500	-0.0758148510	0.0015671218	0.2188520300
0.3300676600	-0.0009999500	-0.0757201610	0.0014630482	0.2094441100
0.3130088400	-0.0009999500	-0.0755642650	0.0016140447	0.2056704600
0.2854063500	-0.0009999500	-0.0752274020	0.0017077447	0.2002102300
0.2694015800	-0.0009999500	-0.0749752150	0.0015395031	0.1972661800
0.2459727100	-0.0009999500	-0.0744858240	0.0014455246	0.1929047700
0.2335087500	-0.0009999500	-0.0741710660	0.0014586634	0.1916193800
0.2134869200	-0.0009999500	-0.0736114160	0.0011394123	0.1904024900
0.1959400900	-0.0009999500	-0.0729985460	0.0017598121	0.1880570800
0.1866040800	-0.0009999500	-0.0726868360	0.0017440280	0.1869499100
0.1844483900	-0.0009999500	-0.0726076890	0.0017205129	0.1867645700
0.1650393000	-0.0009999500	-0.0717644620	0.0019275987	0.1860637700
0.1519255900	-0.0009999500	-0.0712109280	0.0016590774	0.1850554600
0.1376537700	-0.0009999500	-0.0704871940	0.0019054324	0.1859093800
0.1271250400	-0.0009999500	-0.0699356650	0.0016484487	0.1865004000
0.1220435900	-0.0009999500	-0.0696369710	0.0017582550	0.1866675900
0.1050088700	-0.0009999500	-0.0686352100	0.0017483889	0.1885364700
0.0921050380	-0.0009999500	-0.0677836910	0.0022335810	0.1895422500
0.0833690540	-0.0009999500	-0.0671918090	0.0021737646	0.1898188700
0.0665944960	-0.0009999500	-0.0659348670	0.0018391398	0.1911116700
0.0557060650	-0.0009999500	-0.0650814180	0.0018070356	0.1936083300
0.0357079210	-0.0009999500	-0.0633428690	0.0020237540	0.2006548000
0.0352345220	-0.0009999500	-0.0633005350	0.0020303312	0.2008151600
0.0017488103	-0.0009999500	-0.0599382780	0.0014899894	0.2069968700
-0.0004766200	-0.0009999500	-0.0597051610	0.0014813664	0.2074851100
-0.0034162723	-0.0009999500	-0.0593618710	0.0013365050	0.2090768500
-0.0249237190	-0.0009999500	-0.0568212380	0.0008156598	0.2200499800
-0.0455255400	-0.0009999500	-0.0541101360	0.0008420958	0.2310473900
-0.0504311510	-0.0009999500	-0.0534227530	0.0008366852	0.2341851400
-0.0778412740	-0.0009999500	-0.0492230060	0.0007864771	0.2512334000
-0.0779698940	-0.0009999500	-0.0492028450	0.0007860910	0.2513164600
-0.0780928950	-0.0009999500	-0.0491811670	0.0007843009	0.2514261900
-0.1025570900	-0.0009999500	-0.0448587500	0.0007560355	0.2730030700
-0.1070536100	-0.0009999500	-0.0439623560	0.0007838485	0.2794987900
-0.1266038300	-0.0009999500	-0.0399694850	0.0007073689	0.3049138800
-0.1485492600	-0.0009999500	-0.0347817500	0.0006275726	0.3391427100
-0.1528731300	-0.0009999500	-0.0337407220	0.0006239056	0.3464167100
-0.1557636400	-0.0009999500	-0.0329108050	0.0006244494	0.3538533700
-0.1781249300	-0.0009999500	-0.0265459730	0.0006258322	0.4096868900
-0.1902160500	-0.0009999500	-0.0223597420	0.0005992498	0.4550039800
-0.2003226600	-0.0009999500	-0.0187601060	0.0005337430	0.4953300400
-0.2157395800	-0.0009999500	-0.0120713290	0.0004132506	0.5958786000
-0.2168190600	-0.0009999500	-0.0115823640	0.0003987690	0.6034555400
-0.2171566000	-0.0009999500	-0.0113842700	0.0003898439	0.6069820500
-0.2185159800	-0.0009999500	-0.0106599950	0.0003719268	0.6229121700
-0.2252729200	-0.0009999500	-0.0070238682	0.0003391332	0.7018605500
-0.2278599400	-0.0009999500	-0.0055797063	0.0002719370	0.7333946800
-0.2326257200	-0.0009999500	-0.0022241250	0.0002323702	0.7958233400
-0.2391321400	-0.0009999500	0.0026106162	0.0001254595	0.8729198600
-0.2411354900	-0.0009999500	0.0045574480	0.0000717790	0.9126142900
-0.2431008200	-0.0009999500	0.0066955928	0.0000417510	0.9381985100
-0.2445085300	-0.0009999500	0.0083736591	0.0000286308	0.9508881600
-0.2452587500	-0.0009999500	0.0094347727	0.0000135111	0.9608896400
-0.2462888500	-0.0009999500	0.0109915100	-0.0000194925	0.9713157400
-0.2468163700	-0.0009999500	0.0119417840	-0.0000283325	0.9678719600
-0.2474506900	-0.0009999500	0.0131957610	-0.0000404496	0.9543795000
-0.2478534000	-0.0009999500	0.0141547310	-0.0000467244	0.9297478800
-0.2484131800	-0.0009999500	0.0159941450	-0.0000419725	0.8717507700
-0.2487658900	-0.0009999500	0.0170993260	-0.0000477129	0.8453932400
-0.2488371300	-0.0009999500	0.0184964610	-0.0000286434	0.7746830600
-0.2490486800	-0.0009999500	0.0217889360	0.0000003093	0.6274729400
-0.2480313300	-0.0009999500	0.0252373030	0.0001179161	0.3961963400
-0.2475220900	-0.0009999500	0.0272630080	0.0001978670	0.2244948400
-0.2463318400	-0.0009999500	0.0293601580	0.0003149914	0.0697619100
-0.2448578200	-0.0009999500	0.0314235910	0.0004766132	-0.0738418700
-0.2421054500	-0.0009999500	0.0342992170	0.0006618374	-0.2006150500
-0.2395422200	-0.0009999500	0.0364269130	0.0007660010	-0.2812712500
-0.2353110600	-0.0009999500	0.0392949880	0.0009132851	-0.3608495600
-0.2310688000	-0.0009999500	0.0416211560	0.0010764914	-0.4056661400
-0.2255682600	-0.0009999500	0.0441459980	0.0011861451	-0.4202961000
-0.2188218100	-0.0009999500	0.0466841200	0.0012963130	-0.4233470600
-0.2140715400	-0.0009999500	0.0482856300	0.0016338715	-0.4203027800
-0.2107156500	-0.0009999500	0.0491932070	0.0019273004	-0.4138961700
-0.1992643000	-0.0009999500	0.0521392860	0.0019428328	-0.4077495300
-0.1961808800	-0.0009999500	0.0528346260	0.0017839762	-0.4056020700
-0.1875736600	-0.0009999500	0.0544536040	0.0015606544	-0.4036663800
-0.1833040100	-0.0009999500	0.0552268850	0.0013178807	-0.3994631200
-0.1669007700	-0.0009999500	0.0575052690	0.0011905810	-0.3694214200
-0.1626977500	-0.0009999500	0.0580651540	0.0011934620	-0.3623518600
-0.1571026600	-0.0009999500	0.0585821530	0.0012179297	-0.3570273800
-0.1366285100	-0.0009999500	0.0603510030	0.0010608697	-0.3308352200
-0.1276905500	-0.0009999500	0.0608250160	0.0009309495	-0.3195793900
-0.1100185100	-0.0009999500	0.0616225120	0.0009521098	-0.3036255500
-0.1019791200	-0.0009999500	0.0617917070	0.0010028359	-0.2953130600
-0.0850179720	-0.0009999500	0.0620528570	0.0011124752	-0.2789326300
-0.0776475070	-0.0009999500	0.0620134770	0.0011590783	-0.2711433500
-0.0576277970	-0.0009999500	0.0618303050	0.0011543162	-0.2491926100
-0.0479968820	-0.0009999500	0.0615370460	0.0011109801	-0.2384464400
-0.0205112040	-0.0009999500	0.0605748890	0.0010311860	-0.2117240900
-0.0011305322	-0.0009999500	0.0594451500	0.0010399257	-0.1957978500
0.0361922640	-0.0009999500	0.0569654440	0.0010752309	-0.1676458100
0.0605174790	-0.0009999500	0.0548862930	0.0009665341	-0.1456088400
0.0746661050	-0.0009999500	0.0536119570	0.0011783606	-0.1323203900
0.0960966650	-0.0009999500	0.0513121340	0.0010710588	-0.1155569900
0.1212774300	-0.0009999500	0.0486701580	0.0011595529	-0.0956549870
1 2 
2 3 
3 4 
4 5 
5 6 
6 7 
7 8 
8 9 
9 10 
10 11 
11 12 
12 13 
13 14 
14 15 
15 16 
16 17 
17 18 
18 19 
19 20 
20 21 
21 22 
22 23 
23 24 
24 25 
25 26 
26 27 
27 28 
28 29 
29 30 
30 31 
31 32 
32 33 
33 34 
34 35 
35 36 
36 37 
37 38 
38 39 
39 40 
40 41 
41 42 
42 43 
43 44 
44 45 
45 46 
46 47 
47 48 
48 49 
49 50 
50 51 
51 52 
52 53 
53 54 
54 55 
55 56 
56 57 
57 58 
58 59 
59 60 
60 61 
61 62 
62 63 
63 64 
64 65 
65 66 
66 67 
67 68 
68 69 
69 70 
70 71 
71 72 
72 73 
73 74 
74 75 
75 76 
76 77 
77 78 
78 79 
79 80 
80 81 
81 82 
82 83 
83 84 
84 85 
85 86 
86 87 
87 88 
88 89 
89 90 
90 91 
91 92 
92 93 
93 94 
94 95 
95 96 
96 97 
97 98 
98 99 
99 100 
100 101 
101 102 
102 103 
103 104 
104 105 
105 106 
106 107 
107 108 
108 109 
109 110 
110 111 
111 112 
112 113 
113 114 
114 115 
115 116 
116 117 
117 118 
118 119 
119 120 
120 121 
121 122 
122 123 
123 124 
124 125 
125 126 
126 127 
127 128 
128 129 
129 130 
130 131 
131 132 
132 133 
133 134 
134 135 
135 136 
136 137 
137 138 
138 139 
139 140 
140 141 
141 142 
142 143 
143 144 
144 145 
145 146 
146 147 
147 148 
148 149 
149 150 
150 151 
151 152 
152 153 
153 154 
154 155 
155 156 
156 157 
157 158 
158 159 
159 160 
160 161 
161 162 
162 163 
163 164 
164 165 
165 166 
ZONE T="Slice: Y=-0.035"
STRANDID=0, SOLUTIONTIME=0
Nodes=267, Elements=266, ZONETYPE=FELineSeg
DATAPACKING=POINT
DT=(DOUBLE DOUBLE DOUBLE DOUBLE DOUBLE )
0.0660941530	-0.0349999520	0.0544200500	0.0029946797	-0.1469384000
0.0798633550	-0.0349999520	0.0530965070	0.0030312805	-0.1362583900
0.0896909160	-0.0349999520	0.0521174330	0.0030985778	-0.1274528700
0.0942085090	-0.0349999520	0.0516492800	0.0031297792	-0.1224655000
0.1096204400	-0.0349999520	0.0499893580	0.0029966168	-0.1080323200
0.1141636800	-0.0349999520	0.0494932460	0.0029447770	-0.1027192900
0.1180916600	-0.0349999520	0.0490476640	0.0029132013	-0.0995575640
0.1294386100	-0.0349999520	0.0477327370	0.0030070337	-0.0898267630
0.1363373400	-0.0349999520	0.0469240580	0.0030188182	-0.0837194320
0.1487066400	-0.0349999520	0.0454231460	0.0027819397	-0.0737869440
0.1675665400	-0.0349999520	0.0430074070	0.0027030061	-0.0567430780
0.1814638100	-0.0349999520	0.0412015470	0.0026783925	-0.0441126970
0.1936304600	-0.0349999520	0.0395593010	0.0027693310	-0.0325211660
0.2051598700	-0.0349999520	0.0379450510	0.0025764425	-0.0215670750
0.2209055400	-0.0349999520	0.0357200090	0.0024002454	-0.0075923633
0.2358449300	-0.0349999520	0.0335355920	0.0023599737	0.0058645317
0.2511759100	-0.0349999520	0.0312330110	0.0022050557	0.0184338500
0.2678314400	-0.0349999520	0.0286929330	0.0021493159	0.0334285720
0.3002114900	-0.0349999520	0.0235334710	0.0021142658	0.0591628780
0.3055505800	-0.0349999520	0.0226842370	0.0021050292	0.0631897230
0.3065894800	-0.0349999520	0.0225157460	0.0021012483	0.0640887250
0.3095023600	-0.0349999520	0.0220308300	0.0020990652	0.0666444450
0.3390665900	-0.0349999520	0.0171089020	0.0019434790	0.0943875980
0.3647383700	-0.0349999520	0.0126890190	0.0018602684	0.1161609300
0.3730412700	-0.0349999520	0.0112356020	0.0017940987	0.1227471700
0.4131796700	-0.0349999520	0.0040649367	0.0017275461	0.1579019300
0.4191756800	-0.0349999520	0.0029524795	0.0017129709	0.1623032400
0.4772037300	-0.0349999520	-0.0079198973	0.0015607708	0.1991641800
0.4929167900	-0.0349999520	-0.0109843920	0.0015924887	0.2103609000
0.5249890700	-0.0349999520	-0.0172636620	0.0015064531	0.2339228500
0.5548700100	-0.0349999520	-0.0233134520	0.0013606287	0.2588087000
0.5861806900	-0.0349999520	-0.0297445340	0.0013126077	0.2805558400
0.6219793000	-0.0349999520	-0.0373038610	0.0012548334	0.3073001200
0.6480515000	-0.0349999520	-0.0429099910	0.0012972736	0.3316786900
0.6856457000	-0.0349999520	-0.0512255090	0.0012722535	0.3651101000
0.6868174700	-0.0349999520	-0.0514858810	0.0012637483	0.3662501600
0.6887033600	-0.0349999520	-0.0519141630	0.0012549406	0.3683042800
0.7148785000	-0.0349999520	-0.0578617940	0.0010189834	0.3989896200
0.7183390900	-0.0349999520	-0.0586539620	0.0010240316	0.4022730000
0.7354344100	-0.0349999520	-0.0626186360	0.0006996459	0.4319320900
0.7357433400	-0.0349999520	-0.0626904290	0.0006984274	0.4324044600
0.7358489000	-0.0349999520	-0.0627151500	0.0006957136	0.4326476500
0.7428679500	-0.0349999520	-0.0643634950	0.0002718726	0.4514606300
0.7437580800	-0.0349999520	-0.0645721850	0.0002497459	0.4542143000
0.7456706800	-0.0349999520	-0.0650201290	0.0001391238	0.4611028100
0.7462108700	-0.0349999520	-0.0651471610	0.0001329619	0.4629680200
0.7465738100	-0.0349999520	-0.0652322690	0.0001233141	0.4645060900
0.7467898700	-0.0349999520	-0.0652829630	0.0001489119	0.4643397900
0.7469520000	-0.0349999520	-0.0653212140	0.0001330608	0.4650031300
0.7470244200	-0.0349999520	-0.0653382170	0.0002095400	0.4642267200
0.7470657200	-0.0349999520	-0.0653479020	0.0002281706	0.4638283600
0.7471252100	-0.0349999520	-0.0653619170	0.0002829314	0.4636926400
0.7471460100	-0.0349999520	-0.0653668050	0.0002536196	0.4631903800
0.7471074500	-0.0349999520	-0.0653689880	0.0002647127	0.4630613000
0.7470365200	-0.0349999520	-0.0653730260	0.0002591380	0.4633695800
0.7469393000	-0.0349999520	-0.0653785840	0.0002636177	0.4629612000
0.7467893400	-0.0349999520	-0.0653870630	0.0002715607	0.4627468000
0.7465928200	-0.0349999520	-0.0653981720	0.0002338729	0.4609535000
0.7459377600	-0.0349999520	-0.0654351640	0.0002754620	0.4573544300
0.7451233300	-0.0349999520	-0.0654816180	0.0003906102	0.4526043200
0.7438733000	-0.0349999520	-0.0655518550	0.0004004292	0.4486563500
0.7419555800	-0.0349999520	-0.0656585990	0.0004357154	0.4441998600
0.7371729000	-0.0349999520	-0.0659261790	0.0006035988	0.4331062400
0.7342369000	-0.0349999520	-0.0660864790	0.0006517047	0.4258099800
0.7202823200	-0.0349999520	-0.0668364610	0.0009850322	0.4037811200
0.7202575200	-0.0349999520	-0.0668377350	0.0009850634	0.4037494700
0.7202116300	-0.0349999520	-0.0668400080	0.0009859510	0.4037045500
0.6891748900	-0.0349999520	-0.0683813770	0.0012064971	0.3706981500
0.6650550400	-0.0349999520	-0.0694633350	0.0012649230	0.3513767100
0.6623257400	-0.0349999520	-0.0695864110	0.0012753694	0.3487919900
0.6357097000	-0.0349999520	-0.0706660820	0.0012472293	0.3305262000
0.6345534900	-0.0349999520	-0.0707134160	0.0012504265	0.3297987300
0.6290776100	-0.0349999520	-0.0709112810	0.0012820849	0.3264567000
0.6074473900	-0.0349999520	-0.0716990750	0.0011870073	0.3120853600
0.5903790000	-0.0349999520	-0.0722574000	0.0014986167	0.3014600600
0.5793306800	-0.0349999520	-0.0726111900	0.0015455760	0.2945478900
0.5676621200	-0.0349999520	-0.0729372950	0.0015612906	0.2898111000
0.5379874100	-0.0349999520	-0.0737427470	0.0016298566	0.2776070500
0.5292269600	-0.0349999520	-0.0739527490	0.0016411793	0.2731060400
0.5076071000	-0.0349999520	-0.0744176130	0.0016032982	0.2640924500
0.5002784100	-0.0349999520	-0.0745704400	0.0015896807	0.2610940000
0.4913808400	-0.0349999520	-0.0747309100	0.0016613846	0.2572159800
0.4737121500	-0.0349999520	-0.0750281960	0.0017076392	0.2511012600
0.4545536900	-0.0349999520	-0.0753030110	0.0018039642	0.2433903200
0.4510406900	-0.0349999520	-0.0753461270	0.0018205323	0.2419474900
0.4323455400	-0.0349999520	-0.0755521130	0.0018998647	0.2351306400
0.4224163600	-0.0349999520	-0.0756273490	0.0019454331	0.2322956200
0.4047895400	-0.0349999520	-0.0757588150	0.0019652816	0.2277511200
0.3955973100	-0.0349999520	-0.0757968430	0.0019780777	0.2245682600
0.3756511500	-0.0349999520	-0.0758444440	0.0020030827	0.2180538500
0.3569051300	-0.0349999520	-0.0758374110	0.0019706870	0.2134892000
0.3276075400	-0.0349999520	-0.0757030920	0.0019575142	0.2056042700
0.3269738000	-0.0349999520	-0.0756998060	0.0019561403	0.2054488400
0.3059141900	-0.0349999520	-0.0755016060	0.0019754948	0.2007469100
0.2935031400	-0.0349999520	-0.0753481690	0.0020196213	0.1981501300
0.2825363300	-0.0349999520	-0.0751927870	0.0020615599	0.1962067600
0.2658811500	-0.0349999520	-0.0749021400	0.0021876946	0.1928958600
0.2636658000	-0.0349999520	-0.0748629790	0.0022030196	0.1925854700
0.2609354300	-0.0349999520	-0.0748020340	0.0021861265	0.1921108200
0.2407914000	-0.0349999520	-0.0743612130	0.0021071862	0.1895915600
0.2297530800	-0.0349999520	-0.0740656550	0.0021707089	0.1881836200
0.2226431200	-0.0349999520	-0.0738801730	0.0021717229	0.1871017800
0.2191447800	-0.0349999520	-0.0737764090	0.0021784697	0.1868058400
0.2013574700	-0.0349999520	-0.0732167880	0.0021858644	0.1855006200
0.2010217900	-0.0349999520	-0.0732052620	0.0021891511	0.1854787200
0.1852776400	-0.0349999520	-0.0726363880	0.0023993544	0.1843359900
0.1772115800	-0.0349999520	-0.0723230690	0.0024310475	0.1839505100
0.1683037400	-0.0349999520	-0.0719506820	0.0024797891	0.1836646500
0.1598572700	-0.0349999520	-0.0715801050	0.0024618471	0.1832352900
0.1403610300	-0.0349999520	-0.0706375390	0.0023777311	0.1831967100
0.1312628500	-0.0349999520	-0.0701701570	0.0023395845	0.1832177000
0.1207282000	-0.0349999520	-0.0695796910	0.0022862368	0.1829933100
0.1158393900	-0.0349999520	-0.0693003160	0.0023115792	0.1830713900
0.1038418300	-0.0349999520	-0.0685666130	0.0022023929	0.1847135000
0.1025325700	-0.0349999520	-0.0684830840	0.0021945095	0.1847833100
0.0943162440	-0.0349999520	-0.0679240820	0.0022375365	0.1852193800
0.0794105750	-0.0349999520	-0.0669116750	0.0023796479	0.1862639200
0.0670022290	-0.0349999520	-0.0659753530	0.0024879497	0.1879371400
0.0624520930	-0.0349999520	-0.0656225980	0.0025193559	0.1885903500
0.0510533410	-0.0349999520	-0.0646901880	0.0026372603	0.1914866900
0.0465225840	-0.0349999520	-0.0642977800	0.0026657911	0.1927606900
0.0343059260	-0.0349999520	-0.0632151440	0.0026500407	0.1951653700
0.0220272410	-0.0349999520	-0.0620365440	0.0024788030	0.1982918800
0.0175338090	-0.0349999520	-0.0616004800	0.0024764598	0.1993976100
0.0078609213	-0.0349999520	-0.0605759290	0.0024485384	0.2013552600
-0.0010891713	-0.0349999520	-0.0596344250	0.0025115540	0.2031856200
-0.0022470590	-0.0349999520	-0.0595097620	0.0025182390	0.2036616500
-0.0038049577	-0.0349999520	-0.0593305490	0.0025368715	0.2042558800
-0.0143051630	-0.0349999520	-0.0581264940	0.0027596748	0.2107520100
-0.0209994930	-0.0349999520	-0.0573067440	0.0026504963	0.2131003400
-0.0308900440	-0.0349999520	-0.0560722390	0.0025851136	0.2166344800
-0.0371093750	-0.0349999520	-0.0552637170	0.0026505146	0.2199474000
-0.0478423310	-0.0349999520	-0.0537859690	0.0027209165	0.2268730700
-0.0503075570	-0.0349999520	-0.0534463260	0.0027372636	0.2282677900
-0.0521731150	-0.0349999520	-0.0531741900	0.0027156317	0.2292665200
-0.0669709590	-0.0349999520	-0.0509597510	0.0026762533	0.2369551100
-0.0697442220	-0.0349999520	-0.0505297150	0.0026861112	0.2389734400
-0.0799909830	-0.0349999520	-0.0488650460	0.0025254864	0.2467377600
-0.0814060940	-0.0349999520	-0.0486287470	0.0025285573	0.2476936700
-0.0919488150	-0.0349999520	-0.0468059370	0.0026781653	0.2573463600
-0.0922235620	-0.0349999520	-0.0467561070	0.0026761856	0.2575819800
-0.1013978500	-0.0349999520	-0.0450774950	0.0026492276	0.2667639600
-0.1034023100	-0.0349999520	-0.0446866270	0.0026480838	0.2685132600
-0.1183662000	-0.0349999520	-0.0417277480	0.0026894176	0.2816452400
-0.1194983500	-0.0349999520	-0.0414918440	0.0027149471	0.2830380200
-0.1300139900	-0.0349999520	-0.0392220690	0.0028171173	0.2970522300
-0.1308386500	-0.0349999520	-0.0390423910	0.0028247711	0.2983302500
-0.1323528000	-0.0349999520	-0.0386951420	0.0028097420	0.3003640200
-0.1432135300	-0.0349999520	-0.0361559470	0.0028295989	0.3155605800
-0.1479854300	-0.0349999520	-0.0349734500	0.0027650385	0.3222063800
-0.1545768400	-0.0349999520	-0.0332925360	0.0026691050	0.3340764900
-0.1612514000	-0.0349999520	-0.0315042920	0.0025782330	0.3480062500
-0.1623176900	-0.0349999520	-0.0312072170	0.0025969270	0.3501882300
-0.1659178400	-0.0349999520	-0.0301792210	0.0026665285	0.3581112900
-0.1701203900	-0.0349999520	-0.0289814250	0.0027671080	0.3673514700
-0.1703973000	-0.0349999520	-0.0289004800	0.0027698265	0.3680385900
-0.1757966700	-0.0349999520	-0.0272631350	0.0028612827	0.3828951100
-0.1769990200	-0.0349999520	-0.0268986230	0.0028739738	0.3863027100
-0.1778474900	-0.0349999520	-0.0266243330	0.0028848699	0.3886989400
-0.1847462700	-0.0349999520	-0.0243973380	0.0028992703	0.4087023700
-0.1856806000	-0.0349999520	-0.0240861980	0.0028902682	0.4115133900
-0.1888194100	-0.0349999520	-0.0229837300	0.0027902494	0.4229619500
-0.1931103000	-0.0349999520	-0.0214893930	0.0025775457	0.4401284200
-0.1989877400	-0.0349999520	-0.0192295780	0.0024681798	0.4660281800
-0.2039555900	-0.0349999520	-0.0173197170	0.0024116478	0.4850293400
-0.2073572100	-0.0349999520	-0.0158978200	0.0024070809	0.5039181100
-0.2143767200	-0.0349999520	-0.0127481140	0.0021386763	0.5445204400
-0.2148177500	-0.0349999520	-0.0125484600	0.0021171138	0.5470135200
-0.2149971000	-0.0349999520	-0.0124626620	0.0021156504	0.5483184500
-0.2217196100	-0.0349999520	-0.0090758717	0.0019506507	0.6065266700
-0.2217901100	-0.0349999520	-0.0090387566	0.0019484595	0.6072152300
-0.2220389200	-0.0349999520	-0.0088982312	0.0019358159	0.6098717500
-0.2267153100	-0.0349999520	-0.0062657394	0.0017713692	0.6554341300
-0.2301359200	-0.0349999520	-0.0041197143	0.0015704121	0.7045665400
-0.2312637400	-0.0349999520	-0.0034080870	0.0015278775	0.7192161700
-0.2317527500	-0.0349999520	-0.0030628412	0.0014953997	0.7271546100
-0.2368683500	-0.0349999520	0.0007107261	0.0010972152	0.8045362800
-0.2378519900	-0.0349999520	0.0014982510	0.0009940915	0.8223274900
-0.2399886700	-0.0349999520	0.0035704526	0.0007329615	0.8631491700
-0.2425163400	-0.0349999520	0.0059521012	0.0003744834	0.9146482300
-0.2448274800	-0.0349999520	0.0088327350	0.0001302353	0.9675837200
-0.2452515800	-0.0349999520	0.0093536675	0.0001067787	0.9754906300
-0.2466367500	-0.0349999520	0.0116028650	0.0000532762	0.9945893300
-0.2468960100	-0.0349999520	0.0120515640	0.0000466859	0.9961843500
-0.2476777700	-0.0349999520	0.0137041320	0.0000144810	0.9921712300
-0.2479139900	-0.0349999520	0.0143327240	0.0000092095	0.9839333900
-0.2483153300	-0.0349999520	0.0154706230	-0.0000022254	0.9598642600
-0.2484965900	-0.0349999520	0.0160338170	-0.0000069410	0.9455081200
-0.2489108900	-0.0349999520	0.0179836060	-0.0000053476	0.8519471900
-0.2489574800	-0.0349999520	0.0182832180	-0.0000005514	0.8381862600
-0.2490514500	-0.0349999520	0.0215601600	0.0001750147	0.6346848000
-0.2490486800	-0.0349999520	0.0217889360	0.0002140275	0.6143466800
-0.2485730100	-0.0349999520	0.0243653660	0.0011949515	0.4006470100
-0.2484961600	-0.0349999520	0.0247530860	0.0013082268	0.3683844500
-0.2480487500	-0.0349999520	0.0260902610	0.0016102090	0.2302791000
-0.2474186700	-0.0349999520	0.0274835010	0.0024396807	0.0862496640
-0.2472036900	-0.0349999520	0.0279661380	0.0026274225	0.0299737860
-0.2468593700	-0.0349999520	0.0285305790	0.0031020692	-0.0194527730
-0.2461218200	-0.0349999520	0.0297732950	0.0040230602	-0.1368706800
-0.2457087200	-0.0349999520	0.0303670540	0.0041150402	-0.1773477900
-0.2439727000	-0.0349999520	0.0325097030	0.0041498663	-0.3013016900
-0.2439236200	-0.0349999520	0.0325665770	0.0041480436	-0.3043312400
-0.2423081800	-0.0349999520	0.0341714730	0.0049372384	-0.3856689600
-0.2420744300	-0.0349999520	0.0344028440	0.0049917874	-0.3990314600
-0.2417581700	-0.0349999520	0.0346866590	0.0051179035	-0.4123314900
-0.2396551100	-0.0349999520	0.0363993350	0.0055367047	-0.4648228900
-0.2391695200	-0.0349999520	0.0367856810	0.0055373916	-0.4749559200
-0.2374958500	-0.0349999520	0.0379482950	0.0058394212	-0.4963562200
-0.2368246200	-0.0349999520	0.0384031530	0.0057958489	-0.5043163300
-0.2351253600	-0.0349999520	0.0394597720	0.0055059452	-0.5181881200
-0.2329542600	-0.0349999520	0.0406703460	0.0053599722	-0.5298386200
-0.2319355000	-0.0349999520	0.0412362740	0.0051407181	-0.5339851400
-0.2311438600	-0.0349999520	0.0416350330	0.0051337482	-0.5354591000
-0.2282419700	-0.0349999520	0.0430238620	0.0053038485	-0.5351420000
-0.2276715500	-0.0349999520	0.0432885250	0.0052151792	-0.5342042400
-0.2274403300	-0.0349999520	0.0433880460	0.0052280778	-0.5335608700
-0.2251520800	-0.0349999520	0.0443297920	0.0051542752	-0.5290568500
-0.2230930800	-0.0349999520	0.0451883340	0.0048949279	-0.5252791000
-0.2212446500	-0.0349999520	0.0458651820	0.0048224783	-0.5220572900
-0.2177762100	-0.0349999520	0.0471080840	0.0047367593	-0.5141913300
-0.2136696900	-0.0349999520	0.0483626240	0.0052530393	-0.5009276300
-0.2107272100	-0.0349999520	0.0492743810	0.0054421728	-0.4931357500
-0.2092470500	-0.0349999520	0.0496950780	0.0052434352	-0.4896033400
-0.2052637200	-0.0349999520	0.0507016480	0.0054749982	-0.4802627900
-0.2019034200	-0.0349999520	0.0515625070	0.0054318719	-0.4703171300
-0.1975941400	-0.0349999520	0.0525144000	0.0051823226	-0.4605045600
-0.1956862100	-0.0349999520	0.0529367030	0.0049432499	-0.4550199800
-0.1949514200	-0.0349999520	0.0530861500	0.0049123067	-0.4532821500
-0.1933510900	-0.0349999520	0.0533799230	0.0048852085	-0.4497576700
-0.1837131100	-0.0349999520	0.0551655330	0.0044550093	-0.4266281700
-0.1733930600	-0.0349999520	0.0567118560	0.0047403048	-0.4142378600
-0.1725198800	-0.0349999520	0.0568452660	0.0047430216	-0.4127833500
-0.1722827100	-0.0349999520	0.0568779190	0.0047556430	-0.4123295800
-0.1713584700	-0.0349999520	0.0569947470	0.0047974180	-0.4105325600
-0.1663925200	-0.0349999520	0.0576285570	0.0048278624	-0.4006218300
-0.1612046400	-0.0349999520	0.0582090990	0.0045487618	-0.3930048300
-0.1566577300	-0.0349999520	0.0586982180	0.0046345753	-0.3840991600
-0.1520520000	-0.0349999520	0.0591439980	0.0046475157	-0.3743840500
-0.1414430000	-0.0349999520	0.0600145160	0.0044454621	-0.3583927800
-0.1400498700	-0.0349999520	0.0601239870	0.0044217019	-0.3559965800
-0.1388805500	-0.0349999520	0.0602006390	0.0043722500	-0.3551890600
-0.1235807200	-0.0349999520	0.0610935580	0.0045522454	-0.3381904400
-0.1226473700	-0.0349999520	0.0611427430	0.0045732668	-0.3368891800
-0.1217989300	-0.0349999520	0.0611747620	0.0045574674	-0.3358725300
-0.1084662500	-0.0349999520	0.0616735110	0.0039452671	-0.3179137100
-0.1014914800	-0.0349999520	0.0618380050	0.0038963367	-0.3113349400
-0.0940647050	-0.0349999520	0.0619590880	0.0038938125	-0.3038058300
-0.0879533440	-0.0349999520	0.0620354940	0.0038776947	-0.2960719800
-0.0855652390	-0.0349999520	0.0620503610	0.0037799438	-0.2930709100
-0.0714350860	-0.0349999520	0.0620138870	0.0041636335	-0.2784161900
-0.0692493540	-0.0349999520	0.0620053340	0.0041900756	-0.2761461700
-0.0657276510	-0.0349999520	0.0619560820	0.0040463077	-0.2730773100
-0.0557749940	-0.0349999520	0.0617823490	0.0037898393	-0.2644070400
-0.0495643650	-0.0349999520	0.0616455380	0.0038466553	-0.2575816800
-0.0394717420	-0.0349999520	0.0613287240	0.0038964863	-0.2466722600
-0.0358021820	-0.0349999520	0.0612158030	0.0038094001	-0.2418077300
-0.0218254370	-0.0349999520	0.0606330780	0.0037873306	-0.2303635600
-0.0196487610	-0.0349999520	0.0605418270	0.0037630233	-0.2279459200
-0.0066812197	-0.0349999520	0.0598753170	0.0035566085	-0.2159441000
-0.0050653219	-0.0349999520	0.0597858580	0.0035321465	-0.2147684500
0.0060723908	-0.0349999520	0.0591249580	0.0031760514	-0.2028874800
0.0118738400	-0.0349999520	0.0587369610	0.0031507001	-0.1976520600
0.0263036770	-0.0349999520	0.0577433560	0.0030685435	-0.1844221700
0.0348917950	-0.0349999520	0.0570665040	0.0031345278	-0.1762052500
0.0466120390	-0.0349999520	0.0561422150	0.0030135396	-0.1658439900
0.0554408470	-0.0349999520	0.0553753530	0.0030181904	-0.1576273000
0.0660941530	-0.0349999520	0.0544200500	0.0029946797	-0.1469384000
1 2 
2 3 
3 4 
4 5 
5 6 
6 7 
7 8 
8 9 
9 10 
10 11 
11 12 
12 13 
13 14 
14 15 
15 16 
16 17 
17 18 
18 19 
19 20 
20 21 
21 22 
22 23 
23 24 
24 25 
25 26 
26 27 
27 28 
28 29 
29 30 
30 31 
31 32 
32 33 
33 34 
34 35 
35 36 
36 37 
37 38 
38 39 
39 40 
40 41 
41 42 
42 43 
43 44 
44 45 
45 46 
46 47 
47 48 
48 49 
49 50 
50 51 
51 52 
52 53 
53 54 
54 55 
55 56 
56 57 
57 58 
58 59 
59 60 
60 61 
61 62 
62 63 
63 64 
64 65 
65 66 
66 67 
67 68 
68 69 
69 70 
70 71 
71 72 
72 73 
73 74 
74 75 
75 76 
76 77 
77 78 
78 79 
79 80 
80 81 
81 82 
82 83 
83 84 
84 85 
85 86 
86 87 
87 88 
88 89 
89 90 
90 91 
91 92 
92 93 
93 94 
94 95 
95 96 
96 97 
97 98 
98 99 
99 100 
100 101 
101 102 
102 103 
103 104 
104 105 
105 106 
106 107 
107 108 
108 109 
109 110 
110 111 
111 112 
112 113 
113 114 
114 115 
115 116 
116 117 
117 118 
118 119 
119 120 
120 121 
121 122 
122 123 
123 124 
124 125 
125 126 
126 127 
127 128 
128 129 
129 130 
130 131 
131 132 
132 133 
133 134 
134 135 
135 136 
136 137 
137 138 
138 139 
139 140 
140 141 
141 142 
142 143 
143 144 
144 145 
145 146 
146 147 
147 148 
148 149 
149 150 
150 151 
151 152 
152 153 
153 154 
154 155 
155 156 
156 157 
157 158 
158 159 
159 160 
160 161 
161 162 
162 163 
163 164 
164 165 
165 166 
166 167 
167 168 
168 169 
169 170 
170 171 
171 172 
172 173 
173 174 
174 175 
175 176 
176 177 
177 178 
178 179 
179 180 
180 181 
181 182 
182 183 
183 184 
184 185 
185 186 
186 187 
187 188 
188 189 
189 190 
190 191 
191 192 
192 193 
193 194 
194 195 
195 196 
196 197 
197 198 
198 199 
199 200 
200 201 
201 202 
202 203 
203 204 
204 205 
205 206 
206 207 
207 208 
208 209 
209 210 
210 211 
211 212 
212 213 
213 214 
214 215 
215 216 
216 217 
217 218 
218 219 
219 220 
220 221 
221 222 
222 223 
223 224 
224 225 
225 226 
226 227 
227 228 
228 229 
229 230 
230 231 
231 232 
232 233 
233 234 
234 235 
235 236 
236 237 
237 238 
238 239 
239 240 
240 241 
241 242 
242 243 
243 244 
244 245 
245 246 
246 247 
247 248 
248 249 
249 250 
250 251 
251 252 
252 253 
253 254 
254 255 
255 256 
256 257 
257 258 
258 259 
259 260 
260 261 
261 262 
262 263 
263 264 
264 265 
265 266 
266 267 
ZONE T="Slice: Y=-0.73"
STRANDID=0, SOLUTIONTIME=0
Nodes=265, Elements=264, ZONETYPE=FELineSeg
DATAPACKING=POINT
DT=(DOUBLE DOUBLE DOUBLE DOUBLE DOUBLE )
0.0763152610	-0.7299999600	0.0534541010	0.0029850600	0.0096634096
0.0833213550	-0.7299999600	0.0527464560	0.0029603256	0.0129765640
0.0952505170	-0.7299999600	0.0515431840	0.0028867271	0.0160857350
0.1025385400	-0.7299999600	0.0507518500	0.0030072188	0.0222187620
0.1154046700	-0.7299999600	0.0493554170	0.0031108702	0.0301585200
0.1201318900	-0.7299999600	0.0488143450	0.0030123803	0.0343074390
0.1368975500	-0.7299999600	0.0468592200	0.0031953496	0.0439928700
0.1387059200	-0.7299999600	0.0466428290	0.0032090319	0.0446690430
0.1640857800	-0.7299999600	0.0434811750	0.0027097806	0.0505990200
0.1651672700	-0.7299999600	0.0433454440	0.0027143358	0.0510043350
0.1654231000	-0.7299999600	0.0433125680	0.0027157799	0.0510540790
0.1657859700	-0.7299999600	0.0432646910	0.0027097776	0.0514561010
0.1679438500	-0.7299999600	0.0429767110	0.0027100427	0.0529915280
0.1883657400	-0.7299999600	0.0402727570	0.0026240201	0.0645227360
0.2055218400	-0.7299999600	0.0379067140	0.0026267993	0.0765633290
0.2115985900	-0.7299999600	0.0370540730	0.0025829958	0.0797590910
0.2188976900	-0.7299999600	0.0359898730	0.0025129614	0.0840588580
0.2377638400	-0.7299999600	0.0332583930	0.0025088322	0.0888683270
0.2580017100	-0.7299999600	0.0301929100	0.0024123869	0.0995958970
0.2652449000	-0.7299999600	0.0290937240	0.0024298116	0.1034268700
0.2731438300	-0.7299999600	0.0278585890	0.0024867617	0.1081144400
0.2887339000	-0.7299999600	0.0253935360	0.0023955198	0.1144552400
0.3010465200	-0.7299999600	0.0234166980	0.0022688295	0.1201230900
0.3159953100	-0.7299999600	0.0209387090	0.0021705336	0.1255274400
0.3338661200	-0.7299999600	0.0179883760	0.0020411104	0.1303638100
0.3538436300	-0.7299999600	0.0145682800	0.0020170739	0.1373290600
0.3620080900	-0.7299999600	0.0131722020	0.0020084848	0.1399209200
0.3743794900	-0.7299999600	0.0109974680	0.0019815431	0.1435758300
0.3882514800	-0.7299999600	0.0085564312	0.0019339218	0.1479707700
0.3981944900	-0.7299999600	0.0067622112	0.0019153879	0.1508693800
0.4141801600	-0.7299999600	0.0038822687	0.0018268448	0.1549283600
0.4419167600	-0.7299999600	-0.0012399206	0.0017869193	0.1601844900
0.4442623900	-0.7299999600	-0.0016727267	0.0017842159	0.1604029700
0.4768919900	-0.7299999600	-0.0078645311	0.0018438000	0.1635454600
0.4883860600	-0.7299999600	-0.0100897430	0.0018472027	0.1605213400
0.5201780800	-0.7299999600	-0.0163072610	0.0018831450	0.1528682900
0.5432821500	-0.7299999600	-0.0209571010	0.0020170711	0.1436270800
0.5709822200	-0.7299999600	-0.0265908000	0.0021377098	0.1219873900
0.5850924800	-0.7299999600	-0.0294980240	0.0022150214	0.1087736600
0.6060400000	-0.7299999600	-0.0339395660	0.0023762252	0.0882018060
0.6361046400	-0.7299999600	-0.0403148050	0.0025440480	0.0595446560
0.6880182600	-0.7299999600	-0.0517752100	0.0027452536	0.0128081860
0.6921449300	-0.7299999600	-0.0526846500	0.0027312106	0.0107049280
0.7027434100	-0.7299999600	-0.0551023560	0.0025804043	0.0162903220
0.7205538200	-0.7299999600	-0.0591660140	0.0022571118	0.0296501350
0.7226620900	-0.7299999600	-0.0596515350	0.0022141890	0.0356402700
0.7362957600	-0.7299999600	-0.0628215370	0.0016235871	0.1301350400
0.7402276400	-0.7299999600	-0.0637399930	0.0013870809	0.1627631600
0.7437157600	-0.7299999600	-0.0645589900	0.0010677437	0.2107026700
0.7438755000	-0.7299999600	-0.0645965410	0.0010414933	0.2130870500
0.7457407700	-0.7299999600	-0.0650356040	0.0008505365	0.2489718600
0.7459020600	-0.7299999600	-0.0650736090	0.0008129030	0.2504769900
0.7469494900	-0.7299999600	-0.0653204690	0.0011179755	0.2819013300
0.7471460100	-0.7299999600	-0.0653668050	0.0011779200	0.2941541100
0.7467007600	-0.7299999600	-0.0653922040	0.0012512057	0.3085171900
0.7443286800	-0.7299999600	-0.0655269550	0.0014526284	0.3157876400
0.7438843300	-0.7299999600	-0.0655521900	0.0014447263	0.3131470700
0.7437173100	-0.7299999600	-0.0655616520	0.0014692020	0.3109321600
0.7426090200	-0.7299999600	-0.0656233430	0.0014801559	0.3091971600
0.7335627100	-0.7299999600	-0.0661260190	0.0016955120	0.2884474400
0.7211167200	-0.7299999600	-0.0667826530	0.0016823945	0.2804719800
0.7135313700	-0.7299999600	-0.0671855580	0.0017527928	0.2711245400
0.7034767900	-0.7299999600	-0.0676786150	0.0018262348	0.2634267800
0.6820429600	-0.7299999600	-0.0687114150	0.0020937376	0.2411827000
0.6645557900	-0.7299999600	-0.0694845100	0.0021058757	0.2334232200
0.6556156300	-0.7299999600	-0.0698672380	0.0021490851	0.2258569200
0.6435720900	-0.7299999600	-0.0703359770	0.0020122900	0.2312322100
0.6252475400	-0.7299999600	-0.0710621920	0.0019842730	0.2221324300
0.6121075700	-0.7299999600	-0.0715279580	0.0019598755	0.2213471700
0.5975967600	-0.7299999600	-0.0720327570	0.0020104523	0.2094606800
0.5780023300	-0.7299999600	-0.0726386610	0.0021139070	0.1958191700
0.5653217400	-0.7299999600	-0.0730213900	0.0022528536	0.1934884000
0.5524487500	-0.7299999600	-0.0733612110	0.0022004073	0.1944064100
0.5390007500	-0.7299999600	-0.0737203510	0.0022602614	0.1889562500
0.5305851100	-0.7299999600	-0.0739161740	0.0021758031	0.1881514600
0.5093908900	-0.7299999600	-0.0743818130	0.0021954157	0.1822820800
0.4940383700	-0.7299999600	-0.0746859160	0.0022957192	0.1786380100
0.4720945100	-0.7299999600	-0.0750487820	0.0022341385	0.1771325600
0.4611200400	-0.7299999600	-0.0752161820	0.0022835422	0.1728685100
0.4513478300	-0.7299999600	-0.0753319190	0.0023569979	0.1709195100
0.4304745500	-0.7299999600	-0.0755678120	0.0023671198	0.1654179100
0.4199579700	-0.7299999600	-0.0756562350	0.0022877307	0.1633557800
0.3857094000	-0.7299999600	-0.0758153270	0.0021841245	0.1593951700
0.3772802100	-0.7299999600	-0.0758493840	0.0021827504	0.1562203500
0.3750065300	-0.7299999600	-0.0758526700	0.0021786092	0.1557153500
0.3586172500	-0.7299999600	-0.0758327920	0.0021585104	0.1545280700
0.3522405900	-0.7299999600	-0.0758272410	0.0021593877	0.1519106300
0.3397969000	-0.7299999600	-0.0757580850	0.0021983178	0.1506331400
0.3186868400	-0.7299999600	-0.0756318420	0.0022913984	0.1438200000
0.3143879800	-0.7299999600	-0.0755903200	0.0022926189	0.1436308900
0.2846278500	-0.7299999600	-0.0752237660	0.0023608724	0.1397468400
0.2823155200	-0.7299999600	-0.0751899180	0.0023690495	0.1390588900
0.2730149000	-0.7299999600	-0.0750064550	0.0023236706	0.1385914800
0.2451547800	-0.7299999600	-0.0744660120	0.0024771718	0.1344793700
0.2239340700	-0.7299999600	-0.0738770140	0.0023831310	0.1341309700
0.2081507700	-0.7299999600	-0.0734402390	0.0025005179	0.1320783900
0.2028474400	-0.7299999600	-0.0732606950	0.0025447763	0.1315554700
0.1789559700	-0.7299999600	-0.0723869200	0.0027019687	0.1290847100
0.1740402100	-0.7299999600	-0.0721953590	0.0026998725	0.1283499000
0.1576881900	-0.7299999600	-0.0714682710	0.0026610591	0.1282346100
0.1484963400	-0.7299999600	-0.0710495930	0.0025701514	0.1269642100
0.1425616000	-0.7299999600	-0.0707311030	0.0026560991	0.1275608800
0.1223126000	-0.7299999600	-0.0696733440	0.0026748898	0.1263632200
0.1149769300	-0.7299999600	-0.0692453460	0.0028350584	0.1255315100
0.0967828260	-0.7299999600	-0.0680971740	0.0029030933	0.1254546000
0.0913012100	-0.7299999600	-0.0677451490	0.0028595792	0.1252084400
0.0848855300	-0.7299999600	-0.0672914310	0.0028369053	0.1251127600
0.0699060340	-0.7299999600	-0.0662007930	0.0027753343	0.1249738600
0.0511370340	-0.7299999600	-0.0646954630	0.0026909399	0.1279823600
0.0498570200	-0.7299999600	-0.0645906630	0.0026733656	0.1280457200
0.0359652820	-0.7299999600	-0.0633577700	0.0027952612	0.1285160500
0.0256841610	-0.7299999600	-0.0623924660	0.0028985901	0.1314891400
0.0187316330	-0.7299999600	-0.0617214140	0.0028935975	0.1326704800
0.0147614210	-0.7299999600	-0.0613094830	0.0028715325	0.1335388000
-0.0049974388	-0.7299999600	-0.0591972140	0.0028910994	0.1376524000
-0.0069814301	-0.7299999600	-0.0589766350	0.0028888259	0.1381580800
-0.0102541890	-0.7299999600	-0.0585863370	0.0029183810	0.1389850700
-0.0215263980	-0.7299999600	-0.0572535660	0.0026854167	0.1396033600
-0.0377600900	-0.7299999600	-0.0551694820	0.0028241017	0.1449033900
-0.0395335560	-0.7299999600	-0.0549373290	0.0028224406	0.1452578000
-0.0551642660	-0.7299999600	-0.0527443700	0.0030597063	0.1492545300
-0.0575897280	-0.7299999600	-0.0523821000	0.0031124942	0.1510862100
-0.0667878390	-0.7299999600	-0.0509936620	0.0029042402	0.1558994400
-0.0782276320	-0.7299999600	-0.0491456090	0.0029077444	0.1605591600
-0.0817538950	-0.7299999600	-0.0485710320	0.0028172938	0.1610295000
-0.0849463640	-0.7299999600	-0.0480105020	0.0028878408	0.1639798600
-0.0948067230	-0.7299999600	-0.0462923870	0.0027908321	0.1697411200
-0.1063264300	-0.7299999600	-0.0441315250	0.0027540112	0.1767515200
-0.1072358000	-0.7299999600	-0.0439622030	0.0027576592	0.1773462400
-0.1075863200	-0.7299999600	-0.0438933600	0.0027564823	0.1775583300
-0.1092109700	-0.7299999600	-0.0435656610	0.0027880719	0.1785302800
-0.1186431300	-0.7299999600	-0.0416707470	0.0029699619	0.1839772600
-0.1282146600	-0.7299999600	-0.0396032670	0.0029606593	0.1916825800
-0.1315461400	-0.7299999600	-0.0388826470	0.0029513804	0.1944057300
-0.1320114900	-0.7299999600	-0.0387789350	0.0029530099	0.1948925000
-0.1330802000	-0.7299999600	-0.0385278130	0.0029502985	0.1957583600
-0.1440698100	-0.7299999600	-0.0359527690	0.0029725023	0.2059626100
-0.1514462100	-0.7299999600	-0.0340920130	0.0029072493	0.2146130400
-0.1535537500	-0.7299999600	-0.0335638260	0.0029261205	0.2173353900
-0.1584653300	-0.7299999600	-0.0322523300	0.0028628996	0.2253775900
-0.1617884600	-0.7299999600	-0.0313565360	0.0027073669	0.2288301100
-0.1724866500	-0.7299999600	-0.0281959270	0.0028656621	0.2467459300
-0.1780175400	-0.7299999600	-0.0265696510	0.0028878486	0.2550921100
-0.1785671700	-0.7299999600	-0.0264062750	0.0028922111	0.2558802100
-0.1789744000	-0.7299999600	-0.0262753670	0.0028841027	0.2568295900
-0.1804418000	-0.7299999600	-0.0257867870	0.0029131725	0.2597526000
-0.1914792800	-0.7299999600	-0.0220729090	0.0033488306	0.2797048100
-0.1949644700	-0.7299999600	-0.0208036730	0.0033208359	0.2883047800
-0.2024631400	-0.7299999600	-0.0179179830	0.0026852308	0.3127373800
-0.2041661300	-0.7299999600	-0.0172366890	0.0026429660	0.3196693100
-0.2117156400	-0.7299999600	-0.0139776180	0.0026056047	0.3549706300
-0.2125578800	-0.7299999600	-0.0136025210	0.0026186049	0.3596679900
-0.2173050900	-0.7299999600	-0.0113400840	0.0028260725	0.3945412000
-0.2192478900	-0.7299999600	-0.0103362990	0.0028778932	0.4080659700
-0.2227222800	-0.7299999600	-0.0085322903	0.0028747491	0.4286530900
-0.2250939800	-0.7299999600	-0.0072053433	0.0029762773	0.4495714600
-0.2270050600	-0.7299999600	-0.0060728332	0.0027811588	0.4709569500
-0.2295701800	-0.7299999600	-0.0045102928	0.0024712786	0.5023397200
-0.2320036400	-0.7299999600	-0.0028930283	0.0025044415	0.5349865600
-0.2338332200	-0.7299999600	-0.0016076142	0.0022613318	0.5588465900
-0.2358467900	-0.7299999600	-0.0001198308	0.0017674623	0.5904543400
-0.2388503600	-0.7299999600	0.0023680623	0.0013071236	0.6638715300
-0.2390381500	-0.7299999600	0.0025214246	0.0012657575	0.6680615500
-0.2391668300	-0.7299999600	0.0026407195	0.0012466681	0.6714439400
-0.2414751400	-0.7299999600	0.0048423894	0.0007659472	0.7277088800
-0.2432285000	-0.7299999600	0.0067973132	0.0006440275	0.7851606000
-0.2439414600	-0.7299999600	0.0076084514	0.0005058628	0.8040910400
-0.2443384400	-0.7299999600	0.0081515592	0.0004500004	0.8244863200
-0.2459642400	-0.7299999600	0.0104458900	0.0002700689	0.8684615500
-0.2469296900	-0.7299999600	0.0121241130	0.0001698407	0.9173325900
-0.2473913900	-0.7299999600	0.0131540580	0.0001373994	0.9402672600
-0.2480835200	-0.7299999600	0.0147808250	0.0000846426	0.9580339800
-0.2482678700	-0.7299999600	0.0153027840	0.0000667232	0.9568281200
-0.2488506600	-0.7299999600	0.0182893130	0.0000565863	0.9343047700
-0.2490548500	-0.7299999600	0.0192228970	0.0000534972	0.9177479700
-0.2490702600	-0.7299999600	0.0197219700	0.0000701593	0.9055749800
-0.2490486800	-0.7299999600	0.0217889360	0.0002210515	0.8175581100
-0.2488733400	-0.7299999600	0.0228544850	0.0003781121	0.7779513600
-0.2486626400	-0.7299999600	0.0241284890	0.0005665681	0.7105792200
-0.2485707100	-0.7299999600	0.0244271790	0.0007147725	0.6872119900
-0.2480701700	-0.7299999600	0.0259121660	0.0010654254	0.5779436800
-0.2477840600	-0.7299999600	0.0267461330	0.0012209884	0.5249615300
-0.2474349700	-0.7299999600	0.0273964420	0.0015964256	0.4727162100
-0.2464733600	-0.7299999600	0.0292391520	0.0024413519	0.3429375600
-0.2459206100	-0.7299999600	0.0300478340	0.0029904235	0.2953152100
-0.2443170500	-0.7299999600	0.0320717840	0.0038009175	0.1822102500
-0.2437242900	-0.7299999600	0.0327725970	0.0039527274	0.1442223000
-0.2436153300	-0.7299999600	0.0328973830	0.0040407296	0.1298762000
-0.2435067100	-0.7299999600	0.0330045600	0.0040185116	0.1256455000
-0.2419502700	-0.7299999600	0.0344680770	0.0043313081	0.0504065270
-0.2413171500	-0.7299999600	0.0350707100	0.0043124086	0.0212182100
-0.2409075500	-0.7299999600	0.0354122040	0.0045247520	0.0104112510
-0.2397653600	-0.7299999600	0.0363353710	0.0046944831	-0.0028151993
-0.2383189100	-0.7299999600	0.0373987740	0.0050378535	-0.0533410310
-0.2382991600	-0.7299999600	0.0374132390	0.0050372170	-0.0538605120
-0.2382177600	-0.7299999600	0.0374662690	0.0050401585	-0.0546872060
-0.2357551200	-0.7299999600	0.0390754530	0.0049451267	-0.0767548900
-0.2355829500	-0.7299999600	0.0391856430	0.0049751109	-0.0794583480
-0.2342428400	-0.7299999600	0.0399550240	0.0048213007	-0.0996225700
-0.2329542500	-0.7299999600	0.0406951870	0.0045503527	-0.1181092900
-0.2316032500	-0.7299999600	0.0413813030	0.0046049383	-0.1276567900
-0.2296300800	-0.7299999600	0.0423845650	0.0045188054	-0.1377428000
-0.2293348800	-0.7299999600	0.0425233540	0.0045425561	-0.1377911100
-0.2273994200	-0.7299999600	0.0433833450	0.0048033524	-0.1618755500
-0.2258165900	-0.7299999600	0.0440911870	0.0048079940	-0.1736163900
-0.2242587500	-0.7299999600	0.0447179340	0.0050058115	-0.1749204400
-0.2227315600	-0.7299999600	0.0453307180	0.0049391115	-0.1655675000
-0.2217910400	-0.7299999600	0.0456770660	0.0048243430	-0.1713847400
-0.2192057700	-0.7299999600	0.0466178730	0.0043315430	-0.1742138300
-0.2142006900	-0.7299999600	0.0482164060	0.0046369330	-0.1811698200
-0.2123673100	-0.7299999600	0.0488081690	0.0046458257	-0.1788073900
-0.2120783000	-0.7299999600	0.0488922110	0.0046677483	-0.1791777500
-0.2080824200	-0.7299999600	0.0500123870	0.0047419891	-0.1872906800
-0.2079893100	-0.7299999600	0.0500369560	0.0047381563	-0.1867943300
-0.2037371500	-0.7299999600	0.0511221770	0.0044752574	-0.1813731600
-0.2021907100	-0.7299999600	0.0514869280	0.0044292031	-0.1832330100
-0.1981219600	-0.7299999600	0.0524159040	0.0038740997	-0.1634222000
-0.1927000900	-0.7299999600	0.0535205340	0.0044744148	-0.1779521300
-0.1914536200	-0.7299999600	0.0537811780	0.0044842963	-0.1766894800
-0.1910290400	-0.7299999600	0.0538646730	0.0045153902	-0.1753778600
-0.1879844700	-0.7299999600	0.0544127750	0.0045407073	-0.1746910700
-0.1847391600	-0.7299999600	0.0549930370	0.0043016654	-0.1634628300
-0.1767995500	-0.7299999600	0.0562422160	0.0042870298	-0.1559673500
-0.1763143800	-0.7299999600	0.0563116970	0.0042857428	-0.1557107100
-0.1672442400	-0.7299999600	0.0575261530	0.0037137433	-0.1387830200
-0.1604857400	-0.7299999600	0.0583052560	0.0042588084	-0.1352680500
-0.1604062500	-0.7299999600	0.0583139770	0.0042627854	-0.1353163000
-0.1543615500	-0.7299999600	0.0589302110	0.0039886330	-0.1297484000
-0.1465894700	-0.7299999600	0.0596188050	0.0038740578	-0.1301875400
-0.1457953800	-0.7299999600	0.0596857290	0.0038478107	-0.1287110400
-0.1437529200	-0.7299999600	0.0598266800	0.0039240373	-0.1273608500
-0.1324157600	-0.7299999600	0.0606240180	0.0040657886	-0.1112763300
-0.1232407900	-0.7299999600	0.0611114020	0.0037444946	-0.1110945100
-0.1228267500	-0.7299999600	0.0611344430	0.0037527258	-0.1106663000
-0.1180947900	-0.7299999600	0.0613276660	0.0038189158	-0.1097421300
-0.1141047000	-0.7299999600	0.0614911130	0.0038448364	-0.1076344500
-0.1130484100	-0.7299999600	0.0615255240	0.0038235801	-0.1071426700
-0.1038395400	-0.7299999600	0.0617958230	0.0036916102	-0.0984277800
-0.0971150620	-0.7299999600	0.0619172710	0.0036121488	-0.0833206030
-0.0907359270	-0.7299999600	0.0620087650	0.0036835405	-0.0793676300
-0.0832051710	-0.7299999600	0.0620294660	0.0039616343	-0.0824085920
-0.0780919270	-0.7299999600	0.0620553610	0.0038678354	-0.0814690520
-0.0768464580	-0.7299999600	0.0620570330	0.0038443964	-0.0816454140
-0.0712489860	-0.7299999600	0.0620125010	0.0038303169	-0.0740577880
-0.0663717760	-0.7299999600	0.0619725620	0.0035682857	-0.0660810020
-0.0619764920	-0.7299999600	0.0618919210	0.0035536139	-0.0646769330
-0.0532881130	-0.7299999600	0.0617372730	0.0032695769	-0.0606533070
-0.0469449870	-0.7299999600	0.0615643340	0.0032698419	-0.0660093430
-0.0399529380	-0.7299999600	0.0613576210	0.0036005037	-0.0621734040
-0.0340766910	-0.7299999600	0.0611494030	0.0036438138	-0.0507768990
-0.0267896520	-0.7299999600	0.0608566140	0.0036719520	-0.0491646570
-0.0213595480	-0.7299999600	0.0606196900	0.0037019903	-0.0454731580
-0.0121989970	-0.7299999600	0.0601564120	0.0033866138	-0.0417154430
-0.0073885908	-0.7299999600	0.0599169430	0.0031555035	-0.0394410450
0.0021478012	-0.7299999600	0.0593589020	0.0033157330	-0.0302963200
0.0068237870	-0.7299999600	0.0590752100	0.0033335216	-0.0281555300
0.0152866820	-0.7299999600	0.0585225670	0.0032452080	-0.0218525810
0.0259949840	-0.7299999600	0.0577639560	0.0033346827	-0.0186916780
0.0273911560	-0.7299999600	0.0576636230	0.0033409988	-0.0181182250
0.0325476080	-0.7299999600	0.0572606060	0.0032983614	-0.0156956130
0.0416345410	-0.7299999600	0.0565537620	0.0032248939	-0.0108846610
0.0476767870	-0.7299999600	0.0560341480	0.0031389058	-0.0090923645
0.0621226880	-0.7299999600	0.0547863880	0.0028995789	-0.0028261035
0.0739547910	-0.7299999600	0.0536751080	0.0029653487	0.0081078252
0.0763152610	-0.7299999600	0.0534541010	0.0029850600	0.0096634096
1 2 
2 3 
3 4 
4 5 
5 6 
6 7 
7 8 
8 9 
9 10 
10 11 
11 12 
12 13 
13 14 
14 15 
15 16 
16 17 
17 18 
18 19 
19 20 
20 21 
21 22 
22 23 
23 24 
24 25 
25 26 
26 27 
27 28 
28 29 
29 30 
30 31 
31 32 
32 33 
33 34 
34 35 
35 36 
36 37 
37 38 
38 39 
39 40 
40 41 
41 42 
42 43 
43 44 
44 45 
45 46 
46 47 
47 48 
48 49 
49 50 
50 51 
51 52 
52 53 
53 54 
54 55 
55 56 
56 57 
57 58 
58 59 
59 60 
60 61 
61 62 
62 63 
63 64 
64 65 
65 66 
66 67 
67 68 
68 69 
69 70 
70 71 
71 72 
72 73 
73 74 
74 75 
75 76 
76 77 
77 78 
78 79 
79 80 
80 81 
81 82 
82 83 
83 84 
84 85 
85 86 
86 87 
87 88 
88 89 
89 90 
90 91 
91 92 
92 93 
93 94 
94 95 
95 96 
96 97 
97 98 
98 99 
99 100 
100 101 
101 102 
102 103 
103 104 
104 105 
105 106 
106 107 
107 108 
108 109 
109 110 
110 111 
111 112 
112 113 
113 114 
114 115 
115 116 
116 117 
117 118 
118 119 
119 120 
120 121 
121 122 
122 123 
123 124 
124 125 
125 126 
126 127 
127 128 
128 129 
129 130 
130 131 
131 132 
132 133 
133 134 
134 135 
135 136 
136 137 
137 138 
138 139 
139 140 
140 141 
141 142 
142 143 
143 144 
144 145 
145 146 
146 147 
147 148 
148 149 
149 150 
150 151 
151 152 
152 153 
153 154 
154 155 
155 156 
156 157 
157 158 
158 159 
159 160 
160 161 
161 162 
162 163 
163 164 
164 165 
165 166 
166 167 
167 168 
168 169 
169 170 
170 171 
171 172 
172 173 
173 174 
174 175 
175 176 
176 177 
177 178 
178 179 
179 180 
180 181 
181 182 
182 183 
183 184 
184 185 
185 186 
186 187 
187 188 
188 189 
189 190 
190 191 
191 192 
192 193 
193 194 
194 195 
195 196 
196 197 
197 198 
198 199 
199 200 
200 201 
201 202 
202 203 
203 204 
204 205 
205 206 
206 207 
207 208 
208 209 
209 210 
210 211 
211 212 
212 213 
213 214 
214 215 
215 216 
216 217 
217 218 
218 219 
219 220 
220 221 
221 222 
222 223 
223 224 
224 225 
225 226 
226 227 
227 228 
228 229 
229 230 
230 231 
231 232 
232 233 
233 234 
234 235 
235 236 
236 237 
237 238 
238 239 
239 240 
240 241 
241 242 
242 243 
243 244 
244 245 
245 246 
246 247 
247 248 
248 249 
249 250 
250 251 
251 252 
252 253 
253 254 
254 255 
255 256 
256 257 
257 258 
258 259 
259 260 
260 261 
261 262 
262 263 
263 264 
264 265 
