TITLE     = "Surface mesh and solution"
VARIABLES = "x"
"y"
"z"
"cfx"
"Cp"
ZONE T="Slice: Y=-0.001"
STRANDID=0, SOLUTIONTIME=0
Nodes=405, Elements=404, ZONETYPE=FELineSeg
DATAPACKING=POINT
DT=(DOUBLE DOUBLE DOUBLE DOUBLE DOUBLE )
0.5138667800	-0.0009999500	-0.0150565640	0.0008915797	0.2360634200
0.5213446000	-0.0009999500	-0.0165373310	0.0008749396	0.2414085000
0.5287907100	-0.0009999500	-0.0180200410	0.0008516091	0.2467416700
0.5361785900	-0.0009999500	-0.0194992590	0.0008271982	0.2520345400
0.5434724100	-0.0009999500	-0.0209675790	0.0008106492	0.2572899800
0.5506414800	-0.0009999500	-0.0224184820	0.0007934461	0.2624740000
0.5576724400	-0.0009999500	-0.0238488560	0.0007816978	0.2675833400
0.5645709000	-0.0009999500	-0.0252594630	0.0007709014	0.2726567400
0.5713553400	-0.0009999500	-0.0266536960	0.0007480177	0.2776327400
0.5780492400	-0.0009999500	-0.0280361230	0.0007245362	0.2826000500
0.5846750100	-0.0009999500	-0.0294111560	0.0007119432	0.2875872300
0.5912478000	-0.0009999500	-0.0307817810	0.0006989442	0.2925542300
0.5977743300	-0.0009999500	-0.0321493150	0.0006794720	0.2975316000
0.6042514400	-0.0009999500	-0.0335129720	0.0006600001	0.3025072800
0.6106615100	-0.0009999500	-0.0348689220	0.0006397474	0.3074820300
0.6169644600	-0.0009999500	-0.0362084660	0.0006180658	0.3124234100
0.6231004600	-0.0009999500	-0.0375185350	0.0005944221	0.3172888800
0.6289970300	-0.0009999500	-0.0387831000	0.0005687678	0.3220311100
0.6345897900	-0.0009999500	-0.0399876500	0.0005416686	0.3266001000
0.6398374400	-0.0009999500	-0.0411224590	0.0005139860	0.3309554800
0.6447323600	-0.0009999500	-0.0421850010	0.0004866785	0.3351498200
0.6496231000	-0.0009999500	-0.0432505530	0.0004606432	0.3393040900
0.6543443800	-0.0009999500	-0.0442829210	0.0004363526	0.3434265600
0.6588783300	-0.0009999500	-0.0452778190	0.0004138764	0.3474575300
0.6631871500	-0.0009999500	-0.0462264870	0.0003930812	0.3513539700
0.6672428800	-0.0009999500	-0.0471222880	0.0003739031	0.3550716000
0.6710397000	-0.0009999500	-0.0479634260	0.0003563632	0.3585918800
0.6745934500	-0.0009999500	-0.0487529450	0.0003403042	0.3619195500
0.6779308300	-0.0009999500	-0.0494963640	0.0003254290	0.3650754400
0.6810805200	-0.0009999500	-0.0501997400	0.0003114928	0.3680817200
0.6840687400	-0.0009999500	-0.0508686490	0.0002984923	0.3709608600
0.6869190900	-0.0009999500	-0.0515081550	0.0002864265	0.3737265800
0.6896542300	-0.0009999500	-0.0521231440	0.0002748613	0.3764158800
0.6922959100	-0.0009999500	-0.0527183750	0.0002616884	0.3790411400
0.6948622500	-0.0009999500	-0.0532978140	0.0002472176	0.3815854200
0.6973693400	-0.0009999500	-0.0538650120	0.0002350651	0.3840843400
0.6998299400	-0.0009999500	-0.0544227770	0.0002250899	0.3865967400
0.7022518500	-0.0009999500	-0.0549728420	0.0002138333	0.3890899400
0.7046393800	-0.0009999500	-0.0555161350	0.0002008233	0.3915442800
0.7069937600	-0.0009999500	-0.0560529050	0.0001879471	0.3939941800
0.7093149400	-0.0009999500	-0.0565830840	0.0001756186	0.3964290900
0.7116029300	-0.0009999500	-0.0571066510	0.0001633366	0.3988509800
0.7138583100	-0.0009999500	-0.0576237100	0.0001502624	0.4012715500
0.7160817400	-0.0009999500	-0.0581343510	0.0001372522	0.4036394100
0.7182725100	-0.0009999500	-0.0586383980	0.0001257178	0.4059987700
0.7204281100	-0.0009999500	-0.0591352280	0.0001146460	0.4083626300
0.7225432400	-0.0009999500	-0.0596235730	0.0001031448	0.4106712900
0.7246086600	-0.0009999500	-0.0601012480	0.0000914633	0.4129371600
0.7266091700	-0.0009999500	-0.0605647010	0.0000797788	0.4151740400
0.7285449500	-0.0009999500	-0.0610138550	0.0000689119	0.4173093100
0.7303956700	-0.0009999500	-0.0614439510	0.0000580838	0.4193110500
0.7321432200	-0.0009999500	-0.0618506710	0.0000474365	0.4213491400
0.7337727000	-0.0009999500	-0.0622304490	0.0000383125	0.4232545800
0.7352694900	-0.0009999500	-0.0625797580	0.0000288616	0.4249202000
0.7366251900	-0.0009999500	-0.0628965050	0.0000205453	0.4264935300
0.7378419600	-0.0009999500	-0.0631811100	0.0000102901	0.4279093400
0.7388737200	-0.0009999500	-0.0634226580	0.0000150491	0.4291699800
0.7393500200	-0.0009999500	-0.0635342670	0.0000079876	0.4297011500
0.7399196000	-0.0009999500	-0.0636677150	0.0000016628	0.4303363000
0.7407598500	-0.0009999500	-0.0638647530	-0.0000023234	0.4313116700
0.7415375100	-0.0009999500	-0.0640472170	-0.0000060725	0.4321463100
0.7421944700	-0.0009999500	-0.0642014670	-0.0000092050	0.4329357100
0.7427788400	-0.0009999500	-0.0643387290	-0.0000070248	0.4335894300
0.7433266600	-0.0009999500	-0.0644674820	-0.0000069171	0.4341544800
0.7438408100	-0.0009999500	-0.0645883830	-0.0000105616	0.4346329900
0.7438907600	-0.0009999500	-0.0646001250	-0.0000108422	0.4346896100
0.7443205700	-0.0009999500	-0.0647012290	-0.0000141469	0.4351593000
0.7445324100	-0.0009999500	-0.0647510740	-0.0000133135	0.4353765000
0.7449595900	-0.0009999500	-0.0648516340	-0.0000102502	0.4358693400
0.7455822800	-0.0009999500	-0.0649982840	-0.0000044750	0.4364223500
0.7456396200	-0.0009999500	-0.0650117840	-0.0000049382	0.4364731600
0.7458130700	-0.0009999500	-0.0650526430	0.0000031200	0.4366754000
0.7460951800	-0.0009999500	-0.0651191170	0.0000140287	0.4369990800
0.7464378500	-0.0009999500	-0.0651998590	0.0000619769	0.4373336700
0.7467177500	-0.0009999500	-0.0652658420	0.0001735409	0.4373677100
0.7469513400	-0.0009999500	-0.0653209090	0.0004001300	0.4358660900
0.7471460100	-0.0009999500	-0.0653668050	0.0006151585	0.4348203800
0.7469463300	-0.0009999500	-0.0653782040	0.0005188614	0.4356993100
0.7467067200	-0.0009999500	-0.0653918760	0.0002901885	0.4361977600
0.7464187100	-0.0009999500	-0.0654082970	0.0002209976	0.4360218600
0.7460444600	-0.0009999500	-0.0654296200	0.0002150758	0.4355683600
0.7457779600	-0.0009999500	-0.0654447820	0.0002234852	0.4351823900
0.7455345400	-0.0009999500	-0.0654586400	0.0002300820	0.4348193400
0.7454809500	-0.0009999500	-0.0654616880	0.0002319836	0.4347422400
0.7448865800	-0.0009999500	-0.0654954460	0.0002332977	0.4337855900
0.7446649700	-0.0009999500	-0.0655080150	0.0002337801	0.4334013200
0.7442039300	-0.0009999500	-0.0655341300	0.0002401394	0.4326279500
0.7438017700	-0.0009999500	-0.0655568760	0.0002480547	0.4320596200
0.7436482300	-0.0009999500	-0.0655655490	0.0002504691	0.4317990200
0.7433102700	-0.0009999500	-0.0655846300	0.0002423251	0.4311914700
0.7427687600	-0.0009999500	-0.0656151550	0.0002500266	0.4302841100
0.7421698600	-0.0009999500	-0.0656488610	0.0002529961	0.4292574800
0.7414947700	-0.0009999500	-0.0656867620	0.0002597996	0.4280712300
0.7407319500	-0.0009999500	-0.0657294910	0.0002684437	0.4267847200
0.7398662000	-0.0009999500	-0.0657778750	0.0002900640	0.4254298200
0.7389146100	-0.0009999500	-0.0658308940	0.0003043346	0.4238916600
0.7384635800	-0.0009999500	-0.0658559350	0.0003133458	0.4231943500
0.7377156000	-0.0009999500	-0.0658974720	0.0003289006	0.4220509800
0.7365900300	-0.0009999500	-0.0659597440	0.0003203582	0.4201746000
0.7352385500	-0.0009999500	-0.0660342050	0.0003365834	0.4181866300
0.7337603000	-0.0009999500	-0.0661152750	0.0003472292	0.4159323900
0.7321630700	-0.0009999500	-0.0662024240	0.0003624122	0.4136685400
0.7304588600	-0.0009999500	-0.0662949010	0.0003801479	0.4112966400
0.7286621300	-0.0009999500	-0.0663918480	0.0003951246	0.4088336200
0.7267869100	-0.0009999500	-0.0664924160	0.0004092884	0.4063817300
0.7248442200	-0.0009999500	-0.0665959490	0.0004271765	0.4039147500
0.7228341100	-0.0009999500	-0.0667023810	0.0004440964	0.4014148400
0.7207637400	-0.0009999500	-0.0668112640	0.0004567976	0.3988971400
0.7186388400	-0.0009999500	-0.0669222330	0.0004682216	0.3963762500
0.7164642200	-0.0009999500	-0.0670349820	0.0004837062	0.3939035500
0.7142432900	-0.0009999500	-0.0671492960	0.0005021406	0.3914296300
0.7119781400	-0.0009999500	-0.0672650040	0.0005178288	0.3889439700
0.7096702500	-0.0009999500	-0.0673819930	0.0005310419	0.3864852500
0.7073212300	-0.0009999500	-0.0675001370	0.0005446293	0.3840379400
0.7049337600	-0.0009999500	-0.0676192420	0.0005583888	0.3816312000
0.7025105400	-0.0009999500	-0.0677391510	0.0005713372	0.3792365200
0.7000528600	-0.0009999500	-0.0678597540	0.0005806971	0.3768410700
0.6975610300	-0.0009999500	-0.0679809900	0.0005881318	0.3744841800
0.6950340900	-0.0009999500	-0.0681028890	0.0006009443	0.3721805200
0.6924691200	-0.0009999500	-0.0682255250	0.0006177075	0.3698824300
0.6898594500	-0.0009999500	-0.0683491830	0.0006306496	0.3675615200
0.6871926200	-0.0009999500	-0.0684743900	0.0006401323	0.3652384300
0.6844478800	-0.0009999500	-0.0686020400	0.0006501020	0.3629029400
0.6815945500	-0.0009999500	-0.0687334310	0.0006610004	0.3605400300
0.6785980500	-0.0009999500	-0.0688699930	0.0006726807	0.3581026200
0.6754218900	-0.0009999500	-0.0690131630	0.0006852477	0.3555734800
0.6720267500	-0.0009999500	-0.0691644030	0.0006989956	0.3529285200
0.6683671500	-0.0009999500	-0.0693253650	0.0007145404	0.3501406300
0.6643803700	-0.0009999500	-0.0694982930	0.0007326976	0.3471753600
0.6599674200	-0.0009999500	-0.0696867780	0.0007545958	0.3439859700
0.6549822100	-0.0009999500	-0.0698960420	0.0007818281	0.3405127200
0.6492052100	-0.0009999500	-0.0701336940	0.0008152131	0.3366153800
0.6422627600	-0.0009999500	-0.0704124790	0.0008534211	0.3323454600
0.6352654100	-0.0009999500	-0.0706860200	0.0008937948	0.3280802400
0.6284862200	-0.0009999500	-0.0709439520	0.0009334249	0.3240532900
0.6218742700	-0.0009999500	-0.0711888890	0.0009698580	0.3202438700
0.6153745700	-0.0009999500	-0.0714233220	0.0010018236	0.3165984200
0.6089287400	-0.0009999500	-0.0716496410	0.0010292734	0.3130811800
0.6024917400	-0.0009999500	-0.0718695740	0.0010528938	0.3096545900
0.5960293400	-0.0009999500	-0.0720843000	0.0010737499	0.3062936700
0.5895202800	-0.0009999500	-0.0722944590	0.0010931342	0.3029897500
0.5829501700	-0.0009999500	-0.0725004080	0.0011123940	0.2997342600
0.5763068200	-0.0009999500	-0.0727023710	0.0011217964	0.2964844100
0.5695772800	-0.0009999500	-0.0729005410	0.0011319970	0.2932998800
0.5627446800	-0.0009999500	-0.0730951730	0.0011590854	0.2901373200
0.5557922700	-0.0009999500	-0.0732864510	0.0011830157	0.2869611100
0.5487078400	-0.0009999500	-0.0734743700	0.0011987864	0.2838260800
0.5414887700	-0.0009999500	-0.0736586000	0.0012057619	0.2806602100
0.5341487500	-0.0009999500	-0.0738384430	0.0012145658	0.2775565400
0.5267151600	-0.0009999500	-0.0740129050	0.0012421523	0.2744805500
0.5192170100	-0.0009999500	-0.0741810580	0.0012675938	0.2713900200
0.5116720800	-0.0009999500	-0.0743423400	0.0012841465	0.2683764100
0.5040807100	-0.0009999500	-0.0744965970	0.0013013947	0.2654081600
0.4964275700	-0.0009999500	-0.0746439470	0.0013209674	0.2624905700
0.4886894500	-0.0009999500	-0.0747845920	0.0013290319	0.2595811200
0.4808457500	-0.0009999500	-0.0749185680	0.0013275533	0.2567188400
0.4728908200	-0.0009999500	-0.0750455780	0.0013466939	0.2539416300
0.4648405900	-0.0009999500	-0.0751649890	0.0013813940	0.2511098700
0.4567296200	-0.0009999500	-0.0752759580	0.0014061695	0.2482511700
0.4486037800	-0.0009999500	-0.0753776730	0.0014238571	0.2454952600
0.4405099700	-0.0009999500	-0.0754695090	0.0014300896	0.2427616000
0.4324779500	-0.0009999500	-0.0755512040	0.0014380541	0.2401617500
0.4245114900	-0.0009999500	-0.0756228790	0.0014544213	0.2375997800
0.4165967400	-0.0009999500	-0.0756847630	0.0014687912	0.2350602700
0.4087123000	-0.0009999500	-0.0757370740	0.0014965580	0.2326319200
0.4008385500	-0.0009999500	-0.0757799070	0.0015217551	0.2302133600
0.3929646300	-0.0009999500	-0.0758132340	0.0015364269	0.2278897200
0.3850894600	-0.0009999500	-0.0758369270	0.0015522378	0.2256263600
0.3772146100	-0.0009999500	-0.0758508590	0.0015684270	0.2234169800
0.3693341900	-0.0009999500	-0.0758548900	0.0015847868	0.2212616800
0.3614305900	-0.0009999500	-0.0758488180	0.0016009833	0.2191641900
0.3534763800	-0.0009999500	-0.0758323370	0.0016176700	0.2171078500
0.3454417600	-0.0009999500	-0.0758049410	0.0016224148	0.2150286100
0.3373050100	-0.0009999500	-0.0757659970	0.0016265421	0.2130436200
0.3290645500	-0.0009999500	-0.0757148710	0.0016550521	0.2111343000
0.3207419500	-0.0009999500	-0.0756510650	0.0016814011	0.2091826200
0.3123768000	-0.0009999500	-0.0755743610	0.0016955160	0.2073175900
0.3040194500	-0.0009999500	-0.0754848870	0.0016976343	0.2054997400
0.2957090400	-0.0009999500	-0.0753829260	0.0017011726	0.2038226300
0.2874583000	-0.0009999500	-0.0752686040	0.0017299662	0.2022346600
0.2792537800	-0.0009999500	-0.0751416830	0.0017551201	0.2006422700
0.2710678000	-0.0009999500	-0.0750016050	0.0017683572	0.1991717500
0.2628790700	-0.0009999500	-0.0748477500	0.0017841675	0.1978088300
0.2546856100	-0.0009999500	-0.0746797170	0.0017849929	0.1964229600
0.2465146200	-0.0009999500	-0.0744977740	0.0017855999	0.1951738700
0.2384106200	-0.0009999500	-0.0743028070	0.0018153018	0.1940946100
0.2304104000	-0.0009999500	-0.0740958230	0.0018271387	0.1928937400
0.2225281700	-0.0009999500	-0.0738774170	0.0018253201	0.1919734800
0.2147432400	-0.0009999500	-0.0736472610	0.0018346535	0.1910507800
0.2070556000	-0.0009999500	-0.0734055410	0.0018304538	0.1901084500
0.1993801400	-0.0009999500	-0.0731495470	0.0018416719	0.1894860000
0.1916299300	-0.0009999500	-0.0728757900	0.0018758961	0.1887901300
0.1837428800	-0.0009999500	-0.0725810530	0.0018962958	0.1881260100
0.1756954000	-0.0009999500	-0.0722630840	0.0019044193	0.1875830300
0.1674965300	-0.0009999500	-0.0719207450	0.0019153055	0.1871603000
0.1591712200	-0.0009999500	-0.0715535660	0.0019280140	0.1868137000
0.1507507300	-0.0009999500	-0.0711615530	0.0019269497	0.1864674500
0.1422631000	-0.0009999500	-0.0707447900	0.0019295862	0.1864928800
0.1337314700	-0.0009999500	-0.0703033060	0.0019625851	0.1866262700
0.1251854700	-0.0009999500	-0.0698376670	0.0019765241	0.1867190500
0.1166624900	-0.0009999500	-0.0693492000	0.0019642313	0.1870218400
0.1082074700	-0.0009999500	-0.0688401240	0.0019832107	0.1874856500
0.0998676490	-0.0009999500	-0.0683132630	0.0020261366	0.1880326300
0.0916786420	-0.0009999500	-0.0677712490	0.0020533317	0.1886564200
0.0836630390	-0.0009999500	-0.0672162700	0.0020685707	0.1894316400
0.0758288650	-0.0009999500	-0.0666497350	0.0020862993	0.1902995100
0.0681683270	-0.0009999500	-0.0660719280	0.0021058486	0.1913138000
0.0606634210	-0.0009999500	-0.0654822740	0.0021269066	0.1924516900
0.0532937570	-0.0009999500	-0.0648798350	0.0021300529	0.1936182500
0.0460443680	-0.0009999500	-0.0642638580	0.0021326487	0.1949539600
0.0389131460	-0.0009999500	-0.0636345600	0.0021691784	0.1964654200
0.0319123790	-0.0009999500	-0.0629935260	0.0022034273	0.1979117200
0.0250616280	-0.0009999500	-0.0623432360	0.0022219507	0.1994914600
0.0183798130	-0.0009999500	-0.0616863780	0.0022440042	0.2012871400
0.0118826610	-0.0009999500	-0.0610255560	0.0022472511	0.2030645000
0.0055768774	-0.0009999500	-0.0603626930	0.0022508221	0.2050485900
-0.0005443011	-0.0009999500	-0.0596983660	0.0022916757	0.2070750000
-0.0064988718	-0.0009999500	-0.0590318030	0.0023103419	0.2089301300
-0.0123192000	-0.0009999500	-0.0583602790	0.0023104169	0.2112173100
-0.0180419440	-0.0009999500	-0.0576801370	0.0023493535	0.2135705400
-0.0236947200	-0.0009999500	-0.0569883920	0.0023652991	0.2156763200
-0.0292967090	-0.0009999500	-0.0562827550	0.0023682917	0.2181723100
-0.0348538830	-0.0009999500	-0.0555623700	0.0024123431	0.2209502800
-0.0403589790	-0.0009999500	-0.0548280250	0.0024489120	0.2235990800
-0.0457982230	-0.0009999500	-0.0540815670	0.0024683540	0.2263541700
-0.0511575150	-0.0009999500	-0.0533251240	0.0024910770	0.2293483300
-0.0564287340	-0.0009999500	-0.0525601990	0.0025147022	0.2324769600
-0.0616159480	-0.0009999500	-0.0517865080	0.0025388065	0.2357604200
-0.0667349770	-0.0009999500	-0.0510018880	0.0025373091	0.2389275600
-0.0718055670	-0.0009999500	-0.0502033200	0.0025396784	0.2424325600
-0.0768452360	-0.0009999500	-0.0493878570	0.0025831090	0.2464558200
-0.0818668530	-0.0009999500	-0.0485530050	0.0026176367	0.2501558400
-0.0868795890	-0.0009999500	-0.0476965460	0.0026139692	0.2538390500
-0.0918912370	-0.0009999500	-0.0468163160	0.0026153697	0.2584040500
-0.0969100590	-0.0009999500	-0.0459099000	0.0026527928	0.2630479900
-0.1019455100	-0.0009999500	-0.0449744800	0.0026888721	0.2676426500
-0.1070088300	-0.0009999500	-0.0440065260	0.0027076014	0.2728282800
-0.1121149400	-0.0009999500	-0.0430012940	0.0027239955	0.2783650200
-0.1172852800	-0.0009999500	-0.0419522640	0.0027401660	0.2843633000
-0.1225502900	-0.0009999500	-0.0408503340	0.0027557024	0.2908885800
-0.1279503600	-0.0009999500	-0.0396830700	0.0027436858	0.2978712900
-0.1335367600	-0.0009999500	-0.0384336450	0.0027352000	0.3059474500
-0.1393646400	-0.0009999500	-0.0370820050	0.0027721234	0.3151700800
-0.1455147600	-0.0009999500	-0.0355989000	0.0028002211	0.3252222500
-0.1517265700	-0.0009999500	-0.0340372770	0.0028002027	0.3363253500
-0.1574147200	-0.0009999500	-0.0325465350	0.0027933759	0.3476698100
-0.1626929300	-0.0009999500	-0.0311073200	0.0027908304	0.3591792000
-0.1676515000	-0.0009999500	-0.0297024190	0.0027900937	0.3711941800
-0.1723669500	-0.0009999500	-0.0283147510	0.0027532044	0.3834610900
-0.1769004000	-0.0009999500	-0.0269293490	0.0027157820	0.3965134600
-0.1812997200	-0.0009999500	-0.0255331940	0.0027246059	0.4102993900
-0.1856008200	-0.0009999500	-0.0241144060	0.0027219646	0.4249524200
-0.1898269200	-0.0009999500	-0.0226634290	0.0026877179	0.4407832900
-0.1939939600	-0.0009999500	-0.0211723800	0.0026513930	0.4578883900
-0.1981106700	-0.0009999500	-0.0196347780	0.0026118578	0.4767157400
-0.2021741300	-0.0009999500	-0.0180463010	0.0025310309	0.4972157500
-0.2061695200	-0.0009999500	-0.0164074380	0.0024429457	0.5195987200
-0.2100702100	-0.0009999500	-0.0147250320	0.0023945791	0.5438628200
-0.2138443400	-0.0009999500	-0.0130080130	0.0023300271	0.5702611800
-0.2174613300	-0.0009999500	-0.0112667230	0.0022350451	0.5988118600
-0.2208973600	-0.0009999500	-0.0095126294	0.0021422110	0.6293622300
-0.2241374700	-0.0009999500	-0.0077531706	0.0020272554	0.6620614500
-0.2271789800	-0.0009999500	-0.0059889141	0.0019104924	0.6967648900
-0.2300332300	-0.0009999500	-0.0042149071	0.0018355782	0.7332060300
-0.2327084500	-0.0009999500	-0.0024254001	0.0017555353	0.7715122700
-0.2352057400	-0.0009999500	-0.0006138800	0.0016185111	0.8107596000
-0.2375221000	-0.0009999500	0.0012201592	0.0014100319	0.8500717300
-0.2396056800	-0.0009999500	0.0030328815	0.0011884021	0.8882364000
-0.2416306000	-0.0009999500	0.0050000739	0.0009547060	0.9254812600
-0.2432895700	-0.0009999500	0.0068226838	0.0006790546	0.9573351700
-0.2447747700	-0.0009999500	0.0086880270	0.0003574205	0.9796060300
-0.2460268000	-0.0009999500	0.0105304890	0.0000224245	0.9887890800
-0.2470641700	-0.0009999500	0.0123720290	-0.0003447855	0.9816244800
-0.2478788300	-0.0009999500	0.0141851600	-0.0005960123	0.9549186800
-0.2484661900	-0.0009999500	0.0159177580	-0.0005853304	0.9082406800
-0.2488259200	-0.0009999500	0.0174389200	-0.0004874194	0.8459363600
-0.2490280700	-0.0009999500	0.0188524310	-0.0004114320	0.7798703900
-0.2491065700	-0.0009999500	0.0203516240	-0.0002034638	0.6997538800
-0.2490486800	-0.0009999500	0.0217889360	0.0003546443	0.5930532200
-0.2488582000	-0.0009999500	0.0232026630	0.0011681746	0.4740485000
-0.2485141200	-0.0009999500	0.0246908530	0.0019130418	0.3669261300
-0.2480721900	-0.0009999500	0.0260359910	0.0023889469	0.2628342800
-0.2474783700	-0.0009999500	0.0274199230	0.0030652156	0.1565712700
-0.2466297000	-0.0009999500	0.0289862830	0.0040219580	0.0427620970
-0.2455425100	-0.0009999500	0.0306083040	0.0049535894	-0.0604730100
-0.2442345200	-0.0009999500	0.0322215150	0.0056342159	-0.1504199700
-0.2427340000	-0.0009999500	0.0337863270	0.0059646385	-0.2233659000
-0.2410058700	-0.0009999500	0.0353393850	0.0061018199	-0.2785682400
-0.2391185300	-0.0009999500	0.0368229640	0.0061393158	-0.3303131200
-0.2368168500	-0.0009999500	0.0384118220	0.0062474088	-0.3649790600
-0.2344425200	-0.0009999500	0.0398618540	0.0061977958	-0.3870126900
-0.2318887600	-0.0009999500	0.0412610580	0.0063067119	-0.4062151600
-0.2291631800	-0.0009999500	0.0426063500	0.0062032273	-0.4176254900
-0.2262695700	-0.0009999500	0.0438997630	0.0060196918	-0.4260067300
-0.2232056400	-0.0009999500	0.0451476980	0.0059985310	-0.4312394000
-0.2199628700	-0.0009999500	0.0463531870	0.0059922251	-0.4332677100
-0.2165327100	-0.0009999500	0.0475188790	0.0058976129	-0.4337114700
-0.2129181200	-0.0009999500	0.0486453730	0.0057972140	-0.4318568100
-0.2091376500	-0.0009999500	0.0497267320	0.0056987264	-0.4287329600
-0.2052149800	-0.0009999500	0.0507568230	0.0055379683	-0.4247133400
-0.2011736500	-0.0009999500	0.0517331320	0.0053665204	-0.4202476700
-0.1970299600	-0.0009999500	0.0526552650	0.0052992279	-0.4153011100
-0.1927880300	-0.0009999500	0.0535246060	0.0052381753	-0.4092681100
-0.1884418600	-0.0009999500	0.0543451680	0.0051187820	-0.4036549300
-0.1839850200	-0.0009999500	0.0551206730	0.0050087871	-0.3974362300
-0.1794187000	-0.0009999500	0.0558517240	0.0049124725	-0.3912137200
-0.1747530400	-0.0009999500	0.0565378180	0.0047759439	-0.3851553200
-0.1699976500	-0.0009999500	0.0571794730	0.0046364423	-0.3791587700
-0.1651469500	-0.0009999500	0.0577787610	0.0045828726	-0.3730269100
-0.1601671900	-0.0009999500	0.0583399270	0.0045310609	-0.3664185100
-0.1549900800	-0.0009999500	0.0588695150	0.0044406972	-0.3600133400
-0.1495157200	-0.0009999500	0.0593743850	0.0043308516	-0.3536573600
-0.1436138300	-0.0009999500	0.0598593280	0.0042134188	-0.3462324400
-0.1371261200	-0.0009999500	0.0603261960	0.0041492169	-0.3383440100
-0.1306419400	-0.0009999500	0.0607286730	0.0040879403	-0.3313693400
-0.1246485300	-0.0009999500	0.0610473300	0.0040057965	-0.3247476500
-0.1190091800	-0.0009999500	0.0613029860	0.0039395348	-0.3186312000
-0.1136327500	-0.0009999500	0.0615090500	0.0038533714	-0.3127133500
-0.1084415200	-0.0009999500	0.0616749150	0.0037637803	-0.3075303700
-0.1033697300	-0.0009999500	0.0618068460	0.0037431999	-0.3022494900
-0.0983614100	-0.0009999500	0.0619090830	0.0037310496	-0.2967887200
-0.0933688430	-0.0009999500	0.0619844090	0.0036521472	-0.2918099200
-0.0883518760	-0.0009999500	0.0620344650	0.0035640427	-0.2868503900
-0.0832793270	-0.0009999500	0.0620598900	0.0035424129	-0.2817332100
-0.0781319440	-0.0009999500	0.0620606690	0.0035328416	-0.2764043500
-0.0729046990	-0.0009999500	0.0620365810	0.0034898161	-0.2710819200
-0.0676052640	-0.0009999500	0.0619875120	0.0034198785	-0.2656526900
-0.0622484090	-0.0009999500	0.0619136060	0.0033401730	-0.2604243500
-0.0568481760	-0.0009999500	0.0618151390	0.0033205733	-0.2551063000
-0.0514096580	-0.0009999500	0.0616924350	0.0033072460	-0.2496146700
-0.0459222090	-0.0009999500	0.0615454730	0.0032589955	-0.2442308200
-0.0403647610	-0.0009999500	0.0613737400	0.0032117859	-0.2387936000
-0.0347194560	-0.0009999500	0.0611764380	0.0031654778	-0.2332768400
-0.0289793410	-0.0009999500	0.0609528940	0.0031195156	-0.2276857500
-0.0231539720	-0.0009999500	0.0607031140	0.0030738133	-0.2220298600
-0.0172656230	-0.0009999500	0.0604279150	0.0030300385	-0.2162891200
-0.0113368320	-0.0009999500	0.0601284800	0.0029861257	-0.2105353300
-0.0053852657	-0.0009999500	0.0598059860	0.0029420863	-0.2047980000
0.0005828097	-0.0009999500	0.0594611690	0.0028976124	-0.1990391600
0.0065768580	-0.0009999500	0.0590938780	0.0028534908	-0.1932350700
0.0126244900	-0.0009999500	0.0587026480	0.0028119269	-0.1874163700
0.0187638140	-0.0009999500	0.0582848530	0.0027728652	-0.1814591900
0.0250394940	-0.0009999500	0.0578368600	0.0027158339	-0.1753861900
0.0314950050	-0.0009999500	0.0573545840	0.0026435926	-0.1691825100
0.0381594190	-0.0009999500	0.0568345450	0.0025967732	-0.1627309600
0.0450435910	-0.0009999500	0.0562744330	0.0025713166	-0.1561535400
0.0521351580	-0.0009999500	0.0556737590	0.0025478313	-0.1493235700
0.0594029720	-0.0009999500	0.0550339330	0.0025112518	-0.1423612200
0.0668035520	-0.0009999500	0.0543579940	0.0024630935	-0.1353293200
0.0742927640	-0.0009999500	0.0536496340	0.0024182825	-0.1282022700
0.0818375570	-0.0009999500	0.0529119820	0.0023579383	-0.1209980400
0.0894232690	-0.0009999500	0.0521467100	0.0022932426	-0.1138368300
0.0970548610	-0.0009999500	0.0513536300	0.0022684394	-0.1065964300
0.1047507200	-0.0009999500	0.0505310260	0.0022317974	-0.0992389770
0.1125318200	-0.0009999500	0.0496766270	0.0021705531	-0.0920243560
0.1204122300	-0.0009999500	0.0487887450	0.0021444954	-0.0846270250
0.1283959300	-0.0009999500	0.0478667320	0.0021200258	-0.0771090390
0.1364791100	-0.0009999500	0.0469108450	0.0020798388	-0.0696080700
0.1446531100	-0.0009999500	0.0459219370	0.0020269716	-0.0619419180
0.1529063100	-0.0009999500	0.0449013670	0.0019727821	-0.0542913380
0.1612245600	-0.0009999500	0.0438509660	0.0019503934	-0.0466169160
0.1695874800	-0.0009999500	0.0427734930	0.0019283866	-0.0389074870
0.1779670400	-0.0009999500	0.0416729150	0.0018905802	-0.0312910080
0.1863363400	-0.0009999500	0.0405533280	0.0018555364	-0.0236762670
0.1946768900	-0.0009999500	0.0394179190	0.0018216974	-0.0161270440
0.2029816400	-0.0009999500	0.0382683910	0.0017885141	-0.0086726388
0.2112532400	-0.0009999500	0.0371050980	0.0017568428	-0.0012771146
0.2194973700	-0.0009999500	0.0359279360	0.0017268144	0.0060394784
0.2277164500	-0.0009999500	0.0347371810	0.0016978829	0.0132534820
0.2359064800	-0.0009999500	0.0335340020	0.0016703865	0.0203906730
0.2440675500	-0.0009999500	0.0323189610	0.0016323387	0.0274918900
0.2521899000	-0.0009999500	0.0310941100	0.0015940120	0.0344508810
0.2602674700	-0.0009999500	0.0298609710	0.0015812250	0.0413471830
0.2683017800	-0.0009999500	0.0286198840	0.0015709179	0.0482389820
0.2763012600	-0.0009999500	0.0273700930	0.0015377043	0.0550359040
0.2842785400	-0.0009999500	0.0261100880	0.0015029363	0.0617410020
0.2922448200	-0.0009999500	0.0248384810	0.0014926738	0.0684045780
0.3002064500	-0.0009999500	0.0235545670	0.0014719609	0.0750464720
0.3081671300	-0.0009999500	0.0222580360	0.0014349329	0.0815756840
0.3161326600	-0.0009999500	0.0209481980	0.0014212041	0.0880633440
0.3241167700	-0.0009999500	0.0196229830	0.0014091707	0.0945405740
0.3321402100	-0.0009999500	0.0182790440	0.0013755180	0.1009854900
0.3402227800	-0.0009999500	0.0169130730	0.0013404676	0.1074091300
0.3483744600	-0.0009999500	0.0155233280	0.0013266752	0.1138343400
0.3565852000	-0.0009999500	0.0141114390	0.0013049457	0.1202766200
0.3648264700	-0.0009999500	0.0126823350	0.0012695984	0.1266731200
0.3730633000	-0.0009999500	0.0112422090	0.0012458020	0.1330369100
0.3812642700	-0.0009999500	0.0097968411	0.0012214748	0.1393083300
0.3894124300	-0.0009999500	0.0083495667	0.0012050257	0.1454798300
0.3975068600	-0.0009999500	0.0069009322	0.0011899239	0.1515873700
0.4055533700	-0.0009999500	0.0054502450	0.0011656372	0.1576055300
0.4135571400	-0.0009999500	0.0039968849	0.0011427489	0.1635560700
0.4215185300	-0.0009999500	0.0025410696	0.0011204633	0.1694374800
0.4294347800	-0.0009999500	0.0010835761	0.0010990591	0.1752688400
0.4373039000	-0.0009999500	-0.0003749419	0.0010786034	0.1810357300
0.4451272800	-0.0009999500	-0.0018344951	0.0010596689	0.1867337700
0.4529101600	-0.0009999500	-0.0032958230	0.0010340591	0.1923834700
0.4606580400	-0.0009999500	-0.0047597541	0.0010071117	0.1979913100
0.4683730300	-0.0009999500	-0.0062264968	0.0009953127	0.2035520700
0.4760527300	-0.0009999500	-0.0076954309	0.0009835875	0.2090699700
0.4836924400	-0.0009999500	-0.0091654882	0.0009638671	0.2145298900
0.4912891700	-0.0009999500	-0.0106359040	0.0009453302	0.2199467600
0.4988451000	-0.0009999500	-0.0121069290	0.0009269175	0.2253382700
0.5063679200	-0.0009999500	-0.0135799260	0.0009088570	0.2307045900
0.5138667800	-0.0009999500	-0.0150565640	0.0008915797	0.2360634200
1 2 
2 3 
3 4 
4 5 
5 6 
6 7 
7 8 
8 9 
9 10 
10 11 
11 12 
12 13 
13 14 
14 15 
15 16 
16 17 
17 18 
18 19 
19 20 
20 21 
21 22 
22 23 
23 24 
24 25 
25 26 
26 27 
27 28 
28 29 
29 30 
30 31 
31 32 
32 33 
33 34 
34 35 
35 36 
36 37 
37 38 
38 39 
39 40 
40 41 
41 42 
42 43 
43 44 
44 45 
45 46 
46 47 
47 48 
48 49 
49 50 
50 51 
51 52 
52 53 
53 54 
54 55 
55 56 
56 57 
57 58 
58 59 
59 60 
60 61 
61 62 
62 63 
63 64 
64 65 
65 66 
66 67 
67 68 
68 69 
69 70 
70 71 
71 72 
72 73 
73 74 
74 75 
75 76 
76 77 
77 78 
78 79 
79 80 
80 81 
81 82 
82 83 
83 84 
84 85 
85 86 
86 87 
87 88 
88 89 
89 90 
90 91 
91 92 
92 93 
93 94 
94 95 
95 96 
96 97 
97 98 
98 99 
99 100 
100 101 
101 102 
102 103 
103 104 
104 105 
105 106 
106 107 
107 108 
108 109 
109 110 
110 111 
111 112 
112 113 
113 114 
114 115 
115 116 
116 117 
117 118 
118 119 
119 120 
120 121 
121 122 
122 123 
123 124 
124 125 
125 126 
126 127 
127 128 
128 129 
129 130 
130 131 
131 132 
132 133 
133 134 
134 135 
135 136 
136 137 
137 138 
138 139 
139 140 
140 141 
141 142 
142 143 
143 144 
144 145 
145 146 
146 147 
147 148 
148 149 
149 150 
150 151 
151 152 
152 153 
153 154 
154 155 
155 156 
156 157 
157 158 
158 159 
159 160 
160 161 
161 162 
162 163 
163 164 
164 165 
165 166 
166 167 
167 168 
168 169 
169 170 
170 171 
171 172 
172 173 
173 174 
174 175 
175 176 
176 177 
177 178 
178 179 
179 180 
180 181 
181 182 
182 183 
183 184 
184 185 
185 186 
186 187 
187 188 
188 189 
189 190 
190 191 
191 192 
192 193 
193 194 
194 195 
195 196 
196 197 
197 198 
198 199 
199 200 
200 201 
201 202 
202 203 
203 204 
204 205 
205 206 
206 207 
207 208 
208 209 
209 210 
210 211 
211 212 
212 213 
213 214 
214 215 
215 216 
216 217 
217 218 
218 219 
219 220 
220 221 
221 222 
222 223 
223 224 
224 225 
225 226 
226 227 
227 228 
228 229 
229 230 
230 231 
231 232 
232 233 
233 234 
234 235 
235 236 
236 237 
237 238 
238 239 
239 240 
240 241 
241 242 
242 243 
243 244 
244 245 
245 246 
246 247 
247 248 
248 249 
249 250 
250 251 
251 252 
252 253 
253 254 
254 255 
255 256 
256 257 
257 258 
258 259 
259 260 
260 261 
261 262 
262 263 
263 264 
264 265 
265 266 
266 267 
267 268 
268 269 
269 270 
270 271 
271 272 
272 273 
273 274 
274 275 
275 276 
276 277 
277 278 
278 279 
279 280 
280 281 
281 282 
282 283 
283 284 
284 285 
285 286 
286 287 
287 288 
288 289 
289 290 
290 291 
291 292 
292 293 
293 294 
294 295 
295 296 
296 297 
297 298 
298 299 
299 300 
300 301 
301 302 
302 303 
303 304 
304 305 
305 306 
306 307 
307 308 
308 309 
309 310 
310 311 
311 312 
312 313 
313 314 
314 315 
315 316 
316 317 
317 318 
318 319 
319 320 
320 321 
321 322 
322 323 
323 324 
324 325 
325 326 
326 327 
327 328 
328 329 
329 330 
330 331 
331 332 
332 333 
333 334 
334 335 
335 336 
336 337 
337 338 
338 339 
339 340 
340 341 
341 342 
342 343 
343 344 
344 345 
345 346 
346 347 
347 348 
348 349 
349 350 
350 351 
351 352 
352 353 
353 354 
354 355 
355 356 
356 357 
357 358 
358 359 
359 360 
360 361 
361 362 
362 363 
363 364 
364 365 
365 366 
366 367 
367 368 
368 369 
369 370 
370 371 
371 372 
372 373 
373 374 
374 375 
375 376 
376 377 
377 378 
378 379 
379 380 
380 381 
381 382 
382 383 
383 384 
384 385 
385 386 
386 387 
387 388 
388 389 
389 390 
390 391 
391 392 
392 393 
393 394 
394 395 
395 396 
396 397 
397 398 
398 399 
399 400 
400 401 
401 402 
402 403 
403 404 
404 405 
ZONE T="Slice: Y=-0.035"
STRANDID=0, SOLUTIONTIME=0
Nodes=397, Elements=396, ZONETYPE=FELineSeg
DATAPACKING=POINT
DT=(DOUBLE DOUBLE DOUBLE DOUBLE DOUBLE )
0.6231004600	-0.0349999520	-0.0375185350	0.0009668432	0.3162510700
0.6289970300	-0.0349999520	-0.0387831000	0.0009370729	0.3211647300
0.6345897900	-0.0349999520	-0.0399876500	0.0009088908	0.3258664600
0.6358491800	-0.0349999520	-0.0402599910	0.0009023445	0.3269153200
0.6398374400	-0.0349999520	-0.0411224590	0.0008791095	0.3302547600
0.6432222700	-0.0349999520	-0.0418572020	0.0008612507	0.3331598000
0.6447323600	-0.0349999520	-0.0421850010	0.0008519122	0.3345967800
0.6487537600	-0.0349999520	-0.0430611480	0.0008285691	0.3381421600
0.6496231000	-0.0349999520	-0.0432505530	0.0008229478	0.3388815800
0.6535692800	-0.0349999520	-0.0441134420	0.0008028605	0.3423417500
0.6543443800	-0.0349999520	-0.0442829210	0.0007992090	0.3430625500
0.6581611600	-0.0349999520	-0.0451204480	0.0007803904	0.3472183600
0.6596724400	-0.0349999520	-0.0454526690	0.0007746419	0.3484057800
0.6663736700	-0.0349999520	-0.0469300970	0.0007450278	0.3538693200
0.6666246700	-0.0349999520	-0.0469856000	0.0007435772	0.3541235300
0.6731620400	-0.0349999520	-0.0484347380	0.0007107821	0.3601331700
0.6736115800	-0.0349999520	-0.0485346350	0.0007084767	0.3604982500
0.6796643700	-0.0349999520	-0.0498837200	0.0006716068	0.3665093500
0.6810739000	-0.0349999520	-0.0501982790	0.0006642155	0.3676280700
0.6829329700	-0.0349999520	-0.0506144910	0.0006531529	0.3695797900
0.6880112300	-0.0349999520	-0.0517537440	0.0006288252	0.3747982400
0.6886602000	-0.0349999520	-0.0518995000	0.0006257532	0.3754325200
0.6892273400	-0.0349999520	-0.0520272850	0.0006220448	0.3760651100
0.6938705400	-0.0349999520	-0.0530738120	0.0005934315	0.3810622700
0.7008290900	-0.0349999520	-0.0546497890	0.0005561349	0.3877616800
0.7011336100	-0.0349999520	-0.0547187630	0.0005542671	0.3880443000
0.7015534000	-0.0349999520	-0.0548142870	0.0005516391	0.3885303700
0.7075822900	-0.0349999520	-0.0561872610	0.0005083806	0.3954333700
0.7138047200	-0.0349999520	-0.0576114210	0.0004653806	0.4024770900
0.7188634900	-0.0349999520	-0.0587753770	0.0004287339	0.4079565700
0.7208175700	-0.0349999520	-0.0592250970	0.0004134600	0.4100596300
0.7265163700	-0.0349999520	-0.0605431760	0.0003685913	0.4165673600
0.7301182200	-0.0349999520	-0.0613794360	0.0003318051	0.4214441200
0.7331193700	-0.0349999520	-0.0620781220	0.0003039429	0.4253349300
0.7356200200	-0.0349999520	-0.0626616250	0.0002799358	0.4286671000
0.7377037400	-0.0349999520	-0.0631487590	0.0002589974	0.4314942700
0.7394399600	-0.0349999520	-0.0635553080	0.0002400827	0.4338919500
0.7408867500	-0.0349999520	-0.0638945180	0.0002228512	0.4359234600
0.7420923700	-0.0349999520	-0.0641774760	0.0002071861	0.4376556900
0.7430969500	-0.0349999520	-0.0644134880	0.0001931650	0.4391285800
0.7439340900	-0.0349999520	-0.0646103100	0.0001805395	0.4403717200
0.7446317100	-0.0349999520	-0.0647744460	0.0001686057	0.4414033600
0.7452129700	-0.0349999520	-0.0649112980	0.0001564607	0.4422337100
0.7456973800	-0.0349999520	-0.0650253890	0.0001464624	0.4428817300
0.7461010800	-0.0349999520	-0.0651204960	0.0001562454	0.4433505500
0.7464374300	-0.0349999520	-0.0651997700	0.0002743150	0.4436405300
0.7467177500	-0.0349999520	-0.0652658420	0.0007102283	0.4425755100
0.7469513400	-0.0349999520	-0.0653209090	0.0015862386	0.4325285600
0.7471460100	-0.0349999520	-0.0653668050	0.0022538098	0.4270211500
0.7469463300	-0.0349999520	-0.0653782040	0.0017861088	0.4364737900
0.7467067200	-0.0349999520	-0.0653918760	0.0009591969	0.4427339400
0.7464191900	-0.0349999520	-0.0654082670	0.0006956715	0.4429007800
0.7460741400	-0.0349999520	-0.0654279290	0.0006824845	0.4424982700
0.7456601300	-0.0349999520	-0.0654514950	0.0007126027	0.4415429500
0.7451632600	-0.0349999520	-0.0654797410	0.0007407246	0.4402751600
0.7445670400	-0.0349999520	-0.0655135660	0.0007634706	0.4387584000
0.7438515400	-0.0349999520	-0.0655540670	0.0007849995	0.4370203600
0.7429929400	-0.0349999520	-0.0656025260	0.0008074600	0.4350478400
0.7419626100	-0.0349999520	-0.0656604990	0.0008314311	0.4328113800
0.7407261700	-0.0349999520	-0.0657298190	0.0008570806	0.4302724600
0.7392424900	-0.0349999520	-0.0658126470	0.0008845497	0.4273894700
0.7374619800	-0.0349999520	-0.0659115240	0.0009140792	0.4241104100
0.7353254000	-0.0349999520	-0.0660294290	0.0009459657	0.4203818700
0.7327613800	-0.0349999520	-0.0661698280	0.0009803153	0.4161662500
0.7296845300	-0.0349999520	-0.0663367510	0.0010190939	0.4113487300
0.7259921400	-0.0349999520	-0.0665348540	0.0010704317	0.4055486000
0.7198447600	-0.0349999520	-0.0668593350	0.0011306703	0.3979964900
0.7189244600	-0.0349999520	-0.0669069070	0.0011391814	0.3969274800
0.7126574500	-0.0349999520	-0.0672303810	0.0011931585	0.3895418900
0.7057220900	-0.0349999520	-0.0675800140	0.0012482269	0.3819553600
0.6992238200	-0.0349999520	-0.0679001290	0.0012899630	0.3754983800
0.6944769000	-0.0349999520	-0.0681295100	0.0013285681	0.3703495300
0.6940150900	-0.0349999520	-0.0681516900	0.0013316476	0.3698636900
0.6888325800	-0.0349999520	-0.0683975290	0.0013548836	0.3656190600
0.6848318600	-0.0349999520	-0.0685840990	0.0013800752	0.3619626800
0.6843291500	-0.0349999520	-0.0686075310	0.0013832763	0.3614965100
0.6841262600	-0.0349999520	-0.0686168520	0.0013841975	0.3613511900
0.6795187600	-0.0349999520	-0.0688281280	0.0014079475	0.3576892600
0.6773724000	-0.0349999520	-0.0689252610	0.0014197670	0.3557944000
0.6732337500	-0.0349999520	-0.0691107510	0.0014430827	0.3525351900
0.6725682000	-0.0349999520	-0.0691403750	0.0014464881	0.3520141500
0.6682279100	-0.0349999520	-0.0693313700	0.0014694981	0.3486585000
0.6667944800	-0.0349999520	-0.0693938140	0.0014759107	0.3475463100
0.6615759700	-0.0349999520	-0.0696179490	0.0014980713	0.3440359200
0.6599674200	-0.0349999520	-0.0696867780	0.0015069842	0.3429374100
0.6583537500	-0.0349999520	-0.0697545110	0.0015135746	0.3416108500
0.6549822100	-0.0349999520	-0.0698960420	0.0015281907	0.3388490700
0.6525321600	-0.0349999520	-0.0699968340	0.0015414163	0.3372013900
0.6492052100	-0.0349999520	-0.0701336940	0.0015589253	0.3349484200
0.6458985200	-0.0349999520	-0.0702664780	0.0015737374	0.3328994500
0.6422627600	-0.0349999520	-0.0704124790	0.0015898308	0.3306475300
0.6383640200	-0.0349999520	-0.0705648880	0.0016052457	0.3282320800
0.6352654100	-0.0349999520	-0.0706860200	0.0016175251	0.3263206200
0.6293893500	-0.0349999520	-0.0709095900	0.0016408573	0.3227485400
0.6284862200	-0.0349999520	-0.0709439520	0.0016443335	0.3222017000
0.6218742700	-0.0349999520	-0.0711888890	0.0016683307	0.3182900500
0.6153745700	-0.0349999520	-0.0714233220	0.0016919199	0.3145575200
0.6114742200	-0.0349999520	-0.0715602640	0.0017052501	0.3123915500
0.6089287400	-0.0349999520	-0.0716496410	0.0017135389	0.3109778800
0.6024917400	-0.0349999520	-0.0718695740	0.0017342302	0.3075083500
0.5960293400	-0.0349999520	-0.0720843000	0.0017547118	0.3041163100
0.5895202800	-0.0349999520	-0.0722944590	0.0017749112	0.3007833100
0.5829501700	-0.0349999520	-0.0725004080	0.0017948468	0.2974984300
0.5763068200	-0.0349999520	-0.0727023710	0.0018145796	0.2942540600
0.5695772800	-0.0349999520	-0.0729005410	0.0018341547	0.2910440600
0.5627446800	-0.0349999520	-0.0730951730	0.0018536388	0.2878590800
0.5557922700	-0.0349999520	-0.0732864510	0.0018731362	0.2846888900
0.5487078400	-0.0349999520	-0.0734743700	0.0018926866	0.2815287100
0.5414887700	-0.0349999520	-0.0736586000	0.0019122534	0.2783781000
0.5341487500	-0.0349999520	-0.0738384430	0.0019317820	0.2752432500
0.5267151600	-0.0349999520	-0.0740129050	0.0019511995	0.2721349300
0.5192170100	-0.0349999520	-0.0741810580	0.0019704415	0.2690635900
0.5116720800	-0.0349999520	-0.0743423400	0.0019895344	0.2660344800
0.5040807100	-0.0349999520	-0.0744965970	0.0020085736	0.2630464100
0.4964275700	-0.0349999520	-0.0746439470	0.0020276241	0.2600933600
0.4886894500	-0.0349999520	-0.0747845920	0.0020467316	0.2571675800
0.4808457500	-0.0349999520	-0.0749185680	0.0020659460	0.2542622400
0.4728908200	-0.0349999520	-0.0750455780	0.0020852613	0.2513744500
0.4648405900	-0.0349999520	-0.0751649890	0.0021045749	0.2485098800
0.4567296200	-0.0349999520	-0.0752759580	0.0021237805	0.2456808200
0.4486037800	-0.0349999520	-0.0753776730	0.0021427982	0.2429028700
0.4405099700	-0.0349999520	-0.0754695090	0.0021615342	0.2401902800
0.4324779500	-0.0349999520	-0.0755512040	0.0021799786	0.2375506300
0.4245114900	-0.0349999520	-0.0756228790	0.0021982261	0.2349849600
0.4165967400	-0.0349999520	-0.0756847630	0.0022163412	0.2324890600
0.4087123000	-0.0349999520	-0.0757370740	0.0022343087	0.2300560000
0.4008385500	-0.0349999520	-0.0757799070	0.0022521260	0.2276793300
0.3929646300	-0.0349999520	-0.0758132340	0.0022698234	0.2253551300
0.3850894600	-0.0349999520	-0.0758369270	0.0022874001	0.2230816500
0.3772146100	-0.0349999520	-0.0758508590	0.0023048258	0.2208606000
0.3693341900	-0.0349999520	-0.0758548900	0.0023221658	0.2186909200
0.3614305900	-0.0349999520	-0.0758488180	0.0023395621	0.2165757600
0.3534763800	-0.0349999520	-0.0758323370	0.0023570862	0.2145009000
0.3454417600	-0.0349999520	-0.0758049410	0.0023747766	0.2124538300
0.3373050100	-0.0349999520	-0.0757659970	0.0023926589	0.2104415400
0.3290645500	-0.0349999520	-0.0757148710	0.0024106996	0.2084651900
0.3207419500	-0.0349999520	-0.0756510650	0.0024287468	0.2065320200
0.3123768000	-0.0349999520	-0.0755743610	0.0024465863	0.2046541700
0.3040194500	-0.0349999520	-0.0754848870	0.0024641572	0.2028435000
0.2957090400	-0.0349999520	-0.0753829260	0.0024815367	0.2011087100
0.2874583000	-0.0349999520	-0.0752686040	0.0024987758	0.1994539600
0.2792537800	-0.0349999520	-0.0751416830	0.0025159562	0.1978774200
0.2710678000	-0.0349999520	-0.0750016050	0.0025332162	0.1963750000
0.2628790700	-0.0349999520	-0.0748477500	0.0025505472	0.1949445900
0.2546856100	-0.0349999520	-0.0746797170	0.0025677169	0.1935869200
0.2465146200	-0.0349999520	-0.0744977740	0.0025845033	0.1923072200
0.2384106200	-0.0349999520	-0.0743028070	0.0026008837	0.1911114900
0.2304104000	-0.0349999520	-0.0740958230	0.0026169436	0.1900055300
0.2225281700	-0.0349999520	-0.0738774170	0.0026326328	0.1889906100
0.2147432400	-0.0349999520	-0.0736472610	0.0026478505	0.1880632300
0.2070556000	-0.0349999520	-0.0734055410	0.0026629446	0.1872208700
0.1993801400	-0.0349999520	-0.0731495470	0.0026784111	0.1864585000
0.1916299300	-0.0349999520	-0.0728757900	0.0026942437	0.1857695100
0.1837428800	-0.0349999520	-0.0725810530	0.0027102554	0.1851517400
0.1756954000	-0.0349999520	-0.0722630840	0.0027264142	0.1846087600
0.1674965300	-0.0349999520	-0.0719207450	0.0027426634	0.1841480000
0.1591712200	-0.0349999520	-0.0715535660	0.0027588472	0.1837809500
0.1507507300	-0.0349999520	-0.0711615530	0.0027750067	0.1835160600
0.1422631000	-0.0349999520	-0.0707447900	0.0027913595	0.1833595800
0.1337314700	-0.0349999520	-0.0703033060	0.0028078032	0.1833192700
0.1251854700	-0.0349999520	-0.0698376670	0.0028239978	0.1834008400
0.1166624900	-0.0349999520	-0.0693492000	0.0028398505	0.1836053700
0.1082074700	-0.0349999520	-0.0688401240	0.0028553646	0.1839306200
0.0998676490	-0.0349999520	-0.0683132630	0.0028703189	0.1843791500
0.0916786420	-0.0349999520	-0.0677712490	0.0028846212	0.1849505300
0.0836630390	-0.0349999520	-0.0672162700	0.0028985353	0.1856370900
0.0758288650	-0.0349999520	-0.0666497350	0.0029122128	0.1864358300
0.0681683270	-0.0349999520	-0.0660719280	0.0029255418	0.1873465500
0.0606634210	-0.0349999520	-0.0654822740	0.0029385902	0.1883682500
0.0532937570	-0.0349999520	-0.0648798350	0.0029515848	0.1894959800
0.0460443680	-0.0349999520	-0.0642638580	0.0029643866	0.1907298600
0.0389131460	-0.0349999520	-0.0636345600	0.0029765274	0.1920765200
0.0319123790	-0.0349999520	-0.0629935260	0.0029879128	0.1935272400
0.0250616280	-0.0349999520	-0.0623432360	0.0029988449	0.1950721100
0.0183798130	-0.0349999520	-0.0616863780	0.0030092865	0.1967086500
0.0118826610	-0.0349999520	-0.0610255560	0.0030189884	0.1984293200
0.0055768774	-0.0349999520	-0.0603626930	0.0030281072	0.2002207600
-0.0005443011	-0.0349999520	-0.0596983660	0.0030371096	0.2020778700
-0.0064988718	-0.0349999520	-0.0590318030	0.0030461956	0.2040109500
-0.0123192000	-0.0349999520	-0.0583602790	0.0030550541	0.2060362700
-0.0180419440	-0.0349999520	-0.0576801370	0.0030634156	0.2081598900
-0.0236947200	-0.0349999520	-0.0569883920	0.0030714799	0.2103847000
-0.0292967090	-0.0349999520	-0.0562827550	0.0030794979	0.2127186500
-0.0348538830	-0.0349999520	-0.0555623700	0.0030872028	0.2151667000
-0.0403589790	-0.0349999520	-0.0548280250	0.0030941057	0.2177313900
-0.0457982230	-0.0349999520	-0.0540815670	0.0031003044	0.2203925000
-0.0511575150	-0.0349999520	-0.0533251240	0.0031063639	0.2231492400
-0.0564287340	-0.0349999520	-0.0525601990	0.0031123477	0.2260283200
-0.0616159480	-0.0349999520	-0.0517865080	0.0031178580	0.2290342200
-0.0667349770	-0.0349999520	-0.0510018880	0.0031227826	0.2321698700
-0.0718055670	-0.0349999520	-0.0502033200	0.0031271207	0.2354467100
-0.0768452360	-0.0349999520	-0.0493878570	0.0031311559	0.2388748500
-0.0818668530	-0.0349999520	-0.0485530050	0.0031351671	0.2424642400
-0.0868795890	-0.0349999520	-0.0476965460	0.0031388317	0.2462239000
-0.0918912370	-0.0349999520	-0.0468163160	0.0031416547	0.2502065300
-0.0969100590	-0.0349999520	-0.0459099000	0.0031434808	0.2544383700
-0.1019455100	-0.0349999520	-0.0449744800	0.0031448832	0.2589150100
-0.1070088300	-0.0349999520	-0.0440065260	0.0031458642	0.2636827500
-0.1121149400	-0.0349999520	-0.0430012940	0.0031453542	0.2687851200
-0.1172852800	-0.0349999520	-0.0419522640	0.0031426960	0.2742817700
-0.1225502900	-0.0349999520	-0.0408503340	0.0031391190	0.2802416100
-0.1279503600	-0.0349999520	-0.0396830700	0.0031363085	0.2867647400
-0.1335367600	-0.0349999520	-0.0384336450	0.0031370117	0.2940439900
-0.1393646400	-0.0349999520	-0.0370820050	0.0031467742	0.3023317200
-0.1455147600	-0.0349999520	-0.0355989000	0.0031519045	0.3116155300
-0.1517265700	-0.0349999520	-0.0340372770	0.0031277474	0.3214874600
-0.1574147200	-0.0349999520	-0.0325465350	0.0030874366	0.3316889100
-0.1626929300	-0.0349999520	-0.0311073200	0.0030610190	0.3421444300
-0.1676515000	-0.0349999520	-0.0297024190	0.0030455831	0.3527633500
-0.1723669500	-0.0349999520	-0.0283147510	0.0030283678	0.3637453600
-0.1769004000	-0.0349999520	-0.0269293490	0.0030118395	0.3753410300
-0.1812997200	-0.0349999520	-0.0255331940	0.0029848458	0.3873160800
-0.1856008200	-0.0349999520	-0.0241144060	0.0029346477	0.3996692000
-0.1894869100	-0.0349999520	-0.0227822770	0.0028511697	0.4131640500
-0.1940472900	-0.0349999520	-0.0211528820	0.0028336960	0.4288000200
-0.1981106700	-0.0349999520	-0.0196347760	0.0028518143	0.4451946300
-0.2018723200	-0.0349999520	-0.0181668160	0.0027387377	0.4622450800
-0.2059553300	-0.0349999520	-0.0164969320	0.0026250839	0.4821188400
-0.2084012800	-0.0349999520	-0.0154476880	0.0025863999	0.4949889500
-0.2108809500	-0.0349999520	-0.0143572740	0.0025501218	0.5099832400
-0.2148876500	-0.0349999520	-0.0125065460	0.0024419489	0.5370845800
-0.2172371100	-0.0349999520	-0.0113690640	0.0024034616	0.5534348500
-0.2220555200	-0.0349999520	-0.0088811265	0.0023329472	0.5936951000
-0.2231457800	-0.0349999520	-0.0083034905	0.0023145993	0.6041523200
-0.2267791800	-0.0349999520	-0.0062047765	0.0021792829	0.6458430300
-0.2277629400	-0.0349999520	-0.0056356606	0.0021461293	0.6569997100
-0.2279291600	-0.0349999520	-0.0055304565	0.0021431943	0.6589704200
-0.2326245200	-0.0349999520	-0.0024832087	0.0020421177	0.7157037300
-0.2327475400	-0.0349999520	-0.0023964830	0.0020345659	0.7176831400
-0.2358626600	-0.0349999520	-0.0000950477	0.0018304568	0.7637488200
-0.2366305700	-0.0349999520	0.0004944814	0.0017956933	0.7754710300
-0.2379287000	-0.0349999520	0.0015602049	0.0016868786	0.8069067600
-0.2391367100	-0.0349999520	0.0026086078	0.0016358412	0.8323643800
-0.2403125500	-0.0349999520	0.0036927934	0.0015363144	0.8594228000
-0.2414513200	-0.0349999520	0.0048156367	0.0014312623	0.8867858100
-0.2425478100	-0.0349999520	0.0059796064	0.0012951096	0.9142542500
-0.2435963900	-0.0349999520	0.0071866820	0.0011249165	0.9410293100
-0.2445894200	-0.0349999520	0.0084394319	0.0009159424	0.9660282100
-0.2455177200	-0.0349999520	0.0097426130	0.0006644693	0.9872950300
-0.2463688900	-0.0349999520	0.0110974170	0.0003654904	1.0022343000
-0.2471306000	-0.0349999520	0.0125044700	0.0000611531	1.0073071000
-0.2477897600	-0.0349999520	0.0139623860	-0.0002015535	0.9970737700
-0.2483317400	-0.0349999520	0.0154677920	-0.0003829512	0.9682185100
-0.2487405100	-0.0349999520	0.0170146950	-0.0004554324	0.9183616600
-0.2490008900	-0.0349999520	0.0185933650	-0.0003577647	0.8419905900
-0.2491054700	-0.0349999520	0.0201899450	0.0000082187	0.7364179500
-0.2490486800	-0.0349999520	0.0217889360	0.0006288712	0.6020621100
-0.2488270000	-0.0349999520	0.0233735050	0.0014110474	0.4571393700
-0.2484465700	-0.0349999520	0.0249276200	0.0023025287	0.3087670800
-0.2479150900	-0.0349999520	0.0264367700	0.0031994119	0.1560806500
-0.2472440700	-0.0349999520	0.0278892630	0.0039575967	0.0140678270
-0.2464500400	-0.0349999520	0.0292783290	0.0045844249	-0.1111577200
-0.2455485500	-0.0349999520	0.0306001900	0.0051199174	-0.2171996700
-0.2445538500	-0.0349999520	0.0318534110	0.0055392935	-0.3032792200
-0.2434797600	-0.0349999520	0.0330393090	0.0058425136	-0.3704656100
-0.2423390300	-0.0349999520	0.0341612360	0.0060786043	-0.4216142900
-0.2411439100	-0.0349999520	0.0352229890	0.0063140303	-0.4607537400
-0.2399021200	-0.0349999520	0.0362301690	0.0065164492	-0.4909945400
-0.2386200000	-0.0349999520	0.0371857700	0.0066456739	-0.5140723000
-0.2373031100	-0.0349999520	0.0380931910	0.0066810791	-0.5296546200
-0.2359565800	-0.0349999520	0.0389562880	0.0065044613	-0.5399746300
-0.2345850000	-0.0349999520	0.0397792420	0.0065223098	-0.5469590400
-0.2331218900	-0.0349999520	0.0406039730	0.0066903461	-0.5542866600
-0.2322899400	-0.0349999520	0.0410386250	0.0067117682	-0.5551444300
-0.2290921100	-0.0349999520	0.0426377910	0.0069299996	-0.5527955300
-0.2289100400	-0.0349999520	0.0427237340	0.0069402615	-0.5525059700
-0.2260699600	-0.0349999520	0.0439813440	0.0069030635	-0.5468211200
-0.2233637600	-0.0349999520	0.0450560490	0.0067186690	-0.5415714400
-0.2213157100	-0.0349999520	0.0458614710	0.0065517494	-0.5384506000
-0.2184394000	-0.0349999520	0.0468687270	0.0064972566	-0.5305812400
-0.2164519100	-0.0349999520	0.0475395660	0.0064422845	-0.5246793000
-0.2121792700	-0.0349999520	0.0488561240	0.0063681185	-0.5108860100
-0.2099430100	-0.0349999520	0.0494964050	0.0063404196	-0.5044770200
-0.2061766100	-0.0349999520	0.0505068530	0.0061382931	-0.4937074500
-0.2033835800	-0.0349999520	0.0512009970	0.0060365264	-0.4853304600
-0.2009863100	-0.0349999520	0.0517761780	0.0060352140	-0.4793421900
-0.1966634100	-0.0349999520	0.0527331790	0.0059994332	-0.4690438800
-0.1929338400	-0.0349999520	0.0534958690	0.0058809767	-0.4593764800
-0.1885622700	-0.0349999520	0.0543233040	0.0057617913	-0.4492143400
-0.1839850200	-0.0349999520	0.0551206730	0.0056726289	-0.4386034600
-0.1794187000	-0.0349999520	0.0558517240	0.0055656523	-0.4288695800
-0.1747530400	-0.0349999520	0.0565378180	0.0054767918	-0.4195291700
-0.1699976500	-0.0349999520	0.0571794730	0.0053952234	-0.4101196800
-0.1651469500	-0.0349999520	0.0577787610	0.0053166963	-0.4013709700
-0.1601671900	-0.0349999520	0.0583399270	0.0052392037	-0.3928664300
-0.1549900800	-0.0349999520	0.0588695150	0.0051609720	-0.3844072200
-0.1495157200	-0.0349999520	0.0593743850	0.0050977255	-0.3758294600
-0.1436138300	-0.0349999520	0.0598593280	0.0050551402	-0.3668138700
-0.1371261200	-0.0349999520	0.0603261960	0.0049969675	-0.3574557600
-0.1306419400	-0.0349999520	0.0607286730	0.0049029246	-0.3487470700
-0.1246485300	-0.0349999520	0.0610473300	0.0048066932	-0.3410245800
-0.1190091800	-0.0349999520	0.0613029860	0.0047338510	-0.3338272900
-0.1136327500	-0.0349999520	0.0615090500	0.0046770651	-0.3270527100
-0.1084415200	-0.0349999520	0.0616749150	0.0046269729	-0.3207325600
-0.1033697300	-0.0349999520	0.0618068460	0.0045795352	-0.3147581500
-0.0983614100	-0.0349999520	0.0619090830	0.0045325181	-0.3089390400
-0.0933688430	-0.0349999520	0.0619844090	0.0044857874	-0.3031891000
-0.0883518760	-0.0349999520	0.0620344650	0.0044406326	-0.2975003100
-0.0832793270	-0.0349999520	0.0620598900	0.0043967506	-0.2918550400
-0.0781319440	-0.0349999520	0.0620606690	0.0043524530	-0.2862071700
-0.0729046990	-0.0349999520	0.0620365810	0.0043074948	-0.2805348900
-0.0676052640	-0.0349999520	0.0619875120	0.0042626629	-0.2748700100
-0.0622484090	-0.0349999520	0.0619136060	0.0042180391	-0.2692169200
-0.0568481760	-0.0349999520	0.0618151390	0.0041731239	-0.2635580300
-0.0514096580	-0.0349999520	0.0616924350	0.0041281529	-0.2578832500
-0.0459222090	-0.0349999520	0.0615454730	0.0040839210	-0.2521985200
-0.0403647610	-0.0349999520	0.0613737400	0.0040406833	-0.2464785400
-0.0347194560	-0.0349999520	0.0611764380	0.0039978456	-0.2407002300
-0.0289793410	-0.0349999520	0.0609528940	0.0039547125	-0.2348585100
-0.0231539720	-0.0349999520	0.0607031140	0.0039111550	-0.2289796600
-0.0172656230	-0.0349999520	0.0604279150	0.0038674618	-0.2230881800
-0.0113368320	-0.0349999520	0.0601284800	0.0038239483	-0.2171820700
-0.0053852657	-0.0349999520	0.0598059860	0.0037805079	-0.2112601000
0.0005828097	-0.0349999520	0.0594611690	0.0037370452	-0.2053210100
0.0065768580	-0.0349999520	0.0590938780	0.0036938031	-0.1993587200
0.0126244900	-0.0349999520	0.0587026480	0.0036510223	-0.1933504800
0.0187638140	-0.0349999520	0.0582848530	0.0036084699	-0.1872632100
0.0250394940	-0.0349999520	0.0578368600	0.0035657124	-0.1810514500
0.0314950050	-0.0349999520	0.0573545840	0.0035225685	-0.1746933200
0.0381594190	-0.0349999520	0.0568345450	0.0034789125	-0.1681726300
0.0450435910	-0.0349999520	0.0562744330	0.0034345212	-0.1614638900
0.0521351580	-0.0349999520	0.0556737590	0.0033890520	-0.1545615800
0.0594029720	-0.0349999520	0.0550339330	0.0033424692	-0.1474911300
0.0668035520	-0.0349999520	0.0543579940	0.0032952477	-0.1403022100
0.0742927640	-0.0349999520	0.0536496340	0.0032478858	-0.1330382200
0.0818375570	-0.0349999520	0.0529119820	0.0032005645	-0.1257316200
0.0894232690	-0.0349999520	0.0521467100	0.0031535136	-0.1184018600
0.0970548610	-0.0349999520	0.0513536300	0.0031071389	-0.1110599900
0.1047507200	-0.0349999520	0.0505310260	0.0030614579	-0.1036942000
0.1125318200	-0.0349999520	0.0496766270	0.0030159884	-0.0962774160
0.1204122300	-0.0349999520	0.0487887450	0.0029703856	-0.0887860430
0.1283959300	-0.0349999520	0.0478667320	0.0029247790	-0.0812136830
0.1364791100	-0.0349999520	0.0469108450	0.0028792966	-0.0735714360
0.1446531100	-0.0349999520	0.0459219370	0.0028338500	-0.0658713360
0.1529063100	-0.0349999520	0.0449013670	0.0027885859	-0.0581286030
0.1612245600	-0.0349999520	0.0438509660	0.0027438353	-0.0503681300
0.1695874800	-0.0349999520	0.0427734930	0.0026996400	-0.0426186290
0.1779670400	-0.0349999520	0.0416729150	0.0026559300	-0.0349042190
0.1863363400	-0.0349999520	0.0405533280	0.0026128717	-0.0272489470
0.1946768900	-0.0349999520	0.0394179190	0.0025706628	-0.0196647570
0.2029816400	-0.0349999520	0.0382683910	0.0025292752	-0.0121506530
0.2112532400	-0.0349999520	0.0371050980	0.0024886485	-0.0047034887
0.2194973700	-0.0349999520	0.0359279360	0.0024488474	0.0026775957
0.2277164500	-0.0349999520	0.0347371810	0.0024098852	0.0099884700
0.2359064800	-0.0349999520	0.0335340020	0.0023716773	0.0172263140
0.2440675500	-0.0349999520	0.0323189610	0.0023342170	0.0243843810
0.2521899000	-0.0349999520	0.0310941100	0.0022976038	0.0314503650
0.2602674700	-0.0349999520	0.0298609710	0.0022618745	0.0384173840
0.2683017800	-0.0349999520	0.0286198840	0.0022269180	0.0452890660
0.2763012600	-0.0349999520	0.0273700930	0.0021926254	0.0520777590
0.2842785400	-0.0349999520	0.0261100880	0.0021589550	0.0587997620
0.2922448200	-0.0349999520	0.0248384810	0.0021258259	0.0654678720
0.3002064500	-0.0349999520	0.0235545670	0.0020931214	0.0720867960
0.3081671300	-0.0349999520	0.0222580360	0.0020608104	0.0786591840
0.3161326600	-0.0349999520	0.0209481980	0.0020289208	0.0851900800
0.3241167700	-0.0349999520	0.0196229830	0.0019974181	0.0916920300
0.3321402100	-0.0349999520	0.0182790440	0.0019662642	0.0981800180
0.3402227800	-0.0349999520	0.0169130730	0.0019354933	0.1046619000
0.3483744600	-0.0349999520	0.0155233280	0.0019051134	0.1111367000
0.3565852000	-0.0349999520	0.0141114390	0.0018750228	0.1175929200
0.3648264700	-0.0349999520	0.0126823350	0.0018451374	0.1240135700
0.3730633000	-0.0349999520	0.0112422090	0.0018155394	0.1303798600
0.3812642700	-0.0349999520	0.0097968411	0.0017863777	0.1366752700
0.3894124300	-0.0349999520	0.0083495667	0.0017577132	0.1428914100
0.3975068600	-0.0349999520	0.0069009322	0.0017295264	0.1490280800
0.4055533700	-0.0349999520	0.0054502450	0.0017018018	0.1550940600
0.4135571400	-0.0349999520	0.0039968849	0.0016745070	0.1610956500
0.4215185300	-0.0349999520	0.0025410696	0.0016475624	0.1670344800
0.4294347800	-0.0349999520	0.0010835761	0.0016209828	0.1729123700
0.4373039000	-0.0349999520	-0.0003749419	0.0015948611	0.1787260500
0.4451272800	-0.0349999520	-0.0018344951	0.0015691915	0.1844745600
0.4529101600	-0.0349999520	-0.0032958230	0.0015439085	0.1901627600
0.4606580400	-0.0349999520	-0.0047597541	0.0015189692	0.1957963400
0.4683730300	-0.0349999520	-0.0062264968	0.0014943278	0.2013811500
0.4760527300	-0.0349999520	-0.0076954309	0.0014699134	0.2069193400
0.4836924400	-0.0349999520	-0.0091654882	0.0014456600	0.2124119700
0.4912891700	-0.0349999520	-0.0106359040	0.0014215322	0.2178646000
0.4988451000	-0.0349999520	-0.0121069290	0.0013975111	0.2232868100
0.5063679200	-0.0349999520	-0.0135799260	0.0013735656	0.2286866300
0.5138667800	-0.0349999520	-0.0150565640	0.0013496505	0.2340727400
0.5213446000	-0.0349999520	-0.0165373310	0.0013257356	0.2394520900
0.5287907100	-0.0349999520	-0.0180200410	0.0013017841	0.2448194300
0.5361785900	-0.0349999520	-0.0194992590	0.0012778132	0.2501608400
0.5434724100	-0.0349999520	-0.0209675790	0.0012539070	0.2554547200
0.5506414800	-0.0349999520	-0.0224184820	0.0012301440	0.2606855900
0.5576724400	-0.0349999520	-0.0238488560	0.0012065599	0.2658463700
0.5645709000	-0.0349999520	-0.0252594630	0.0011831448	0.2709433100
0.5713553400	-0.0349999520	-0.0266536960	0.0011598674	0.2759925100
0.5780492400	-0.0349999520	-0.0280361230	0.0011365943	0.2810103900
0.5846750100	-0.0349999520	-0.0294111560	0.0011131908	0.2860204300
0.5912478000	-0.0349999520	-0.0307817810	0.0010896245	0.2910375300
0.5977743300	-0.0349999520	-0.0321493150	0.0010658829	0.2960686400
0.6042514400	-0.0349999520	-0.0335129720	0.0010419680	0.3011152700
0.6106615100	-0.0349999520	-0.0348689220	0.0010178361	0.3061719200
0.6169644600	-0.0349999520	-0.0362084660	0.0009933690	0.3112248200
0.6194340600	-0.0349999520	-0.0367357430	0.0009831751	0.3132464900
0.6231004600	-0.0349999520	-0.0375185350	0.0009668432	0.3162510700
1 2 
2 3 
3 4 
4 5 
5 6 
6 7 
7 8 
8 9 
9 10 
10 11 
11 12 
12 13 
13 14 
14 15 
15 16 
16 17 
17 18 
18 19 
19 20 
20 21 
21 22 
22 23 
23 24 
24 25 
25 26 
26 27 
27 28 
28 29 
29 30 
30 31 
31 32 
32 33 
33 34 
34 35 
35 36 
36 37 
37 38 
38 39 
39 40 
40 41 
41 42 
42 43 
43 44 
44 45 
45 46 
46 47 
47 48 
48 49 
49 50 
50 51 
51 52 
52 53 
53 54 
54 55 
55 56 
56 57 
57 58 
58 59 
59 60 
60 61 
61 62 
62 63 
63 64 
64 65 
65 66 
66 67 
67 68 
68 69 
69 70 
70 71 
71 72 
72 73 
73 74 
74 75 
75 76 
76 77 
77 78 
78 79 
79 80 
80 81 
81 82 
82 83 
83 84 
84 85 
85 86 
86 87 
87 88 
88 89 
89 90 
90 91 
91 92 
92 93 
93 94 
94 95 
95 96 
96 97 
97 98 
98 99 
99 100 
100 101 
101 102 
102 103 
103 104 
104 105 
105 106 
106 107 
107 108 
108 109 
109 110 
110 111 
111 112 
112 113 
113 114 
114 115 
115 116 
116 117 
117 118 
118 119 
119 120 
120 121 
121 122 
122 123 
123 124 
124 125 
125 126 
126 127 
127 128 
128 129 
129 130 
130 131 
131 132 
132 133 
133 134 
134 135 
135 136 
136 137 
137 138 
138 139 
139 140 
140 141 
141 142 
142 143 
143 144 
144 145 
145 146 
146 147 
147 148 
148 149 
149 150 
150 151 
151 152 
152 153 
153 154 
154 155 
155 156 
156 157 
157 158 
158 159 
159 160 
160 161 
161 162 
162 163 
163 164 
164 165 
165 166 
166 167 
167 168 
168 169 
169 170 
170 171 
171 172 
172 173 
173 174 
174 175 
175 176 
176 177 
177 178 
178 179 
179 180 
180 181 
181 182 
182 183 
183 184 
184 185 
185 186 
186 187 
187 188 
188 189 
189 190 
190 191 
191 192 
192 193 
193 194 
194 195 
195 196 
196 197 
197 198 
198 199 
199 200 
200 201 
201 202 
202 203 
203 204 
204 205 
205 206 
206 207 
207 208 
208 209 
209 210 
210 211 
211 212 
212 213 
213 214 
214 215 
215 216 
216 217 
217 218 
218 219 
219 220 
220 221 
221 222 
222 223 
223 224 
224 225 
225 226 
226 227 
227 228 
228 229 
229 230 
230 231 
231 232 
232 233 
233 234 
234 235 
235 236 
236 237 
237 238 
238 239 
239 240 
240 241 
241 242 
242 243 
243 244 
244 245 
245 246 
246 247 
247 248 
248 249 
249 250 
250 251 
251 252 
252 253 
253 254 
254 255 
255 256 
256 257 
257 258 
258 259 
259 260 
260 261 
261 262 
262 263 
263 264 
264 265 
265 266 
266 267 
267 268 
268 269 
269 270 
270 271 
271 272 
272 273 
273 274 
274 275 
275 276 
276 277 
277 278 
278 279 
279 280 
280 281 
281 282 
282 283 
283 284 
284 285 
285 286 
286 287 
287 288 
288 289 
289 290 
290 291 
291 292 
292 293 
293 294 
294 295 
295 296 
296 297 
297 298 
298 299 
299 300 
300 301 
301 302 
302 303 
303 304 
304 305 
305 306 
306 307 
307 308 
308 309 
309 310 
310 311 
311 312 
312 313 
313 314 
314 315 
315 316 
316 317 
317 318 
318 319 
319 320 
320 321 
321 322 
322 323 
323 324 
324 325 
325 326 
326 327 
327 328 
328 329 
329 330 
330 331 
331 332 
332 333 
333 334 
334 335 
335 336 
336 337 
337 338 
338 339 
339 340 
340 341 
341 342 
342 343 
343 344 
344 345 
345 346 
346 347 
347 348 
348 349 
349 350 
350 351 
351 352 
352 353 
353 354 
354 355 
355 356 
356 357 
357 358 
358 359 
359 360 
360 361 
361 362 
362 363 
363 364 
364 365 
365 366 
366 367 
367 368 
368 369 
369 370 
370 371 
371 372 
372 373 
373 374 
374 375 
375 376 
376 377 
377 378 
378 379 
379 380 
380 381 
381 382 
382 383 
383 384 
384 385 
385 386 
386 387 
387 388 
388 389 
389 390 
390 391 
391 392 
392 393 
393 394 
394 395 
395 396 
396 397 
ZONE T="Slice: Y=-0.73"
STRANDID=0, SOLUTIONTIME=0
Nodes=404, Elements=403, ZONETYPE=FELineSeg
DATAPACKING=POINT
DT=(DOUBLE DOUBLE DOUBLE DOUBLE DOUBLE )
0.6636509900	-0.7299999600	-0.0463287980	0.0028546008	0.0704917980
0.6735507200	-0.7299999600	-0.0485210680	0.0028833254	0.0644674150
0.6739723100	-0.7299999600	-0.0486151320	0.0028837769	0.0642623450
0.6834538600	-0.7299999600	-0.0507308880	0.0028905024	0.0616468710
0.6933498400	-0.7299999600	-0.0529562460	0.0028768076	0.0614435150
0.7026954300	-0.7299999600	-0.0550738130	0.0028451960	0.0597455050
0.7096499200	-0.7299999600	-0.0566596760	0.0027928641	0.0611795150
0.7101318200	-0.7299999600	-0.0567701980	0.0027864412	0.0617950220
0.7161891500	-0.7299999600	-0.0581591910	0.0026985085	0.0717941000
0.7194423700	-0.7299999600	-0.0589089060	0.0026512336	0.0775196630
0.7229152900	-0.7299999600	-0.0597095940	0.0025707266	0.0852351710
0.7285876300	-0.7299999600	-0.0610238130	0.0023810717	0.1047453100
0.7290787100	-0.7299999600	-0.0611379030	0.0023615032	0.1069163900
0.7349851100	-0.7299999600	-0.0625135000	0.0021104554	0.1327570500
0.7356200200	-0.7299999600	-0.0626616250	0.0020749739	0.1367919000
0.7377037400	-0.7299999600	-0.0631487590	0.0018658964	0.1563546200
0.7394399600	-0.7299999600	-0.0635553080	0.0016955835	0.1711714700
0.7408867500	-0.7299999600	-0.0638945180	0.0015308850	0.1851945200
0.7420923700	-0.7299999600	-0.0641774760	0.0013695317	0.1981939500
0.7430969500	-0.7299999600	-0.0644134880	0.0012142919	0.2100762000
0.7439340900	-0.7299999600	-0.0646103100	0.0010675934	0.2207924400
0.7446317100	-0.7299999600	-0.0647744460	0.0009310197	0.2303272200
0.7452129700	-0.7299999600	-0.0649112980	0.0008044886	0.2386806600
0.7456973800	-0.7299999600	-0.0650253890	0.0006862377	0.2458206300
0.7461010800	-0.7299999600	-0.0651204960	0.0005838683	0.2516534300
0.7464374300	-0.7299999600	-0.0651997700	0.0005835902	0.2561145700
0.7467177500	-0.7299999600	-0.0652658420	0.0010493436	0.2579730200
0.7469513400	-0.7299999600	-0.0653209090	0.0024125507	0.2449230800
0.7471460100	-0.7299999600	-0.0653668050	0.0038574178	0.2460319800
0.7469463300	-0.7299999600	-0.0653782040	0.0033784913	0.2698248000
0.7467067200	-0.7299999600	-0.0653918760	0.0021188531	0.2813517700
0.7464191900	-0.7299999600	-0.0654082670	0.0018432829	0.2842650700
0.7460741400	-0.7299999600	-0.0654279290	0.0018688849	0.2856052200
0.7456601300	-0.7299999600	-0.0654514950	0.0019027548	0.2861129600
0.7451632600	-0.7299999600	-0.0654797410	0.0019151444	0.2865756800
0.7445670400	-0.7299999600	-0.0655135660	0.0019154840	0.2871295500
0.7438515400	-0.7299999600	-0.0655540670	0.0019116718	0.2878001300
0.7429929400	-0.7299999600	-0.0656025260	0.0019057591	0.2885585400
0.7419626100	-0.7299999600	-0.0656604990	0.0018980992	0.2893651100
0.7407261700	-0.7299999600	-0.0657298190	0.0018887839	0.2901691500
0.7392424900	-0.7299999600	-0.0658126470	0.0018783421	0.2908840800
0.7374619800	-0.7299999600	-0.0659115240	0.0018684263	0.2915225000
0.7353254000	-0.7299999600	-0.0660294290	0.0018589581	0.2918440400
0.7347896100	-0.7299999600	-0.0660587620	0.0018596111	0.2916668100
0.7302872500	-0.7299999600	-0.0663040800	0.0018600194	0.2900803700
0.7284486300	-0.7299999600	-0.0664030980	0.0018575835	0.2897393700
0.7245485800	-0.7299999600	-0.0666114760	0.0018597009	0.2884732500
0.7199199800	-0.7299999600	-0.0668549540	0.0018692575	0.2850543000
0.7179830100	-0.7299999600	-0.0669562590	0.0018765020	0.2832789100
0.7158742000	-0.7299999600	-0.0670640990	0.0018827299	0.2819717500
0.7089314500	-0.7299999600	-0.0674192090	0.0019229786	0.2750580900
0.7000177500	-0.7299999600	-0.0678614680	0.0019656960	0.2662282300
0.6911627100	-0.7299999600	-0.0682875590	0.0020163487	0.2572594000
0.6816116000	-0.7299999600	-0.0687326570	0.0020638819	0.2498576500
0.6731437400	-0.7299999600	-0.0691137460	0.0021050906	0.2438833400
0.6715188000	-0.7299999600	-0.0691868740	0.0021135786	0.2427279800
0.6613819600	-0.7299999600	-0.0696266960	0.0021647446	0.2361078300
0.6531037700	-0.7299999600	-0.0699727240	0.0021991196	0.2313117500
0.6513048400	-0.7299999600	-0.0700479220	0.0022068100	0.2302637400
0.6413184400	-0.7299999600	-0.0704498370	0.0022401861	0.2251614600
0.6314144100	-0.7299999600	-0.0708333920	0.0022684592	0.2206809200
0.6215723200	-0.7299999600	-0.0711999160	0.0022978326	0.2166604500
0.6117901200	-0.7299999600	-0.0715499300	0.0023258423	0.2129225000
0.6020675300	-0.7299999600	-0.0718838500	0.0023484006	0.2094605900
0.5924041300	-0.7299999600	-0.0722021010	0.0023681160	0.2062519500
0.5827996100	-0.7299999600	-0.0725050570	0.0023874797	0.2032763700
0.5732536900	-0.7299999600	-0.0727930740	0.0024061170	0.2004582700
0.5637660600	-0.7299999600	-0.0730665030	0.0024237140	0.1977981600
0.5543363100	-0.7299999600	-0.0733256490	0.0024400457	0.1953036500
0.5449641300	-0.7299999600	-0.0735708250	0.0024554322	0.1928790100
0.5356492400	-0.7299999600	-0.0738022920	0.0024706752	0.1904956300
0.5263912700	-0.7299999600	-0.0740203340	0.0024858108	0.1881823700
0.5171899200	-0.7299999600	-0.0742251720	0.0025003318	0.1859611700
0.5080449000	-0.7299999600	-0.0744170550	0.0025142169	0.1838228600
0.4989557900	-0.7299999600	-0.0745961820	0.0025278847	0.1817290500
0.4899223400	-0.7299999600	-0.0747627470	0.0025414229	0.1796682300
0.4809442200	-0.7299999600	-0.0749169360	0.0025546891	0.1776509000
0.4720211000	-0.7299999600	-0.0750589220	0.0025677269	0.1756739600
0.4631526800	-0.7299999600	-0.0751888530	0.0025806385	0.1737322100
0.4543386100	-0.7299999600	-0.0753068700	0.0025934860	0.1718267600
0.4455786000	-0.7299999600	-0.0754131080	0.0026062304	0.1699617700
0.4368723300	-0.7299999600	-0.0755076780	0.0026188067	0.1681322600
0.4282195000	-0.7299999600	-0.0755906850	0.0026312824	0.1663374600
0.4196197700	-0.7299999600	-0.0756622250	0.0026437097	0.1645781500
0.4110728500	-0.7299999600	-0.0757223960	0.0026560728	0.1628503800
0.4025784700	-0.7299999600	-0.0757712570	0.0026683732	0.1611543300
0.3941362500	-0.7299999600	-0.0758088750	0.0026806824	0.1594897200
0.3857459100	-0.7299999600	-0.0758353250	0.0026930254	0.1578584600
0.3774071900	-0.7299999600	-0.0758506430	0.0027052926	0.1562649500
0.3691197600	-0.7299999600	-0.0758548530	0.0027174877	0.1547085900
0.3608833300	-0.7299999600	-0.0758480210	0.0027296433	0.1532017100
0.3526975800	-0.7299999600	-0.0758301540	0.0027417225	0.1517323000
0.3445622300	-0.7299999600	-0.0758012760	0.0027537421	0.1502875800
0.3364770400	-0.7299999600	-0.0757613930	0.0027657371	0.1488803300
0.3284416500	-0.7299999600	-0.0757105200	0.0027777520	0.1475099600
0.3204557900	-0.7299999600	-0.0756486510	0.0027897522	0.1461784100
0.3125191900	-0.7299999600	-0.0755757760	0.0028016827	0.1448871500
0.3046315600	-0.7299999600	-0.0754918830	0.0028135856	0.1436363500
0.2967926300	-0.7299999600	-0.0753969700	0.0028255077	0.1424256900
0.2890020900	-0.7299999600	-0.0752910000	0.0028373975	0.1412556900
0.2812596900	-0.7299999600	-0.0751739520	0.0028491879	0.1401282000
0.2735651400	-0.7299999600	-0.0750457790	0.0028609084	0.1390442100
0.2659182000	-0.7299999600	-0.0749064760	0.0028726212	0.1380037100
0.2583185700	-0.7299999600	-0.0747559820	0.0028842736	0.1370065200
0.2507659800	-0.7299999600	-0.0745942520	0.0028958046	0.1360535600
0.2432601900	-0.7299999600	-0.0744212270	0.0029072872	0.1351453200
0.2358009100	-0.7299999600	-0.0742368920	0.0029188061	0.1342816700
0.2283878800	-0.7299999600	-0.0740411730	0.0029303086	0.1334631700
0.2210208800	-0.7299999600	-0.0738339870	0.0029416961	0.1326910300
0.2136995900	-0.7299999600	-0.0736152900	0.0029529808	0.1319652900
0.2064238300	-0.7299999600	-0.0733850300	0.0029642519	0.1312858300
0.1991933000	-0.7299999600	-0.0731431250	0.0029755145	0.1306531700
0.1920077700	-0.7299999600	-0.0728894990	0.0029866905	0.1300687500
0.1848669600	-0.7299999600	-0.0726240720	0.0029977613	0.1295331900
0.1777706700	-0.7299999600	-0.0723467770	0.0030088100	0.1290457400
0.1707186500	-0.7299999600	-0.0720575380	0.0030198723	0.1286064700
0.1637106700	-0.7299999600	-0.0717562510	0.0030308395	0.1282168600
0.1567464600	-0.7299999600	-0.0714428350	0.0030416226	0.1278778300
0.1498258000	-0.7299999600	-0.0711172000	0.0030522836	0.1275885900
0.1429484800	-0.7299999600	-0.0707792640	0.0030629411	0.1273484200
0.1361142400	-0.7299999600	-0.0704289230	0.0030735828	0.1271585700
0.1293228900	-0.7299999600	-0.0700660720	0.0030841090	0.1270210600
0.1225741700	-0.7299999600	-0.0696905930	0.0030944783	0.1269351700
0.1158679100	-0.7299999600	-0.0693024170	0.0031048194	0.1268990300
0.1121704400	-0.7299999600	-0.0690799280	0.0031106672	0.1269072900
0.1092035100	-0.7299999600	-0.0689013970	0.0031153345	0.1269069600
0.1025681100	-0.7299999600	-0.0684866010	0.0031259406	0.1269579800
0.0959619950	-0.7299999600	-0.0680578500	0.0031362801	0.1270615200
0.0894160420	-0.7299999600	-0.0676170740	0.0031463674	0.1272186300
0.0829515680	-0.7299999600	-0.0671658140	0.0031566084	0.1274280700
0.0765734610	-0.7299999600	-0.0667046230	0.0031666440	0.1276839700
0.0703183860	-0.7299999600	-0.0662365180	0.0031758051	0.1279867600
0.0642384510	-0.7299999600	-0.0657661110	0.0031846914	0.1283398100
0.0582846590	-0.7299999600	-0.0652903840	0.0031941280	0.1287381900
0.0524146740	-0.7299999600	-0.0648063870	0.0032037889	0.1291772700
0.0466235020	-0.7299999600	-0.0643139330	0.0032131213	0.1296620500
0.0409095400	-0.7299999600	-0.0638131130	0.0032220411	0.1301979100
0.0352732760	-0.7299999600	-0.0633041860	0.0032306279	0.1307821000
0.0297152340	-0.7299999600	-0.0627874730	0.0032390367	0.1314110200
0.0242349670	-0.7299999600	-0.0622631940	0.0032474746	0.1320809400
0.0188316070	-0.7299999600	-0.0617315100	0.0032558506	0.1327977800
0.0135042160	-0.7299999600	-0.0611925610	0.0032640341	0.1335554900
0.0082517508	-0.7299999600	-0.0606465040	0.0032719498	0.1343554000
0.0030732409	-0.7299999600	-0.0600934920	0.0032796747	0.1352014200
-0.0020322672	-0.7299999600	-0.0595337040	0.0032873604	0.1360776400
-0.0070657730	-0.7299999600	-0.0589672740	0.0032958836	0.1370015600
-0.0120281640	-0.7299999600	-0.0583943350	0.0033026521	0.1379812400
-0.0169617110	-0.7299999600	-0.0578100570	0.0033115117	0.1390067800
-0.0218350350	-0.7299999600	-0.0572181830	0.0033180146	0.1400733000
-0.0266260340	-0.7299999600	-0.0566216860	0.0033245381	0.1411666400
-0.0312885200	-0.7299999600	-0.0560269240	0.0033313290	0.1423348800
-0.0359278920	-0.7299999600	-0.0554207380	0.0033386894	0.1434833300
-0.0404684390	-0.7299999600	-0.0548132060	0.0033447666	0.1447350100
-0.0449099840	-0.7299999600	-0.0542049110	0.0033507758	0.1459678100
-0.0493891690	-0.7299999600	-0.0535770540	0.0033615755	0.1472836300
-0.0537543300	-0.7299999600	-0.0529509220	0.0033660669	0.1486560100
-0.0581655470	-0.7299999600	-0.0523034930	0.0033726659	0.1500242100
-0.0623803180	-0.7299999600	-0.0516706970	0.0033753027	0.1514850100
-0.0663589980	-0.7299999600	-0.0510602440	0.0033795647	0.1529839900
-0.0705145600	-0.7299999600	-0.0504086990	0.0033930260	0.1545270800
-0.0736382450	-0.7299999600	-0.0499079710	0.0033963373	0.1557233000
-0.0746500940	-0.7299999600	-0.0497457650	0.0033974277	0.1561056800
-0.0786839280	-0.7299999600	-0.0490847980	0.0033972050	0.1576854300
-0.0824364870	-0.7299999600	-0.0484568550	0.0034014923	0.1593872000
-0.0863680770	-0.7299999600	-0.0477850210	0.0034122873	0.1610883300
-0.0903351010	-0.7299999600	-0.0470922440	0.0034196660	0.1628555100
-0.0941139240	-0.7299999600	-0.0464180190	0.0034220714	0.1646638800
-0.0979202760	-0.7299999600	-0.0457243400	0.0034268471	0.1665424000
-0.1015275200	-0.7299999600	-0.0450531390	0.0034306538	0.1685373000
-0.1051552100	-0.7299999600	-0.0443641390	0.0034343077	0.1705585900
-0.1087846400	-0.7299999600	-0.0436602940	0.0034439537	0.1725682900
-0.1122908100	-0.7299999600	-0.0429661240	0.0034431892	0.1747110900
-0.1157490000	-0.7299999600	-0.0422673110	0.0034446356	0.1768899000
-0.1191709700	-0.7299999600	-0.0415615740	0.0034538712	0.1791486100
-0.1225331700	-0.7299999600	-0.0408539590	0.0034541009	0.1814819000
-0.1258988200	-0.7299999600	-0.0401310510	0.0034562048	0.1837961800
-0.1291762000	-0.7299999600	-0.0394126180	0.0034572448	0.1861757800
-0.1322521400	-0.7299999600	-0.0387248510	0.0034586746	0.1887138800
-0.1354294700	-0.7299999600	-0.0380002070	0.0034671910	0.1913555100
-0.1386146100	-0.7299999600	-0.0372588040	0.0034684671	0.1940700100
-0.1416890800	-0.7299999600	-0.0365284980	0.0034634235	0.1968268800
-0.1447176200	-0.7299999600	-0.0357945450	0.0034638001	0.1996881700
-0.1477008300	-0.7299999600	-0.0350568890	0.0034605372	0.2026560300
-0.1507719200	-0.7299999600	-0.0342816230	0.0034656089	0.2058109800
-0.1539994900	-0.7299999600	-0.0334487740	0.0034842794	0.2094166000
-0.1571080700	-0.7299999600	-0.0326266180	0.0034715616	0.2128588700
-0.1577515600	-0.7299999600	-0.0324563350	0.0034690039	0.2135764100
-0.1615834100	-0.7299999600	-0.0314145090	0.0034781487	0.2186363500
-0.1651095300	-0.7299999600	-0.0304293000	0.0034811738	0.2230743200
-0.1687234500	-0.7299999600	-0.0293915230	0.0034597889	0.2280565400
-0.1721648400	-0.7299999600	-0.0283753110	0.0034562891	0.2335456600
-0.1750795200	-0.7299999600	-0.0274920740	0.0034312667	0.2382807600
-0.1777654100	-0.7299999600	-0.0266589560	0.0034207002	0.2428878800
-0.1802705100	-0.7299999600	-0.0258645710	0.0034259154	0.2475780100
-0.1827044300	-0.7299999600	-0.0250758980	0.0034014609	0.2526715700
-0.1853341900	-0.7299999600	-0.0242038830	0.0033804879	0.2577913100
-0.1878968600	-0.7299999600	-0.0233331750	0.0034080839	0.2636729800
-0.1909683800	-0.7299999600	-0.0222595800	0.0033424445	0.2707825600
-0.1920398300	-0.7299999600	-0.0218790790	0.0033275906	0.2730397300
-0.1954507400	-0.7299999600	-0.0206359770	0.0033428742	0.2827466700
-0.1991007000	-0.7299999600	-0.0192544740	0.0033407169	0.2938388600
-0.2031911800	-0.7299999600	-0.0176366230	0.0033187500	0.3076293200
-0.2076019900	-0.7299999600	-0.0157994740	0.0033117428	0.3246140500
-0.2120251700	-0.7299999600	-0.0138474670	0.0032559400	0.3444880200
-0.2150716600	-0.7299999600	-0.0124145550	0.0031692622	0.3608119800
-0.2163211400	-0.7299999600	-0.0118265920	0.0031310516	0.3675805600
-0.2204926300	-0.7299999600	-0.0097243935	0.0030921267	0.3968146700
-0.2247218900	-0.7299999600	-0.0074225357	0.0029277793	0.4290689500
-0.2285834400	-0.7299999600	-0.0051306263	0.0025948373	0.4698113500
-0.2301706500	-0.7299999600	-0.0041179429	0.0024913846	0.4892287300
-0.2315527200	-0.7299999600	-0.0032041355	0.0024820800	0.5070952800
-0.2332664300	-0.7299999600	-0.0020306897	0.0025234522	0.5320107300
-0.2363266200	-0.7299999600	0.0002541216	0.0024710133	0.5836110700
-0.2387530500	-0.7299999600	0.0022690764	0.0024301923	0.6419675900
-0.2411078100	-0.7299999600	0.0044911220	0.0021282485	0.6998427500
-0.2415257800	-0.7299999600	0.0048942701	0.0020836262	0.7107637500
-0.2423457500	-0.7299999600	0.0057919286	0.0019682594	0.7428391600
-0.2432683900	-0.7299999600	0.0067979814	0.0018264348	0.7775114200
-0.2436972700	-0.7299999600	0.0073356670	0.0017688220	0.7931823700
-0.2449333200	-0.7299999600	0.0089076264	0.0015751692	0.8334711800
-0.2461212100	-0.7299999600	0.0107012700	0.0011658822	0.8861447000
-0.2463688900	-0.7299999600	0.0110974170	0.0011056960	0.8968696000
-0.2471306000	-0.7299999600	0.0125044700	0.0008138519	0.9394143200
-0.2477897600	-0.7299999600	0.0139623860	0.0005301212	0.9662463100
-0.2483317400	-0.7299999600	0.0154677920	0.0002102386	0.9819271600
-0.2487405100	-0.7299999600	0.0170146950	-0.0000263078	0.9812676900
-0.2490008900	-0.7299999600	0.0185933650	-0.0000966780	0.9595758900
-0.2491054700	-0.7299999600	0.0201899450	0.0000437973	0.9136759600
-0.2490486800	-0.7299999600	0.0217889360	0.0004000450	0.8408664500
-0.2488270000	-0.7299999600	0.0233735050	0.0009359384	0.7505912200
-0.2484465700	-0.7299999600	0.0249276200	0.0016096180	0.6497179900
-0.2479150900	-0.7299999600	0.0264367700	0.0023264315	0.5396550300
-0.2472440700	-0.7299999600	0.0278892630	0.0029012689	0.4294962900
-0.2464500400	-0.7299999600	0.0292783290	0.0034416180	0.3260047100
-0.2455485500	-0.7299999600	0.0306001900	0.0038915891	0.2367871100
-0.2445538500	-0.7299999600	0.0318534110	0.0040488505	0.1445754200
-0.2442372400	-0.7299999600	0.0322043230	0.0040856194	0.1269517700
-0.2428185000	-0.7299999600	0.0337021430	0.0045003092	0.0553186280
-0.2416726600	-0.7299999600	0.0347497610	0.0047554020	0.0180635620
-0.2410427500	-0.7299999600	0.0353048410	0.0048382716	-0.0048255553
-0.2393162500	-0.7299999600	0.0366620050	0.0049186634	-0.0560458900
-0.2380908400	-0.7299999600	0.0375452000	0.0050187936	-0.0788035020
-0.2360374900	-0.7299999600	0.0388956000	0.0051850018	-0.1088883800
-0.2344876200	-0.7299999600	0.0398235100	0.0052899700	-0.1256627900
-0.2329708600	-0.7299999600	0.0406789480	0.0053584700	-0.1389385600
-0.2291973100	-0.7299999600	0.0425885650	0.0052891950	-0.1606992600
-0.2287043000	-0.7299999600	0.0428128880	0.0052919815	-0.1622757600
-0.2256701600	-0.7299999600	0.0441499350	0.0053539478	-0.1688225100
-0.2214440700	-0.7299999600	0.0458157700	0.0053433535	-0.1731881800
-0.2179340100	-0.7299999600	0.0470544810	0.0053530713	-0.1732708200
-0.2141275700	-0.7299999600	0.0482788160	0.0052416568	-0.1717285700
-0.2101307400	-0.7299999600	0.0494515750	0.0051902766	-0.1695798300
-0.2085622700	-0.7299999600	0.0498724130	0.0051749856	-0.1679165500
-0.2061569800	-0.7299999600	0.0505172950	0.0051466342	-0.1653614300
-0.2019250500	-0.7299999600	0.0515575780	0.0050283327	-0.1605640600
-0.1976527300	-0.7299999600	0.0525214300	0.0049120295	-0.1567344800
-0.1931563200	-0.7299999600	0.0534518170	0.0049010352	-0.1516575500
-0.1887608200	-0.7299999600	0.0542871800	0.0048581529	-0.1460675300
-0.1843715000	-0.7299999600	0.0550554470	0.0046773412	-0.1413381800
-0.1835451700	-0.7299999600	0.0551927690	0.0046590995	-0.1407055600
-0.1795506500	-0.7299999600	0.0558314360	0.0046206981	-0.1365260600
-0.1786852300	-0.7299999600	0.0559616570	0.0046189316	-0.1357680300
-0.1751338400	-0.7299999600	0.0564835300	0.0046210690	-0.1328726100
-0.1720724600	-0.7299999600	0.0569061860	0.0045402288	-0.1298286500
-0.1693218200	-0.7299999600	0.0572661720	0.0044803034	-0.1273433900
-0.1666829400	-0.7299999600	0.0575947720	0.0044530959	-0.1248776000
-0.1640360500	-0.7299999600	0.0579085570	0.0044389561	-0.1223911400
-0.1611904700	-0.7299999600	0.0582286940	0.0043892937	-0.1197818300
-0.1590088500	-0.7299999600	0.0584623630	0.0043695955	-0.1180495500
-0.1559091400	-0.7299999600	0.0587792770	0.0043692104	-0.1153551900
-0.1531949600	-0.7299999600	0.0590394920	0.0043383518	-0.1128434900
-0.1525401500	-0.7299999600	0.0591022330	0.0043307606	-0.1122324800
-0.1502971900	-0.7299999600	0.0593023340	0.0042926004	-0.1098440700
-0.1486546500	-0.7299999600	0.0594488750	0.0042645861	-0.1080986100
-0.1482145800	-0.7299999600	0.0594851970	0.0042621350	-0.1078561800
-0.1448030200	-0.7299999600	0.0597663370	0.0042443329	-0.1060841100
-0.1415196700	-0.7299999600	0.0600173400	0.0041941030	-0.1036870900
-0.1383784600	-0.7299999600	0.0602412220	0.0041517844	-0.1013336000
-0.1353303300	-0.7299999600	0.0604438600	0.0041271431	-0.0990753020
-0.1322386000	-0.7299999600	0.0606352540	0.0041008922	-0.0968754220
-0.1291027200	-0.7299999600	0.0608152670	0.0040714891	-0.0946648050
-0.1259221000	-0.7299999600	0.0609837400	0.0040423794	-0.0924524740
-0.1226961800	-0.7299999600	0.0611405450	0.0040149803	-0.0902594850
-0.1194243700	-0.7299999600	0.0612855550	0.0039858889	-0.0880244080
-0.1160459200	-0.7299999600	0.0614209700	0.0039537260	-0.0857525240
-0.1127405200	-0.7299999600	0.0615398210	0.0039231638	-0.0836059300
-0.1093266800	-0.7299999600	0.0616488610	0.0038969529	-0.0813277890
-0.1058711100	-0.7299999600	0.0617454090	0.0038671153	-0.0791086260
-0.1023359100	-0.7299999600	0.0618301850	0.0038384956	-0.0770031810
-0.0989583810	-0.7299999600	0.0618983170	0.0038136627	-0.0748646480
-0.0951923360	-0.7299999600	0.0619598930	0.0037843042	-0.0726070480
-0.0914612780	-0.7299999600	0.0620064100	0.0037515309	-0.0703605560
-0.0877562690	-0.7299999600	0.0620387420	0.0037226980	-0.0683492940
-0.0840190280	-0.7299999600	0.0620577190	0.0036959310	-0.0660810840
-0.0801522660	-0.7299999600	0.0620633070	0.0036689262	-0.0638690070
-0.0762849000	-0.7299999600	0.0620549730	0.0036426328	-0.0616189060
-0.0721526220	-0.7299999600	0.0620311050	0.0036112310	-0.0592254400
-0.0682642610	-0.7299999600	0.0619949330	0.0035805480	-0.0572003680
-0.0643535480	-0.7299999600	0.0619455130	0.0035538004	-0.0549919680
-0.0620848310	-0.7299999600	0.0619094040	0.0035387729	-0.0536818430
-0.0603921380	-0.7299999600	0.0618824330	0.0035279150	-0.0527066250
-0.0561281850	-0.7299999600	0.0618002340	0.0035031244	-0.0504953530
-0.0519272760	-0.7299999600	0.0617051090	0.0034789836	-0.0482017880
-0.0475552040	-0.7299999600	0.0615915880	0.0034492454	-0.0457945130
-0.0432493130	-0.7299999600	0.0614657070	0.0034200883	-0.0435782410
-0.0389984400	-0.7299999600	0.0613280720	0.0033971302	-0.0412690120
-0.0345518370	-0.7299999600	0.0611702320	0.0033704073	-0.0389267500
-0.0301028230	-0.7299999600	0.0609984290	0.0033469335	-0.0366014500
-0.0255286060	-0.7299999600	0.0608076680	0.0033235980	-0.0341565350
-0.0208400770	-0.7299999600	0.0605976510	0.0032978020	-0.0317437460
-0.0161493510	-0.7299999600	0.0603732240	0.0032745898	-0.0293140360
-0.0113937490	-0.7299999600	0.0601314600	0.0032499958	-0.0268613980
-0.0065723355	-0.7299999600	0.0598720270	0.0032287301	-0.0243513880
-0.0016443632	-0.7299999600	0.0595923140	0.0032057172	-0.0217813140
0.0033570232	-0.7299999600	0.0592937510	0.0031832704	-0.0191952790
0.0083865635	-0.7299999600	0.0589789520	0.0031623681	-0.0166093020
0.0134774060	-0.7299999600	0.0586458330	0.0031406408	-0.0139980550
0.0186384730	-0.7299999600	0.0582935850	0.0031203443	-0.0113469230
0.0238706450	-0.7299999600	0.0579218750	0.0031001859	-0.0086706337
0.0291748770	-0.7299999600	0.0575303770	0.0030799649	-0.0059558535
0.0345521050	-0.7299999600	0.0571187850	0.0030597743	-0.0031953063
0.0400032550	-0.7299999600	0.0566867810	0.0030398815	-0.0003952722
0.0455291270	-0.7299999600	0.0562340620	0.0030202128	0.0024443052
0.0511303210	-0.7299999600	0.0557603050	0.0030005735	0.0053233681
0.0568069000	-0.7299999600	0.0552652480	0.0029807761	0.0082401326
0.0625584650	-0.7299999600	0.0547486920	0.0029606935	0.0111924390
0.0683852140	-0.7299999600	0.0542104060	0.0029405222	0.0141808180
0.0743024270	-0.7299999600	0.0536487030	0.0029205397	0.0172157600
0.0803418010	-0.7299999600	0.0530601070	0.0029004019	0.0203105340
0.0864998330	-0.7299999600	0.0524443950	0.0028794235	0.0234563820
0.0927476810	-0.7299999600	0.0518040510	0.0028575044	0.0266444050
0.0990777160	-0.7299999600	0.0511396040	0.0028350977	0.0298762730
0.1054936300	-0.7299999600	0.0504504220	0.0028123523	0.0331490490
0.1119964300	-0.7299999600	0.0497361350	0.0027891023	0.0364607800
0.1185824500	-0.7299999600	0.0489968960	0.0027652559	0.0398060270
0.1194986500	-0.7299999600	0.0488918910	0.0027618963	0.0402696840
0.1252429900	-0.7299999600	0.0482335170	0.0027398460	0.0431589220
0.1319544900	-0.7299999600	0.0474486500	0.0027138018	0.0465182400
0.1386944400	-0.7299999600	0.0466450190	0.0026874261	0.0498775390
0.1454669200	-0.7299999600	0.0458222780	0.0026608238	0.0532373150
0.1522794800	-0.7299999600	0.0449796430	0.0026340186	0.0565978470
0.1591323300	-0.7299999600	0.0441171900	0.0026070622	0.0599562640
0.1660257000	-0.7299999600	0.0432349820	0.0025800024	0.0633109880
0.1729598300	-0.7299999600	0.0423330550	0.0025527967	0.0666615440
0.1799349600	-0.7299999600	0.0414114710	0.0025254461	0.0700059530
0.1869513200	-0.7299999600	0.0404702720	0.0024980582	0.0733406100
0.1940091600	-0.7299999600	0.0395095270	0.0024707231	0.0766621160
0.2011087400	-0.7299999600	0.0385292660	0.0024434019	0.0799688850
0.2082502500	-0.7299999600	0.0375295170	0.0024160591	0.0832592250
0.2154340100	-0.7299999600	0.0365103190	0.0023887838	0.0865301940
0.2226602300	-0.7299999600	0.0354717190	0.0023617089	0.0897782370
0.2299291800	-0.7299999600	0.0344137360	0.0023348897	0.0930001070
0.2372410700	-0.7299999600	0.0333363940	0.0023083230	0.0961930230
0.2445962100	-0.7299999600	0.0322397050	0.0022820649	0.0993531940
0.2519948500	-0.7299999600	0.0311237030	0.0022562181	0.1024758100
0.2594372000	-0.7299999600	0.0299884030	0.0022308124	0.1055568800
0.2669235800	-0.7299999600	0.0288337990	0.0022057973	0.1085931600
0.2744542100	-0.7299999600	0.0276598990	0.0021811917	0.1115811000
0.2820293600	-0.7299999600	0.0264667070	0.0021571368	0.1145154800
0.2896493400	-0.7299999600	0.0252542310	0.0021337526	0.1173911000
0.2973143500	-0.7299999600	0.0240224470	0.0021110788	0.1202037900
0.3050247100	-0.7299999600	0.0227713440	0.0020891738	0.1229479100
0.3127806500	-0.7299999600	0.0215009060	0.0020681805	0.1256180000
0.3205824800	-0.7299999600	0.0202111170	0.0020482446	0.1282083400
0.3284304100	-0.7299999600	0.0189019440	0.0020294728	0.1307130500
0.3363248100	-0.7299999600	0.0175733440	0.0020119878	0.1331253600
0.3442658800	-0.7299999600	0.0162252880	0.0019958470	0.1354388000
0.3522539100	-0.7299999600	0.0148577310	0.0019810138	0.1376466500
0.3602891600	-0.7299999600	0.0134706130	0.0019675305	0.1397404400
0.3683719300	-0.7299999600	0.0120638740	0.0019556227	0.1417120500
0.3765025400	-0.7299999600	0.0106374550	0.0019453803	0.1435546300
0.3846812000	-0.7299999600	0.0091912830	0.0019369018	0.1452634000
0.3929081900	-0.7299999600	0.0077252691	0.0019304739	0.1468299600
0.4011838100	-0.7299999600	0.0062393281	0.0019262810	0.1482444400
0.4095083500	-0.7299999600	0.0047333660	0.0019244893	0.1494972400
0.4178820800	-0.7299999600	0.0032072752	0.0019252211	0.1505767700
0.4263052900	-0.7299999600	0.0016609352	0.0019285607	0.1514746700
0.4347782400	-0.7299999600	0.0000942282	0.0019346544	0.1521813700
0.4433012300	-0.7299999600	-0.0014929789	0.0019435888	0.1526918100
0.4518745500	-0.7299999600	-0.0031008399	0.0019553541	0.1529960500
0.4604984500	-0.7299999600	-0.0047295056	0.0019700956	0.1530783500
0.4691731900	-0.7299999600	-0.0063791354	0.0019881705	0.1529296900
0.4778991000	-0.7299999600	-0.0080499202	0.0020095702	0.1525314000
0.4866764500	-0.7299999600	-0.0097420486	0.0020340151	0.1518734500
0.4955055100	-0.7299999600	-0.0114557160	0.0020615676	0.1509330700
0.5043865400	-0.7299999600	-0.0131911470	0.0020922628	0.1496733100
0.5133197900	-0.7299999600	-0.0149485760	0.0021263533	0.1480872900
0.5223056700	-0.7299999600	-0.0167282390	0.0021636892	0.1461492800
0.5313442900	-0.7299999600	-0.0185304060	0.0022031296	0.1438773700
0.5404359700	-0.7299999600	-0.0203553530	0.0022448453	0.1412457500
0.5495809900	-0.7299999600	-0.0222033670	0.0022888156	0.1381659400
0.5587796000	-0.7299999600	-0.0240747720	0.0023342747	0.1346567100
0.5680320900	-0.7299999600	-0.0259698850	0.0023821937	0.1306293500
0.5773387000	-0.7299999600	-0.0278890560	0.0024334276	0.1259830000
0.5866996600	-0.7299999600	-0.0298326560	0.0024858653	0.1207796900
0.5961152900	-0.7299999600	-0.0318010670	0.0025366899	0.1152320800
0.6055857500	-0.7299999600	-0.0337947090	0.0025885322	0.1093479500
0.6151114100	-0.7299999600	-0.0358139950	0.0026400909	0.1031121500
0.6246923800	-0.7299999600	-0.0378593950	0.0026864821	0.0969464700
0.6343289600	-0.7299999600	-0.0399313760	0.0027318451	0.0905971380
0.6440251500	-0.7299999600	-0.0420312580	0.0027780678	0.0836794230
0.6537980400	-0.7299999600	-0.0441632720	0.0028191785	0.0767017160
0.6542184900	-0.7299999600	-0.0442556890	0.0028207112	0.0764273330
0.6636509900	-0.7299999600	-0.0463287980	0.0028546008	0.0704917980
1 2 
2 3 
3 4 
4 5 
5 6 
6 7 
7 8 
8 9 
9 10 
10 11 
11 12 
12 13 
13 14 
14 15 
15 16 
16 17 
17 18 
18 19 
19 20 
20 21 
21 22 
22 23 
23 24 
24 25 
25 26 
26 27 
27 28 
28 29 
29 30 
30 31 
31 32 
32 33 
33 34 
34 35 
35 36 
36 37 
37 38 
38 39 
39 40 
40 41 
41 42 
42 43 
43 44 
44 45 
45 46 
46 47 
47 48 
48 49 
49 50 
50 51 
51 52 
52 53 
53 54 
54 55 
55 56 
56 57 
57 58 
58 59 
59 60 
60 61 
61 62 
62 63 
63 64 
64 65 
65 66 
66 67 
67 68 
68 69 
69 70 
70 71 
71 72 
72 73 
73 74 
74 75 
75 76 
76 77 
77 78 
78 79 
79 80 
80 81 
81 82 
82 83 
83 84 
84 85 
85 86 
86 87 
87 88 
88 89 
89 90 
90 91 
91 92 
92 93 
93 94 
94 95 
95 96 
96 97 
97 98 
98 99 
99 100 
100 101 
101 102 
102 103 
103 104 
104 105 
105 106 
106 107 
107 108 
108 109 
109 110 
110 111 
111 112 
112 113 
113 114 
114 115 
115 116 
116 117 
117 118 
118 119 
119 120 
120 121 
121 122 
122 123 
123 124 
124 125 
125 126 
126 127 
127 128 
128 129 
129 130 
130 131 
131 132 
132 133 
133 134 
134 135 
135 136 
136 137 
137 138 
138 139 
139 140 
140 141 
141 142 
142 143 
143 144 
144 145 
145 146 
146 147 
147 148 
148 149 
149 150 
150 151 
151 152 
152 153 
153 154 
154 155 
155 156 
156 157 
157 158 
158 159 
159 160 
160 161 
161 162 
162 163 
163 164 
164 165 
165 166 
166 167 
167 168 
168 169 
169 170 
170 171 
171 172 
172 173 
173 174 
174 175 
175 176 
176 177 
177 178 
178 179 
179 180 
180 181 
181 182 
182 183 
183 184 
184 185 
185 186 
186 187 
187 188 
188 189 
189 190 
190 191 
191 192 
192 193 
193 194 
194 195 
195 196 
196 197 
197 198 
198 199 
199 200 
200 201 
201 202 
202 203 
203 204 
204 205 
205 206 
206 207 
207 208 
208 209 
209 210 
210 211 
211 212 
212 213 
213 214 
214 215 
215 216 
216 217 
217 218 
218 219 
219 220 
220 221 
221 222 
222 223 
223 224 
224 225 
225 226 
226 227 
227 228 
228 229 
229 230 
230 231 
231 232 
232 233 
233 234 
234 235 
235 236 
236 237 
237 238 
238 239 
239 240 
240 241 
241 242 
242 243 
243 244 
244 245 
245 246 
246 247 
247 248 
248 249 
249 250 
250 251 
251 252 
252 253 
253 254 
254 255 
255 256 
256 257 
257 258 
258 259 
259 260 
260 261 
261 262 
262 263 
263 264 
264 265 
265 266 
266 267 
267 268 
268 269 
269 270 
270 271 
271 272 
272 273 
273 274 
274 275 
275 276 
276 277 
277 278 
278 279 
279 280 
280 281 
281 282 
282 283 
283 284 
284 285 
285 286 
286 287 
287 288 
288 289 
289 290 
290 291 
291 292 
292 293 
293 294 
294 295 
295 296 
296 297 
297 298 
298 299 
299 300 
300 301 
301 302 
302 303 
303 304 
304 305 
305 306 
306 307 
307 308 
308 309 
309 310 
310 311 
311 312 
312 313 
313 314 
314 315 
315 316 
316 317 
317 318 
318 319 
319 320 
320 321 
321 322 
322 323 
323 324 
324 325 
325 326 
326 327 
327 328 
328 329 
329 330 
330 331 
331 332 
332 333 
333 334 
334 335 
335 336 
336 337 
337 338 
338 339 
339 340 
340 341 
341 342 
342 343 
343 344 
344 345 
345 346 
346 347 
347 348 
348 349 
349 350 
350 351 
351 352 
352 353 
353 354 
354 355 
355 356 
356 357 
357 358 
358 359 
359 360 
360 361 
361 362 
362 363 
363 364 
364 365 
365 366 
366 367 
367 368 
368 369 
369 370 
370 371 
371 372 
372 373 
373 374 
374 375 
375 376 
376 377 
377 378 
378 379 
379 380 
380 381 
381 382 
382 383 
383 384 
384 385 
385 386 
386 387 
387 388 
388 389 
389 390 
390 391 
391 392 
392 393 
393 394 
394 395 
395 396 
396 397 
397 398 
398 399 
399 400 
400 401 
401 402 
402 403 
403 404 
