TITLE     = "tecplot geometry and solution file"
VARIABLES = "x"
"y"
"z"
"cp"
"cf_x"
ZONE T="Slice: Y=-0.001"
 STRANDID=0, SOLUTIONTIME=0
 Nodes=315, Elements=313, ZONETYPE=FELineSeg
 DATAPACKING=POINT
 DT=(SINGLE SINGLE SINGLE SINGLE SINGLE )
 -2.462019324E-01 -1.000000047E-03 4.341204464E-02 -6.048790812E-01 2.465591533E-03
 7.386057973E-01 -1.000000047E-03 -1.302361339E-01 3.818183541E-01 1.880818163E-03
 7.386057973E-01 -1.000000047E-03 -1.302361339E-01 3.818183541E-01 1.880818163E-03
 -2.462019324E-01 -1.000000047E-03 4.341204464E-02 -6.048790812E-01 2.465591533E-03
 -2.463828623E-01 -1.000000047E-03 4.199763387E-02 -3.898405433E-01 1.448970870E-03
 -2.463196218E-01 -1.000000047E-03 4.262143746E-02 -4.698484540E-01 1.868093619E-03
 -2.464354485E-01 -1.000000047E-03 4.097399488E-02 -2.354017347E-01 7.125874399E-04
 -2.463997453E-01 -1.000000047E-03 4.178169370E-02 -3.501389921E-01 1.287781051E-03
 -2.464371771E-01 -1.000000047E-03 4.086190835E-02 -2.211820036E-01 6.354530924E-04
 -2.463471144E-01 -1.000000047E-03 3.894746676E-02 4.329841956E-02 -5.207201466E-04
 -2.463373840E-01 -1.000000047E-03 3.885657340E-02 5.562720820E-02 -5.650680978E-04
 -2.460203618E-01 -1.000000047E-03 3.697287291E-02 2.941896915E-01 -1.282122568E-03
 -2.460002303E-01 -1.000000047E-03 3.688353673E-02 3.040694892E-01 -1.305405051E-03
 -2.454812974E-01 -1.000000047E-03 3.504493088E-02 5.015510917E-01 -1.608899212E-03
 -2.454521358E-01 -1.000000047E-03 3.495799750E-02 5.094363689E-01 -1.615477726E-03
 -2.447597980E-01 -1.000000047E-03 3.317725658E-02 6.513608098E-01 -1.631268067E-03
 -2.447229028E-01 -1.000000047E-03 3.309321404E-02 6.571221352E-01 -1.629007631E-03
 -2.438830584E-01 -1.000000047E-03 3.137820959E-02 7.719817162E-01 -1.464083209E-03
 -2.438389510E-01 -1.000000047E-03 3.129614890E-02 7.764461637E-01 -1.450794283E-03
 -2.428732961E-01 -1.000000047E-03 2.964653075E-02 8.469281793E-01 -1.212268253E-03
 -2.427827716E-01 -1.000000047E-03 2.950290404E-02 8.537649512E-01 -1.195868012E-03
 -2.422970980E-01 -1.000000047E-03 2.876304276E-02 8.843340278E-01 -1.073128195E-03
 -2.421728671E-01 -1.000000047E-03 2.857958339E-02 8.901139498E-01 -1.047234517E-03
 -2.416117489E-01 -1.000000047E-03 2.778330818E-02 9.138173461E-01 -9.118185262E-04
 -2.414822876E-01 -1.000000047E-03 2.760516293E-02 9.201540947E-01 -8.825758705E-04
 -2.408379912E-01 -1.000000047E-03 2.675147913E-02 9.394224882E-01 -7.188033778E-04
 -2.406787276E-01 -1.000000047E-03 2.654686384E-02 9.440401793E-01 -6.832082872E-04
 -2.399452925E-01 -1.000000047E-03 2.564005367E-02 9.571905732E-01 -5.222197506E-04
 -2.397794425E-01 -1.000000047E-03 2.544105612E-02 9.595085382E-01 -4.911944270E-04
 -2.389360219E-01 -1.000000047E-03 2.446698956E-02 9.789092541E-01 -3.348550526E-04
 7.343786359E-01 -1.000000047E-03 -1.301067621E-01 4.180548191E-01 5.874371273E-04
 -2.387205809E-01 -1.000000047E-03 2.422580309E-02 9.815962315E-01 -3.001385194E-04
 -2.377762794E-01 -1.000000047E-03 2.320646867E-02 9.904175997E-01 -1.389392419E-04
 -2.375772446E-01 -1.000000047E-03 2.299773693E-02 9.913213849E-01 -1.020635245E-04
 -2.365033925E-01 -1.000000047E-03 2.191066928E-02 9.950973988E-01 7.978433860E-05
 -2.362406254E-01 -1.000000047E-03 2.165153995E-02 9.951999784E-01 1.176438454E-04
 -2.349908352E-01 -1.000000047E-03 2.046400495E-02 9.890344143E-01 2.643431071E-04
 -2.346981764E-01 -1.000000047E-03 2.019356750E-02 9.876220226E-01 2.935145458E-04
 -2.332614809E-01 -1.000000047E-03 1.891261898E-02 9.913098216E-01 4.417941964E-04
 -2.329258323E-01 -1.000000047E-03 1.862165704E-02 9.891816974E-01 4.750345543E-04
 -2.312667817E-01 -1.000000047E-03 1.723603532E-02 9.802207947E-01 6.187280524E-04
 7.343029976E-01 -1.000000047E-03 -1.301043481E-01 4.178185165E-01 5.837779609E-04
 7.303515077E-01 -1.000000047E-03 -1.299802512E-01 4.166564941E-01 5.157905398E-04
 -2.308892608E-01 -1.000000047E-03 1.692876033E-02 9.781648517E-01 6.454362883E-04
 -2.288781255E-01 -1.000000047E-03 1.535614673E-02 9.602239132E-01 7.674371591E-04
 -2.283439785E-01 -1.000000047E-03 1.494978927E-02 9.559072256E-01 7.937757182E-04
 -2.259771377E-01 -1.000000047E-03 1.321956608E-02 9.339040518E-01 8.874789346E-04
 -2.254376262E-01 -1.000000047E-03 1.283647586E-02 9.287872910E-01 9.052763344E-04
 -2.226790190E-01 -1.000000047E-03 1.095281262E-02 9.076797366E-01 9.746912401E-04
 -2.219882607E-01 -1.000000047E-03 1.049424615E-02 9.023784995E-01 9.872263763E-04
 -2.187562287E-01 -1.000000047E-03 8.435075171E-03 8.803325891E-01 1.039185794E-03
 7.301001549E-01 -1.000000047E-03 -1.299721301E-01 4.166221321E-01 5.137342960E-04
 -2.179940045E-01 -1.000000047E-03 7.962441072E-03 8.747317195E-01 1.047664904E-03
 -2.141149938E-01 -1.000000047E-03 5.656260531E-03 8.506549001E-01 1.099439571E-03
 -2.130947709E-01 -1.000000047E-03 5.067665130E-03 8.451825976E-01 1.109138364E-03
 -2.085311413E-01 -1.000000047E-03 2.542865928E-03 8.170761466E-01 1.159530482E-03
 -2.076145113E-01 -1.000000047E-03 2.049459144E-03 8.111055493E-01 1.167564071E-03
 -2.020091265E-01 -1.000000047E-03 -8.367197006E-04 7.826234102E-01 1.224531792E-03
 7.182310820E-01 -1.000000047E-03 -1.295780987E-01 4.095280468E-01 5.635578418E-04
 -2.008016855E-01 -1.000000047E-03 -1.441974659E-03 7.768127918E-01 1.231229631E-03
 -1.940055639E-01 -1.000000047E-03 -4.684588406E-03 7.479856014E-01 1.300524222E-03
 -1.922788918E-01 -1.000000047E-03 -5.483747460E-03 7.409224510E-01 1.309121610E-03
 -1.842482388E-01 -1.000000047E-03 -9.027794003E-03 7.042514682E-01 1.396272448E-03
 -1.829423159E-01 -1.000000047E-03 -9.586634114E-03 6.981402636E-01 1.405420247E-03
 -1.731785387E-01 -1.000000047E-03 -1.356827281E-02 6.690207720E-01 1.487516798E-03
 7.147771120E-01 -1.000000047E-03 -1.294591874E-01 4.072992206E-01 5.786918919E-04
 7.041587830E-01 -1.000000047E-03 -1.290799230E-01 4.010161757E-01 5.872874754E-04
 -1.707651466E-01 -1.000000047E-03 -1.452275366E-02 6.618997455E-01 1.514878357E-03
 -1.588317454E-01 -1.000000047E-03 -1.898388192E-02 6.279843450E-01 1.617079834E-03
 -1.554187089E-01 -1.000000047E-03 -2.021440677E-02 6.196005940E-01 1.632957137E-03
 -1.413059980E-01 -1.000000047E-03 -2.503109723E-02 5.885726810E-01 1.652238308E-03
 -1.378025115E-01 -1.000000047E-03 -2.618464641E-02 5.808416009E-01 1.620023511E-03
 -1.208837777E-01 -1.000000047E-03 -3.142867982E-02 5.481024384E-01 1.599072479E-03
 6.983395219E-01 -1.000000047E-03 -1.288676113E-01 3.988805711E-01 6.059262087E-04
 6.844682693E-01 -1.000000047E-03 -1.283270121E-01 3.943257034E-01 6.394355441E-04
 -1.158503443E-01 -1.000000047E-03 -3.293597326E-02 5.411170721E-01 1.582021592E-03
 -9.499207139E-02 -1.000000047E-03 -3.877146542E-02 5.160332918E-01 1.588128973E-03
 -8.833817393E-02 -1.000000047E-03 -4.055430740E-02 5.068722367E-01 1.582432888E-03
 -6.452304125E-02 -1.000000047E-03 -4.652545974E-02 4.794354141E-01 1.586997765E-03
 -5.671461299E-02 -1.000000047E-03 -4.838670045E-02 4.729276597E-01 1.581270713E-03
 -3.173372895E-02 -1.000000047E-03 -5.400784314E-02 4.560746551E-01 1.554299379E-03
 6.748397350E-01 -1.000000047E-03 -1.279446185E-01 3.908348083E-01 6.629664567E-04
 6.575985551E-01 -1.000000047E-03 -1.272014081E-01 3.844106197E-01 7.036350435E-04
 -2.260585316E-02 -1.000000047E-03 -5.595305189E-02 4.502495527E-01 1.543266349E-03
 1.831626520E-03 -1.000000047E-03 -6.090151891E-02 4.320279360E-01 1.514509087E-03
 1.245762035E-02 -1.000000047E-03 -6.294633448E-02 4.240087867E-01 1.501278719E-03
 3.986649960E-02 -1.000000047E-03 -6.793157011E-02 4.121891856E-01 1.468212577E-03
 6.434620619E-01 -1.000000047E-03 -1.265743673E-01 3.799279630E-01 7.246418972E-04
 6.240301132E-01 -1.000000047E-03 -1.256413907E-01 3.748278618E-01 7.593121845E-04
 5.395684764E-02 -1.000000047E-03 -7.037781924E-02 4.067941904E-01 1.435770420E-03
 1.103665307E-01 -1.000000047E-03 -7.927999645E-02 3.829384148E-01 1.347805257E-03
 1.119812205E-01 -1.000000047E-03 -7.951618731E-02 3.824023902E-01 1.346254256E-03
 1.415954381E-01 -1.000000047E-03 -8.369574696E-02 3.752031028E-01 1.267712680E-03
 1.488689929E-01 -1.000000047E-03 -8.468283713E-02 3.736419678E-01 1.266580424E-03
 1.788384467E-01 -1.000000047E-03 -8.857740462E-02 3.666753471E-01 1.206416404E-03
 2.162306607E-01 -1.000000047E-03 -9.310003370E-02 3.593131900E-01 1.166877453E-03
 1.879996657E-01 -1.000000047E-03 -8.971790224E-02 3.647210598E-01 1.193488133E-03
 2.245786339E-01 -1.000000047E-03 -9.405972064E-02 3.581586182E-01 1.161106164E-03
 2.502700388E-01 -1.000000047E-03 -9.692084044E-02 3.542006016E-01 1.136092702E-03
 2.596926093E-01 -1.000000047E-03 -9.793076664E-02 3.529483974E-01 1.143104164E-03
 2.836515009E-01 -1.000000047E-03 -1.004219577E-01 3.516505659E-01 1.149426331E-03
 2.971276641E-01 -1.000000047E-03 -1.017684266E-01 3.505679369E-01 1.153868157E-03
 3.194917440E-01 -1.000000047E-03 -1.039401814E-01 3.488103449E-01 1.207032590E-03
 5.842779279E-01 -1.000000047E-03 -1.235761791E-01 3.664723635E-01 9.336073417E-04
 6.055370569E-01 -1.000000047E-03 -1.247147322E-01 3.705995083E-01 7.976528723E-04
 5.411951542E-01 -1.000000047E-03 -1.210738197E-01 3.576655984E-01 1.198352198E-03
 5.670331717E-01 -1.000000047E-03 -1.226077303E-01 3.633258641E-01 1.000922406E-03
 5.026025176E-01 -1.000000047E-03 -1.186091751E-01 3.541721404E-01 9.393180953E-04
 5.307812095E-01 -1.000000047E-03 -1.204293445E-01 3.561451435E-01 1.187814749E-03
 4.965097308E-01 -1.000000047E-03 -1.182001531E-01 3.535248041E-01 9.146402008E-04
 4.704664946E-01 -1.000000047E-03 -1.163958684E-01 3.509006202E-01 8.669992094E-04
 4.637801051E-01 -1.000000047E-03 -1.159166321E-01 3.505032659E-01 8.827775018E-04
 4.391467273E-01 -1.000000047E-03 -1.140949056E-01 3.497604132E-01 9.304146515E-04
 4.282319248E-01 -1.000000047E-03 -1.132599562E-01 3.495839834E-01 9.591317503E-04
 4.041345119E-01 -1.000000047E-03 -1.113554835E-01 3.485786617E-01 1.036756556E-03
 3.888485432E-01 -1.000000047E-03 -1.100976691E-01 3.477849364E-01 1.057740999E-03
 3.667028248E-01 -1.000000047E-03 -1.082211360E-01 3.471832275E-01 1.167767332E-03
 3.325473368E-01 -1.000000047E-03 -1.051593497E-01 3.481047153E-01 1.201168168E-03
 3.536290228E-01 -1.000000047E-03 -1.070714816E-01 3.472257555E-01 1.193804201E-03
 7.386057973E-01 -1.000000047E-03 -1.302361339E-01 3.818183541E-01 1.880817814E-03
 -2.442853898E-01 -1.000000047E-03 3.216202557E-02 7.166966796E-01 -1.603206387E-03
 -2.434078157E-01 -1.000000047E-03 3.052954562E-02 8.069538474E-01 -1.374812215E-03
 -2.443684191E-01 -1.000000047E-03 3.233163431E-02 7.053306699E-01 -1.619857736E-03
 -2.443312109E-01 -1.000000047E-03 3.225149214E-02 7.107179165E-01 -1.617481001E-03
 -2.443272471E-01 -1.000000047E-03 3.224342316E-02 7.112933993E-01 -1.616396359E-03
 -2.443293035E-01 -1.000000047E-03 3.224748001E-02 7.109917402E-01 -1.616350492E-03
 -2.450957298E-01 -1.000000047E-03 3.398946300E-02 5.851092935E-01 -1.713519567E-03
 -2.451659292E-01 -1.000000047E-03 3.416999802E-02 5.707831979E-01 -1.712441444E-03
 -2.451353073E-01 -1.000000047E-03 3.408539295E-02 5.775582194E-01 -1.720890519E-03
 -2.451319695E-01 -1.000000047E-03 3.407684714E-02 5.784093738E-01 -1.720540342E-03
 -2.451337129E-01 -1.000000047E-03 3.408115357E-02 5.780278444E-01 -1.720064553E-03
 -2.457401752E-01 -1.000000047E-03 3.588390350E-02 4.105730653E-01 -1.615408924E-03
 -2.457932830E-01 -1.000000047E-03 3.607206047E-02 3.903721571E-01 -1.585140941E-03
 -2.457709461E-01 -1.000000047E-03 3.598402068E-02 3.999267519E-01 -1.612911117E-03
 -2.457684129E-01 -1.000000047E-03 3.597510979E-02 4.009911716E-01 -1.613779226E-03
 -2.457697690E-01 -1.000000047E-03 3.597960249E-02 4.005559981E-01 -1.612733817E-03
 -2.461894006E-01 -1.000000047E-03 3.783303499E-02 1.856715232E-01 -1.162180793E-03
 -2.462223023E-01 -1.000000047E-03 3.802844137E-02 1.608827859E-01 -1.088845893E-03
 -2.462097555E-01 -1.000000047E-03 3.793721274E-02 1.726285964E-01 -1.142863068E-03
 -2.462081760E-01 -1.000000047E-03 3.792795539E-02 1.741221398E-01 -1.145784510E-03
 -2.462090552E-01 -1.000000047E-03 3.793263063E-02 1.735111326E-01 -1.143764821E-03
 -2.464230210E-01 -1.000000047E-03 4.000420496E-02 -9.927177429E-02 -1.528052962E-04
 -2.464137822E-01 -1.000000047E-03 3.981959820E-02 -7.391238958E-02 -2.576463739E-04
 -2.464219034E-01 -1.000000047E-03 3.992741928E-02 -8.858257532E-02 -2.179672738E-04
 -2.464214265E-01 -1.000000047E-03 3.991786018E-02 -8.689237386E-02 -2.236288419E-04
 -2.464217544E-01 -1.000000047E-03 3.992269561E-02 -8.735913783E-02 -2.204083430E-04
 -2.433633357E-01 -1.000000047E-03 3.045270592E-02 8.102543950E-01 -1.364680124E-03
 -2.433816046E-01 -1.000000047E-03 3.048283979E-02 8.089447618E-01 -1.369439764E-03
 -2.433789670E-01 -1.000000047E-03 3.047835268E-02 8.092193604E-01 -1.368634519E-03
 -2.433802783E-01 -1.000000047E-03 3.048052825E-02 8.090934753E-01 -1.368661993E-03
 7.368686199E-01 -1.000000047E-03 -1.301833838E-01 4.203214049E-01 1.046542428E-03
 7.348182797E-01 -1.000000047E-03 -1.301203519E-01 4.181592166E-01 6.646814290E-04
 7.367230654E-01 -1.000000047E-03 -1.301789433E-01 4.192506671E-01 9.689093567E-04
 7.282310724E-01 -1.000000047E-03 -1.299124211E-01 4.149835110E-01 5.120609421E-04
 7.250928283E-01 -1.000000047E-03 -1.298114061E-01 4.121605456E-01 5.123043084E-04
 7.233519554E-01 -1.000000047E-03 -1.297532320E-01 4.115796685E-01 5.224912311E-04
 7.744120061E-02 -1.000000047E-03 -7.421843708E-02 3.964956701E-01 1.360418391E-03
 8.213511109E-02 -1.000000047E-03 -7.498797029E-02 3.943632543E-01 1.352808671E-03
 9.814168513E-02 -1.000000047E-03 -7.741947472E-02 3.879841268E-01 1.349893748E-03
 -2.462019324E-01 -1.000000047E-03 4.341204464E-02 -6.048790812E-01 3.154389095E-03
 7.386057973E-01 -1.000000047E-03 -1.302361339E-01 3.818183541E-01 1.568458625E-03
 -2.462019324E-01 -1.000000047E-03 4.341204464E-02 -6.048790812E-01 3.154389095E-03
 -2.458924502E-01 -1.000000047E-03 4.478855059E-02 -8.080529571E-01 3.873164533E-03
 -2.460435033E-01 -1.000000047E-03 4.418921098E-02 -7.025129795E-01 3.250196343E-03
 7.386057973E-01 -1.000000047E-03 -1.302361339E-01 3.818183541E-01 1.568458625E-03
 7.376793027E-01 -1.000000047E-03 -1.299307942E-01 3.840798438E-01 1.062607509E-03
 -2.458390892E-01 -1.000000047E-03 4.498059303E-02 -8.287841678E-01 4.082677886E-03
 -2.452398539E-01 -1.000000047E-03 4.670428857E-02 -1.068195462E+00 5.441102199E-03
 -2.452060580E-01 -1.000000047E-03 4.678524286E-02 -1.076914549E+00 5.491457880E-03
 -2.443657070E-01 -1.000000047E-03 4.850453138E-02 -1.271358252E+00 6.902707741E-03
 -2.443224341E-01 -1.000000047E-03 4.858103767E-02 -1.276841640E+00 6.946689915E-03
 -2.432920933E-01 -1.000000047E-03 5.019396171E-02 -1.405613184E+00 7.998353802E-03
 -2.432407737E-01 -1.000000047E-03 5.026547611E-02 -1.410171747E+00 8.027466014E-03
 -2.420513332E-01 -1.000000047E-03 5.176521093E-02 -1.506161332E+00 8.770216256E-03
 -2.419933230E-01 -1.000000047E-03 5.183151737E-02 -1.508426189E+00 8.783583529E-03
 -2.406632304E-01 -1.000000047E-03 5.322533101E-02 -1.555485010E+00 9.059011005E-03
 -2.399448156E-01 -1.000000047E-03 5.389366299E-02 -1.562137842E+00 9.213408455E-03
 -2.405845672E-01 -1.000000047E-03 5.330107361E-02 -1.557351708E+00 9.078618139E-03
 -2.398316413E-01 -1.000000047E-03 5.399455503E-02 -1.564775825E+00 9.215775877E-03
 -2.391906828E-01 -1.000000047E-03 5.454537645E-02 -1.562808990E+00 9.236573242E-03
 -2.390543222E-01 -1.000000047E-03 5.465851724E-02 -1.563768148E+00 9.224685840E-03
 -2.383814156E-01 -1.000000047E-03 5.519694835E-02 -1.572203279E+00 9.218681604E-03
 -2.382517010E-01 -1.000000047E-03 5.529754236E-02 -1.565156460E+00 9.219978005E-03
 -2.375156432E-01 -1.000000047E-03 5.584737659E-02 -1.564327955E+00 9.303068742E-03
 -2.373454422E-01 -1.000000047E-03 5.597063154E-02 -1.569322824E+00 9.299567901E-03
 -2.365291715E-01 -1.000000047E-03 5.653910711E-02 -1.557401299E+00 9.209414013E-03
 -2.363490164E-01 -1.000000047E-03 5.666046217E-02 -1.556513786E+00 9.172881953E-03
 -2.354527563E-01 -1.000000047E-03 5.724146590E-02 -1.544497728E+00 8.974625729E-03
 -2.352463603E-01 -1.000000047E-03 5.737069249E-02 -1.542792439E+00 8.915118873E-03
 -2.342178226E-01 -1.000000047E-03 5.798897892E-02 -1.522411466E+00 8.636770770E-03
 -2.340526879E-01 -1.000000047E-03 5.808492005E-02 -1.518514276E+00 8.594963700E-03
 -2.328689843E-01 -1.000000047E-03 5.874358490E-02 -1.498011112E+00 8.344366215E-03
 7.343681455E-01 -1.000000047E-03 -1.288390458E-01 4.037441909E-01 7.842329796E-05
 -2.326300889E-01 -1.000000047E-03 5.887171626E-02 -1.493800759E+00 8.296985179E-03
 -2.313533872E-01 -1.000000047E-03 5.952711031E-02 -1.464029312E+00 8.043662645E-03
 -2.311121821E-01 -1.000000047E-03 5.964655429E-02 -1.459297895E+00 8.000583388E-03
 -2.297110707E-01 -1.000000047E-03 6.031060964E-02 -1.434335589E+00 7.791938260E-03
 -2.293840945E-01 -1.000000047E-03 6.046017259E-02 -1.432401657E+00 7.741046138E-03
 -2.278057188E-01 -1.000000047E-03 6.114773825E-02 -1.412436128E+00 7.489327341E-03
 -2.274456471E-01 -1.000000047E-03 6.129856408E-02 -1.402231097E+00 7.435147651E-03
 -2.256764024E-01 -1.000000047E-03 6.200332940E-02 -1.358896732E+00 7.181509864E-03
 -2.252794951E-01 -1.000000047E-03 6.215498224E-02 -1.356623411E+00 7.119212300E-03
 -2.231826037E-01 -1.000000047E-03 6.291306019E-02 -1.330367446E+00 6.811966188E-03
 7.343327999E-01 -1.000000047E-03 -1.288274527E-01 4.037395716E-01 7.465024828E-05
 7.306025624E-01 -1.000000047E-03 -1.276008040E-01 3.945217431E-01 -1.332842075E-04
 -2.228412926E-01 -1.000000047E-03 6.303143501E-02 -1.323126554E+00 6.763074547E-03
 -2.202807665E-01 -1.000000047E-03 6.386619061E-02 -1.282615066E+00 6.460952107E-03
 -2.197294086E-01 -1.000000047E-03 6.403733790E-02 -1.274753571E+00 6.406051572E-03
 -2.168547958E-01 -1.000000047E-03 6.487119943E-02 -1.243368506E+00 6.168402731E-03
 -2.162228376E-01 -1.000000047E-03 6.504476070E-02 -1.234984398E+00 6.113774143E-03
 -2.131232619E-01 -1.000000047E-03 6.583760679E-02 -1.176640153E+00 5.882433150E-03
 -2.122212797E-01 -1.000000047E-03 6.605501473E-02 -1.169906020E+00 5.782733206E-03
 -2.087921202E-01 -1.000000047E-03 6.681975722E-02 -1.134638071E+00 5.525137763E-03
 7.305833697E-01 -1.000000047E-03 -1.275945008E-01 3.945045173E-01 -1.339564624E-04
 -2.074108571E-01 -1.000000047E-03 6.710760295E-02 -1.117480755E+00 5.393190309E-03
 -2.028067559E-01 -1.000000047E-03 6.797755510E-02 -1.084347606E+00 5.114973057E-03
 -2.023113072E-01 -1.000000047E-03 6.806444377E-02 -1.078045249E+00 5.082163494E-03
 7.196037173E-01 -1.000000047E-03 -1.240062565E-01 3.831127286E-01 -2.161186858E-04
 -1.697481722E-01 -1.000000047E-03 7.151814550E-02 -8.461805582E-01 3.852252150E-03
 -1.687701643E-01 -1.000000047E-03 7.157175988E-02 -8.419014215E-01 3.812596202E-03
 -1.576245874E-01 -1.000000047E-03 7.199564576E-02 -7.869070172E-01 3.348593134E-03
 7.162190676E-01 -1.000000047E-03 -1.229046732E-01 3.811076283E-01 -2.224784694E-04
 7.058054209E-01 -1.000000047E-03 -1.195290983E-01 3.737228513E-01 -2.389903093E-04
 -1.555918306E-01 -1.000000047E-03 7.205058634E-02 -7.758618593E-01 3.296680283E-03
 -1.424716860E-01 -1.000000047E-03 7.216127962E-02 -7.235970497E-01 2.935115015E-03
 -1.386981457E-01 -1.000000047E-03 7.214792073E-02 -7.086988688E-01 2.850699704E-03
 -1.237708256E-01 -1.000000047E-03 7.183843106E-02 -6.654046774E-01 2.491120948E-03
 -1.204655319E-01 -1.000000047E-03 7.173448056E-02 -6.561484337E-01 2.381609054E-03
 -1.026700959E-01 -1.000000047E-03 7.086560130E-02 -5.940607190E-01 2.042152220E-03
 7.005257010E-01 -1.000000047E-03 -1.178227141E-01 3.694956303E-01 -2.494437504E-04
 6.859456897E-01 -1.000000047E-03 -1.131482869E-01 3.590001464E-01 -2.734905283E-04
 -9.693671018E-02 -1.000000047E-03 7.052984834E-02 -5.791228414E-01 1.976824366E-03
 -7.525867969E-02 -1.000000047E-03 6.885959208E-02 -5.299037099E-01 1.744193374E-03
 -6.894020736E-02 -1.000000047E-03 6.830393523E-02 -5.151025653E-01 1.689848839E-03
 -4.434097186E-02 -1.000000047E-03 6.574302167E-02 -4.631624818E-01 1.430118689E-03
 -3.551644087E-02 -1.000000047E-03 6.471674144E-02 -4.446128607E-01 1.371633378E-03
 -1.024378929E-02 -1.000000047E-03 6.145483628E-02 -3.931179047E-01 1.157635939E-03
 6.788475513E-01 -1.000000047E-03 -1.108794808E-01 3.542261124E-01 -2.826227865E-04
 6.598225832E-01 -1.000000047E-03 -1.048690304E-01 3.422178328E-01 -3.074073175E-04
 -1.682835398E-03 -1.000000047E-03 6.025005504E-02 -3.764488101E-01 1.104340306E-03
 2.314237319E-02 -1.000000047E-03 5.650873855E-02 -3.258704841E-01 9.247655980E-04
 3.447590396E-02 -1.000000047E-03 5.468519032E-02 -3.066740930E-01 8.785679238E-04
 6.152387708E-02 -1.000000047E-03 5.005532876E-02 -2.635342181E-01 7.461258210E-04
 6.485494375E-01 -1.000000047E-03 -1.013232023E-01 3.349733055E-01 -3.191198339E-04
 6.276040077E-01 -1.000000047E-03 -9.482267499E-02 3.224341869E-01 -3.437843116E-04
 7.542689890E-02 -1.000000047E-03 4.755802080E-02 -2.409614027E-01 6.811179919E-04
 1.313114315E-01 -1.000000047E-03 3.665178269E-02 -1.487482637E-01 4.069666029E-04
 1.323049814E-01 -1.000000047E-03 3.644624352E-02 -1.472474039E-01 4.041921638E-04
 1.626692712E-01 -1.000000047E-03 3.000742756E-02 -1.061428711E-01 3.540161124E-04
 1.682304144E-01 -1.000000047E-03 2.879776247E-02 -9.808225185E-02 3.447004419E-04
 1.985476464E-01 -1.000000047E-03 2.202425897E-02 -5.189595371E-02 1.730802323E-04
 2.350789011E-01 -1.000000047E-03 1.351922378E-02 -7.316263858E-03 9.806769231E-05
 2.070247829E-01 -1.000000047E-03 2.008213475E-02 -4.032614455E-02 1.604722784E-04
 2.431195676E-01 -1.000000047E-03 1.159741078E-02 2.590480261E-03 8.003114635E-05
 2.684038579E-01 -1.000000047E-03 5.459192209E-03 3.546249494E-02 -2.216905705E-05
 2.775400281E-01 -1.000000047E-03 3.201193176E-03 4.713398591E-02 -6.025457697E-05
 3.012780845E-01 -1.000000047E-03 -2.746546408E-03 7.612045854E-02 -1.858366595E-04
 3.137181997E-01 -1.000000047E-03 -5.916184746E-03 8.922982961E-02 -2.327134134E-04
 3.357133269E-01 -1.000000047E-03 -1.158500928E-02 1.109192446E-01 -3.364048898E-04
 5.891108513E-01 -1.000000047E-03 -8.304772526E-02 2.992354929E-01 -4.006844829E-04
 6.110549569E-01 -1.000000047E-03 -8.972159028E-02 3.125283122E-01 -3.624542442E-04
 5.504482985E-01 -1.000000047E-03 -7.147048414E-02 2.731465399E-01 -4.507653648E-04
 5.746515393E-01 -1.000000047E-03 -7.868614048E-02 2.900865376E-01 -4.173010238E-04
 5.139370561E-01 -1.000000047E-03 -6.075751036E-02 2.489133924E-01 -4.655761877E-04
 5.391706228E-01 -1.000000047E-03 -6.813871861E-02 2.644357681E-01 -4.532423918E-04
 5.065529943E-01 -1.000000047E-03 -5.861791968E-02 2.454273999E-01 -4.650330229E-04
 4.819730818E-01 -1.000000047E-03 -5.155237764E-02 2.307210118E-01 -4.708625202E-04
 4.756927490E-01 -1.000000047E-03 -4.976333305E-02 2.263801992E-01 -4.813746782E-04
 4.512549043E-01 -1.000000047E-03 -4.286165908E-02 2.096790075E-01 -5.040676915E-04
 4.417050183E-01 -1.000000047E-03 -4.019069672E-02 2.031666785E-01 -5.211664829E-04
 4.169732928E-01 -1.000000047E-03 -3.334166482E-02 1.851559877E-01 -5.298032193E-04
 4.037238955E-01 -1.000000047E-03 -2.971804142E-02 1.745901406E-01 -5.299769109E-04
 3.812596202E-01 -1.000000047E-03 -2.363350987E-02 1.551389545E-01 -4.911748692E-04
 3.483887017E-01 -1.000000047E-03 -1.490208786E-02 1.233905554E-01 -3.874572867E-04
 3.686912060E-01 -1.000000047E-03 -2.027177624E-02 1.425779313E-01 -4.619614047E-04
 -2.411813736E-01 -1.000000047E-03 5.270499364E-02 -1.546055436E+00 8.861193433E-03
 -2.415079921E-01 -1.000000047E-03 5.236146599E-02 -1.534360290E+00 8.797179908E-03
 -2.413410544E-01 -1.000000047E-03 5.254416540E-02 -1.542579174E+00 8.819606155E-03
 -2.413220257E-01 -1.000000047E-03 5.256416276E-02 -1.544003487E+00 8.823608048E-03
 -2.413315028E-01 -1.000000047E-03 5.255445465E-02 -1.542627931E+00 8.823112585E-03
 -2.424899042E-01 -1.000000047E-03 5.123862624E-02 -1.470509171E+00 8.324120194E-03
 -2.428076118E-01 -1.000000047E-03 5.083796754E-02 -1.445137143E+00 8.125457913E-03
 -2.426581383E-01 -1.000000047E-03 5.103604123E-02 -1.456686497E+00 8.180048317E-03
 -2.426409721E-01 -1.000000047E-03 5.105774477E-02 -1.458652973E+00 8.192125708E-03
 -2.426495701E-01 -1.000000047E-03 5.104719847E-02 -1.457288027E+00 8.186465129E-03
 -2.436757535E-01 -1.000000047E-03 4.962731898E-02 -1.368093967E+00 7.398729213E-03
 -2.439520657E-01 -1.000000047E-03 4.919470102E-02 -1.334208488E+00 7.116395049E-03
 -2.438236177E-01 -1.000000047E-03 4.940820858E-02 -1.352339983E+00 7.199305110E-03
 -2.438086867E-01 -1.000000047E-03 4.943164438E-02 -1.355195045E+00 7.215839811E-03
 -2.438162118E-01 -1.000000047E-03 4.942024499E-02 -1.353456736E+00 7.208738010E-03
 -2.446837127E-01 -1.000000047E-03 4.790015519E-02 -1.204467535E+00 6.120475475E-03
 -2.456069738E-01 -1.000000047E-03 4.571833089E-02 -9.237861037E-01 4.447247833E-03
 -2.454816550E-01 -1.000000047E-03 4.606758803E-02 -9.731658101E-01 4.750255030E-03
 -2.455750108E-01 -1.000000047E-03 4.582107812E-02 -9.351814985E-01 4.516546149E-03
 -2.455685288E-01 -1.000000047E-03 4.583989084E-02 -9.373530746E-01 4.529017024E-03
 -2.449102998E-01 -1.000000047E-03 4.743644968E-02 -1.152763844E+00 5.740678869E-03
 -2.448070198E-01 -1.000000047E-03 4.766476899E-02 -1.177321792E+00 5.853671115E-03
 -2.447947860E-01 -1.000000047E-03 4.768989608E-02 -1.181573033E+00 5.875099450E-03
 -2.448010296E-01 -1.000000047E-03 4.767765477E-02 -1.178852201E+00 5.866184365E-03
 -2.001511306E-01 -1.000000047E-03 6.840573251E-02 -1.043067813E+00 4.989337642E-03
 -1.968487948E-01 -1.000000047E-03 6.893208623E-02 -9.932924509E-01 4.871358164E-03
 -1.960638463E-01 -1.000000047E-03 6.904114783E-02 -9.864676595E-01 4.869247321E-03
 -1.894283295E-01 -1.000000047E-03 6.989370286E-02 -9.557806253E-01 4.714455921E-03
 -1.816968620E-01 -1.000000047E-03 7.065831125E-02 -9.128556848E-01 4.524226300E-03
 7.364739180E-01 -1.000000047E-03 -1.295327991E-01 4.011732638E-01 5.106444005E-04
 7.348049283E-01 -1.000000047E-03 -1.289829314E-01 4.035096765E-01 1.632751082E-04
 7.363634109E-01 -1.000000047E-03 -1.294963658E-01 4.021912813E-01 4.579519446E-04
 7.304752469E-01 -1.000000047E-03 -1.275590062E-01 3.943777978E-01 -1.355129207E-04
 7.259064317E-01 -1.000000047E-03 -1.260606647E-01 3.891525269E-01 -2.045668080E-04
 7.233825326E-01 -1.000000047E-03 -1.252362728E-01 3.867660463E-01 -2.120223362E-04
 -1.742546558E-01 -1.000000047E-03 7.120723277E-02 -8.700971603E-01 4.131677095E-03
 -1.799786091E-01 -1.000000047E-03 7.082190365E-02 -9.000040889E-01 4.493927117E-03
 9.860642254E-02 -1.000000047E-03 4.316584393E-02 -1.989221126E-01 5.125806783E-04
 1.036363840E-01 -1.000000047E-03 4.221611470E-02 -1.902538985E-01 4.820746253E-04
 1.228242740E-01 -1.000000047E-03 3.835691512E-02 -1.613389552E-01 4.292118538E-04
 2 3
 3 120
 120 151
 151 153
 153 152
 152 31
 31 42
 42 43
 43 52
 52 154
 154 155
 155 156
 156 59
 59 66
 66 67
 67 74
 74 75
 75 82
 82 83
 83 88
 88 89
 89 105
 105 104
 104 107
 107 106
 106 109
 109 108
 108 110
 110 111
 111 112
 112 113
 113 114
 114 115
 115 116
 116 117
 117 119
 119 118
 118 103
 103 102
 102 101
 101 100
 100 99
 99 98
 98 96
 96 97
 97 95
 95 94
 94 93
 93 92
 92 91
 91 159
 159 158
 158 157
 157 90
 90 87
 87 86
 86 85
 85 84
 84 81
 81 80
 80 79
 79 78
 78 77
 77 76
 76 73
 73 72
 72 71
 71 70
 70 69
 69 68
 68 65
 65 64
 64 63
 63 62
 62 61
 61 60
 60 58
 58 57
 57 56
 56 55
 55 54
 54 53
 53 51
 51 50
 50 49
 49 48
 48 47
 47 46
 46 45
 45 44
 44 41
 41 40
 40 39
 39 38
 38 37
 37 36
 36 35
 35 34
 34 33
 33 32
 32 30
 30 29
 29 28
 28 27
 27 26
 26 25
 25 24
 24 23
 23 22
 22 21
 21 20
 20 147
 147 149
 149 150
 150 148
 148 122
 122 19
 19 18
 18 121
 121 125
 125 126
 126 124
 124 123
 123 17
 17 16
 16 127
 127 130
 130 131
 131 129
 129 128
 128 15
 15 14
 14 132
 132 135
 135 136
 136 134
 134 133
 133 13
 13 12
 12 137
 137 140
 140 141
 141 139
 139 138
 138 11
 11 10
 10 143
 143 145
 145 146
 146 144
 144 142
 142 9
 9 7
 7 8
 8 5
 5 6
 6 4
 4 1
 266 264
 264 265
 265 262
 262 263
 263 260
 260 261
 261 245
 245 244
 244 239
 239 238
 238 231
 231 230
 230 223
 223 222
 222 218
 218 310
 310 309
 309 308
 308 214
 214 205
 205 204
 204 193
 193 306
 306 307
 307 305
 305 166
 166 165
 165 161
 274 275
 275 273
 273 272
 272 271
 271 270
 270 269
 269 268
 268 267
 267 266
 254 255
 255 256
 256 257
 257 258
 258 259
 259 274
 251 253
 253 252
 252 254
 201 202
 202 203
 203 206
 206 207
 207 208
 208 209
 209 210
 210 211
 211 212
 212 213
 213 215
 215 216
 216 217
 217 300
 300 301
 301 302
 302 303
 303 304
 304 312
 312 311
 311 219
 219 220
 220 221
 221 224
 224 225
 225 226
 226 227
 227 228
 228 229
 229 232
 232 233
 233 234
 234 235
 235 236
 236 237
 237 240
 240 241
 241 242
 242 243
 243 246
 246 313
 313 314
 314 315
 315 247
 247 248
 248 249
 249 250
 250 251
 177 179
 179 180
 180 181
 181 182
 182 183
 183 184
 184 185
 185 186
 186 187
 187 188
 188 189
 189 190
 190 191
 191 192
 192 194
 194 195
 195 196
 196 197
 197 198
 198 199
 199 200
 200 201
 178 177
 291 298
 298 299
 299 297
 297 296
 296 169
 169 168
 168 293
 293 295
 295 294
 294 292
 292 167
 167 163
 163 164
 164 162
 162 160
 280 278
 278 277
 277 175
 175 174
 174 281
 281 284
 284 285
 285 283
 283 282
 282 173
 173 172
 172 286
 286 289
 289 290
 290 288
 288 287
 287 171
 171 170
 170 291
 176 178
 279 280
 276 279
 176 276
ZONE T="Slice: Y=-0.035"
 STRANDID=0, SOLUTIONTIME=0
 Nodes=298, Elements=296, ZONETYPE=FELineSeg
 DATAPACKING=POINT
 DT=(SINGLE SINGLE SINGLE SINGLE SINGLE )
 -2.462019324E-01 -3.500000015E-02 4.341204464E-02 -4.472359419E-01 1.721293200E-03
 -2.463018894E-01 -3.500000015E-02 4.271684587E-02 -3.723733723E-01 1.424452988E-03
 7.386057973E-01 -3.500000015E-02 -1.302361339E-01 3.588206172E-01 4.984476604E-03
 7.376314998E-01 -3.500000015E-02 -1.302065998E-01 4.083424211E-01 3.605198581E-03
 -2.463463098E-01 -3.500000015E-02 4.239345714E-02 -3.340355158E-01 1.301112236E-03
 -2.430874407E-01 -3.500000015E-02 2.999063767E-02 9.484874606E-01 -1.196468365E-03
 -2.459925562E-01 -3.500000015E-02 3.685266897E-02 4.937932491E-01 -1.589186257E-03
 -2.460362762E-01 -3.500000015E-02 3.704650700E-02 4.754052162E-01 -1.551247085E-03
 -2.461932153E-01 -3.500000015E-02 3.784205392E-02 3.437389433E-01 -1.372065744E-03
 -2.462045699E-01 -3.500000015E-02 3.790789470E-02 3.331538141E-01 -1.352237421E-03
 -2.457732111E-01 -3.500000015E-02 3.599368036E-02 5.730119944E-01 -1.730067423E-03
 -2.457544953E-01 -3.500000015E-02 3.592683747E-02 5.802791119E-01 -1.736887847E-03
 -2.455062121E-01 -3.500000015E-02 3.512151539E-02 6.684502959E-01 -1.755230129E-03
 -2.454442680E-01 -3.500000015E-02 3.493614122E-02 6.835809946E-01 -1.754451310E-03
 -2.451306581E-01 -3.500000015E-02 3.407402709E-02 7.578836083E-01 -1.749331946E-03
 -2.451152354E-01 -3.500000015E-02 3.403430805E-02 7.613540292E-01 -1.747110276E-03
 -2.447857708E-01 -3.500000015E-02 3.323742375E-02 8.056147695E-01 -1.669443096E-03
 -2.447068989E-01 -3.500000015E-02 3.305855766E-02 8.117850423E-01 -1.658761990E-03
 -2.443293929E-01 -3.500000015E-02 3.224842250E-02 8.651892543E-01 -1.600828953E-03
 -2.442980111E-01 -3.500000015E-02 3.218442947E-02 8.698515296E-01 -1.592745073E-03
 -2.439177483E-01 -3.500000015E-02 3.144362941E-02 9.043229818E-01 -1.460014610E-03
 -2.438199222E-01 -3.500000015E-02 3.126203269E-02 9.101622105E-01 -1.427740906E-03
 -2.463270277E-01 -3.500000015E-02 3.878081217E-02 2.544957399E-01 -1.006493694E-03
 -2.463581264E-01 -3.500000015E-02 3.906341642E-02 2.035238892E-01 -8.526649908E-04
 -2.463455647E-01 -3.500000015E-02 3.892632946E-02 2.414878160E-01 -9.484036709E-04
 -2.464171350E-01 -3.500000015E-02 3.984213248E-02 1.003590822E-01 -4.209241015E-04
 -2.464217842E-01 -3.500000015E-02 3.993382305E-02 9.209249169E-02 -3.747336741E-04
 -2.464378923E-01 -3.500000015E-02 4.082875699E-02 -7.387706637E-02 1.251111826E-04
 -2.464368343E-01 -3.500000015E-02 4.089357704E-02 -8.111400902E-02 1.633966021E-04
 -2.463801205E-01 -3.500000015E-02 4.199424386E-02 -2.658030689E-01 9.696859051E-04
 -2.464091480E-01 -3.500000015E-02 4.165280610E-02 -1.995265484E-01 6.980077014E-04
 -2.434388697E-01 -3.500000015E-02 3.058278374E-02 9.327192307E-01 -1.313460874E-03
 -2.432978302E-01 -3.500000015E-02 3.034249134E-02 9.417926073E-01 -1.268716762E-03
 -2.426938415E-01 -3.500000015E-02 2.936369181E-02 9.748725295E-01 -1.131089986E-03
 -2.426749468E-01 -3.500000015E-02 2.933396399E-02 9.756388068E-01 -1.126826624E-03
 -2.421581447E-01 -3.500000015E-02 2.855718136E-02 9.964681864E-01 -9.935434209E-04
 -2.421468198E-01 -3.500000015E-02 2.854072489E-02 9.968879223E-01 -9.908861248E-04
 -2.415052950E-01 -3.500000015E-02 2.763598040E-02 1.021624446E+00 -8.195495466E-04
 -2.414482534E-01 -3.500000015E-02 2.755838819E-02 1.022981286E+00 -8.045525174E-04
 -2.407114953E-01 -3.500000015E-02 2.658814564E-02 1.040073752E+00 -5.925454316E-04
 -2.406607270E-01 -3.500000015E-02 2.652331069E-02 1.040881753E+00 -5.792742013E-04
 -2.381173521E-01 -3.500000015E-02 2.356682532E-02 1.042730808E+00 4.155607166E-05
 -2.398067713E-01 -3.500000015E-02 2.547311038E-02 1.050209880E+00 -3.497553407E-04
 -2.397305518E-01 -3.500000015E-02 2.538272180E-02 1.050598621E+00 -3.288888256E-04
 -2.388782948E-01 -3.500000015E-02 2.440148406E-02 1.042705059E+00 -1.424877264E-04
 -2.385746241E-01 -3.500000015E-02 2.406620048E-02 1.046624660E+00 -8.052839985E-05
 -2.372962385E-01 -3.500000015E-02 2.270774357E-02 1.035766125E+00 1.709447388E-04
 -2.371996641E-01 -3.500000015E-02 2.260786481E-02 1.034218550E+00 1.865151862E-04
 -2.361220866E-01 -3.500000015E-02 2.153533325E-02 1.041302323E+00 3.632983426E-04
 -2.360706925E-01 -3.500000015E-02 2.148553729E-02 1.041068673E+00 3.699210065E-04
 -2.346820682E-01 -3.500000015E-02 2.017783187E-02 1.023228884E+00 5.182957393E-04
 -2.345821559E-01 -3.500000015E-02 2.008679882E-02 1.022663474E+00 5.283141509E-04
 -2.328446656E-01 -3.500000015E-02 1.855126023E-02 1.001023412E+00 6.673435564E-04
 -2.327578962E-01 -3.500000015E-02 1.847708970E-02 1.000791311E+00 6.737541407E-04
 -2.304602414E-01 -3.500000015E-02 1.658562198E-02 9.829632044E-01 8.102093707E-04
 -2.306674421E-01 -3.500000015E-02 1.675047167E-02 9.865849018E-01 7.983295363E-04
 -2.276399881E-01 -3.500000015E-02 1.442528144E-02 9.741012454E-01 9.321224643E-04
 -2.280055285E-01 -3.500000015E-02 1.469581854E-02 9.763090014E-01 9.162334027E-04
 -2.249231339E-01 -3.500000015E-02 1.247729827E-02 9.370434880E-01 1.019878662E-03
 -2.242354900E-01 -3.500000015E-02 1.200342923E-02 9.324442148E-01 1.039351104E-03
 -2.164362669E-01 -3.500000015E-02 7.017015480E-03 8.712097406E-01 1.237963792E-03
 -2.212051153E-01 -3.500000015E-02 9.986161254E-03 9.038977623E-01 1.123053837E-03
 -2.184135765E-01 -3.500000015E-02 8.239425719E-03 8.849669099E-01 1.193578122E-03
 -2.204019874E-01 -3.500000015E-02 9.468808770E-03 8.950868845E-01 1.140380162E-03
 -2.126911581E-01 -3.500000015E-02 4.837031011E-03 8.454346657E-01 1.320108655E-03
 -2.125743479E-01 -3.500000015E-02 4.768851213E-03 8.445544839E-01 1.322372933E-03
 -2.125436068E-01 -3.500000015E-02 4.751534201E-03 8.441925645E-01 1.323433593E-03
 -2.082215846E-01 -3.500000015E-02 2.379056998E-03 8.152414560E-01 1.404541894E-03
 -2.059873194E-01 -3.500000015E-02 1.206360175E-03 8.050649762E-01 1.428798656E-03
 -2.070225328E-01 -3.500000015E-02 1.734629041E-03 8.123538494E-01 1.412970945E-03
 -1.992345154E-01 -3.500000015E-02 -2.212073654E-03 7.643106580E-01 1.504288637E-03
 -1.989193261E-01 -3.500000015E-02 -2.363676438E-03 7.631078362E-01 1.506533590E-03
 7.374712229E-01 -3.500000015E-02 -1.302017421E-01 4.214245379E-01 3.356299363E-03
 7.370446920E-01 -3.500000015E-02 -1.301887184E-01 4.207447171E-01 2.877737163E-03
 7.355575562E-01 -3.500000015E-02 -1.301431954E-01 4.298524857E-01 1.526671113E-03
 7.360872030E-01 -3.500000015E-02 -1.301595122E-01 4.296048880E-01 1.660798676E-03
 7.341913581E-01 -3.500000015E-02 -1.301010251E-01 4.277842045E-01 1.294441405E-03
 7.308033705E-01 -3.500000015E-02 -1.299948394E-01 4.305708110E-01 1.306322869E-03
 7.305034995E-01 -3.500000015E-02 -1.299854219E-01 4.305525422E-01 1.305453712E-03
 7.299551368E-01 -3.500000015E-02 -1.299678236E-01 4.289917946E-01 1.314017340E-03
 7.233617902E-01 -3.500000015E-02 -1.297540218E-01 4.112222493E-01 1.412045327E-03
 7.262809873E-01 -3.500000015E-02 -1.298500448E-01 4.174227715E-01 1.355825691E-03
 7.201390266E-01 -3.500000015E-02 -1.296474934E-01 4.092673361E-01 1.479363884E-03
 7.100194097E-01 -3.500000015E-02 -1.292973310E-01 4.066351354E-01 1.573559362E-03
 7.079759240E-01 -3.500000015E-02 -1.292267442E-01 4.061194956E-01 1.591455308E-03
 7.067007422E-01 -3.500000015E-02 -1.291803420E-01 4.034941792E-01 1.605496276E-03
 -1.914546490E-01 -3.500000015E-02 -5.861358251E-03 7.236383557E-01 1.592913992E-03
 -1.902104020E-01 -3.500000015E-02 -6.414719857E-03 7.188763022E-01 1.609039493E-03
 -1.385635436E-01 -3.500000015E-02 -2.593821473E-02 5.797947645E-01 2.045426751E-03
 -1.836203486E-01 -3.500000015E-02 -9.300736710E-03 7.007035613E-01 1.708036289E-03
 -1.370010972E-01 -3.500000015E-02 -2.644061111E-02 5.771204829E-01 2.053070813E-03
 -1.157581732E-01 -3.500000015E-02 -3.296380118E-02 5.405985117E-01 2.129165456E-03
 -1.756333709E-01 -3.500000015E-02 -1.257695630E-02 6.720626950E-01 1.788894529E-03
 -1.131873503E-01 -3.500000015E-02 -3.371206298E-02 5.367075205E-01 2.137198346E-03
 -1.734461635E-01 -3.500000015E-02 -1.347462274E-02 6.631641388E-01 1.816387288E-03
 -1.394592784E-02 -3.500000015E-02 -5.776375905E-02 4.359644055E-01 2.314374549E-03
 -1.526923925E-01 -3.500000015E-02 -2.111098543E-02 6.134294271E-01 1.954215113E-03
 -1.583854854E-01 -3.500000015E-02 -1.915659010E-02 6.267288923E-01 1.917706919E-03
 -1.578894854E-01 -3.500000015E-02 -1.933916844E-02 6.255159974E-01 1.920893788E-03
 -1.580985934E-01 -3.500000015E-02 -1.926484890E-02 6.261383295E-01 1.919411006E-03
 -1.007836685E-02 -3.500000015E-02 -5.853789672E-02 4.334831834E-01 2.314131940E-03
 1.745826192E-02 -3.500000015E-02 -6.389405578E-02 4.204248786E-01 2.319077961E-03
 2.839448676E-02 -3.500000015E-02 -6.589250267E-02 4.149011075E-01 2.318350133E-03
 5.234693736E-02 -3.500000015E-02 -7.010366768E-02 4.026934505E-01 2.316922182E-03
 -9.616999328E-02 -3.500000015E-02 -3.841590881E-02 5.154457092E-01 2.196089132E-03
 -8.993517607E-02 -3.500000015E-02 -4.014498368E-02 5.076622963E-01 2.217699541E-03
 -8.918324113E-02 -3.500000015E-02 -4.034215212E-02 5.066918731E-01 2.219225978E-03
 -6.327772141E-02 -3.500000015E-02 -4.684778675E-02 4.813309312E-01 2.268757438E-03
 -6.263276190E-02 -3.500000015E-02 -4.700129852E-02 4.808467627E-01 2.269499004E-03
 -2.192613110E-02 -3.500000015E-02 -5.606462434E-02 4.425067902E-01 2.312474651E-03
 -3.904725611E-02 -3.500000015E-02 -5.242695659E-02 4.575905502E-01 2.303755144E-03
 6.803287566E-02 -3.500000015E-02 -7.270319015E-02 3.965535462E-01 2.314116573E-03
 8.965136856E-02 -3.500000015E-02 -7.614420354E-02 3.886507452E-01 2.306196140E-03
 1.101773754E-01 -3.500000015E-02 -7.923112810E-02 3.814453781E-01 2.299712272E-03
 3.676036298E-01 -3.500000015E-02 -1.083033383E-01 3.481988907E-01 2.066340065E-03
 6.935735941E-01 -3.500000015E-02 -1.286932975E-01 3.927793503E-01 1.687162439E-03
 6.800130606E-01 -3.500000015E-02 -1.281566173E-01 3.926610053E-01 1.711659133E-03
 1.494441032E-01 -3.500000015E-02 -8.476090431E-02 3.748203218E-01 2.277936321E-03
 4.671578705E-01 -3.500000015E-02 -1.161600128E-01 3.507753611E-01 1.991845667E-03
 5.002589822E-01 -3.500000015E-02 -1.184521914E-01 3.534378707E-01 1.946578966E-03
 4.625671208E-01 -3.500000015E-02 -1.158282310E-01 3.505990803E-01 1.997504383E-03
 4.328007102E-01 -3.500000015E-02 -1.136152446E-01 3.473958671E-01 2.023793291E-03
 2.249225527E-01 -3.500000015E-02 -9.410212934E-02 3.540641665E-01 2.264505718E-03
 2.028549910E-01 -3.500000015E-02 -9.152539074E-02 3.584424555E-01 2.252096776E-03
 2.286465466E-01 -3.500000015E-02 -9.452734888E-02 3.535428047E-01 2.261940390E-03
 2.579342425E-01 -3.500000015E-02 -9.774562716E-02 3.540822268E-01 2.228187397E-03
 6.659265161E-01 -3.500000015E-02 -1.275761873E-01 3.868770003E-01 1.736042090E-03
 5.082802773E-01 -3.500000015E-02 -1.189810038E-01 3.540313840E-01 1.938128029E-03
 5.360016227E-01 -3.500000015E-02 -1.207557023E-01 3.535816073E-01 1.903115655E-03
 2.642113566E-01 -3.500000015E-02 -9.841056168E-02 3.543285429E-01 2.223755000E-03
 4.239837229E-01 -3.500000015E-02 -1.129227206E-01 3.461732566E-01 2.032763558E-03
 3.694545627E-01 -3.500000015E-02 -1.084595993E-01 3.478286862E-01 2.062187530E-03
 3.981861174E-01 -3.500000015E-02 -1.108765453E-01 3.432493806E-01 2.038202481E-03
 5.479665399E-01 -3.500000015E-02 -1.214795038E-01 3.571715653E-01 1.891368767E-03
 5.694599152E-01 -3.500000015E-02 -1.227485463E-01 3.638014793E-01 1.863891841E-03
 3.655636609E-01 -3.500000015E-02 -1.081212685E-01 3.477464318E-01 2.066917950E-03
 3.382055759E-01 -3.500000015E-02 -1.056861728E-01 3.424163759E-01 2.110386267E-03
 5.909774303E-01 -3.500000015E-02 -1.239372194E-01 3.662460148E-01 1.842239522E-03
 6.018438935E-01 -3.500000015E-02 -1.245252639E-01 3.681591749E-01 1.829651766E-03
 1.330815107E-01 -3.500000015E-02 -8.251108974E-02 3.778759241E-01 2.288758056E-03
 6.400356293E-01 -3.500000015E-02 -1.264074892E-01 3.773975968E-01 1.783493673E-03
 6.314381361E-01 -3.500000015E-02 -1.260090768E-01 3.745111227E-01 1.796194352E-03
 6.345984340E-01 -3.500000015E-02 -1.261649430E-01 3.753268719E-01 1.791793969E-03
 1.636103094E-01 -3.500000015E-02 -8.660437912E-02 3.686326444E-01 2.276278334E-03
 1.815767735E-01 -3.500000015E-02 -8.891911805E-02 3.620514572E-01 2.269775141E-03
 1.745229363E-01 -3.500000015E-02 -8.803950250E-02 3.630479872E-01 2.268627286E-03
 2.963415980E-01 -3.500000015E-02 -1.016734987E-01 3.505034447E-01 2.180749085E-03
 3.057397008E-01 -3.500000015E-02 -1.026181951E-01 3.493901789E-01 2.167119645E-03
 3.035759032E-01 -3.500000015E-02 -1.024106592E-01 3.497334123E-01 2.170516178E-03
 3.044528067E-01 -3.500000015E-02 -1.024973914E-01 3.495381176E-01 2.169775078E-03
 -2.462019324E-01 -3.500000015E-02 4.341204464E-02 -4.472359419E-01 2.457899274E-03
 -2.460567951E-01 -3.500000015E-02 4.410769045E-02 -6.091191769E-01 2.804706339E-03
 7.386057973E-01 -3.500000015E-02 -1.302361339E-01 3.588206172E-01 3.058996750E-03
 7.376804948E-01 -3.500000015E-02 -1.299307942E-01 3.812224865E-01 2.268020296E-03
 -2.448023111E-01 -3.500000015E-02 4.767442122E-02 -1.153720140E+00 5.989856552E-03
 -2.447872907E-01 -3.500000015E-02 4.770504683E-02 -1.158021331E+00 6.015762221E-03
 -2.460020781E-01 -3.500000015E-02 4.436717182E-02 -6.608833671E-01 2.944279695E-03
 -2.449598014E-01 -3.500000015E-02 4.732805490E-02 -1.110953212E+00 5.685803480E-03
 -2.451960146E-01 -3.500000015E-02 4.681011662E-02 -1.050961494E+00 5.231733900E-03
 -2.452094555E-01 -3.500000015E-02 4.677832872E-02 -1.044122338E+00 5.199028645E-03
 -2.455439270E-01 -3.500000015E-02 4.590997100E-02 -9.208951592E-01 4.424817860E-03
 -2.455548048E-01 -3.500000015E-02 4.587853700E-02 -9.156927466E-01 4.398495425E-03
 -2.438147366E-01 -3.500000015E-02 4.942176118E-02 -1.399363756E+00 7.356991060E-03
 -2.438476235E-01 -3.500000015E-02 4.937046021E-02 -1.392585874E+00 7.318651769E-03
 -2.445562631E-01 -3.500000015E-02 4.814156145E-02 -1.231746078E+00 6.369787268E-03
 -2.443292588E-01 -3.500000015E-02 4.856990650E-02 -1.304392815E+00 6.717116106E-03
 -2.443407476E-01 -3.500000015E-02 4.854961112E-02 -1.302470326E+00 6.701082457E-03
 -2.432893366E-01 -3.500000015E-02 5.019803345E-02 -1.466366291E+00 7.933634333E-03
 -2.432552576E-01 -3.500000015E-02 5.024566501E-02 -1.470566392E+00 7.965297438E-03
 -2.426763326E-01 -3.500000015E-02 5.101278797E-02 -1.558130860E+00 8.443592116E-03
 -2.426342368E-01 -3.500000015E-02 5.106591433E-02 -1.561848283E+00 8.467979729E-03
 -2.420189828E-01 -3.500000015E-02 5.180279166E-02 -1.633987188E+00 8.821425028E-03
 -2.420069724E-01 -3.500000015E-02 5.181652680E-02 -1.634566069E+00 8.828314953E-03
 -2.413664013E-01 -3.500000015E-02 5.251755565E-02 -1.665962100E+00 9.147405624E-03
 -2.413282841E-01 -3.500000015E-02 5.255733058E-02 -1.669319630E+00 9.171648882E-03
 -2.459103614E-01 -3.500000015E-02 4.470799491E-02 -7.050676942E-01 3.282699967E-03
 -2.457927912E-01 -3.500000015E-02 4.514344037E-02 -7.537495494E-01 3.705833806E-03
 -2.406678647E-01 -3.500000015E-02 5.322119966E-02 -1.683796763E+00 9.455763735E-03
 -2.406285107E-01 -3.500000015E-02 5.325917155E-02 -1.686097264E+00 9.463674389E-03
 -2.399060726E-01 -3.500000015E-02 5.392894149E-02 -1.712488174E+00 9.533578530E-03
 -2.399311811E-01 -3.500000015E-02 5.390646681E-02 -1.712424517E+00 9.534942918E-03
 -2.391756028E-01 -3.500000015E-02 5.455796421E-02 -1.724946022E+00 9.428357705E-03
 -2.390372455E-01 -3.500000015E-02 5.467235669E-02 -1.725900173E+00 9.443517774E-03
 -2.383274734E-01 -3.500000015E-02 5.523934215E-02 -1.744684219E+00 9.647562169E-03
 -2.382680774E-01 -3.500000015E-02 5.528502166E-02 -1.743716359E+00 9.660209529E-03
 -2.374114245E-01 -3.500000015E-02 5.592361838E-02 -1.720755816E+00 9.899573401E-03
 -2.373605669E-01 -3.500000015E-02 5.596001819E-02 -1.721765637E+00 9.915050119E-03
 -2.363948375E-01 -3.500000015E-02 5.663025379E-02 -1.713881969E+00 1.006103773E-02
 -2.363127172E-01 -3.500000015E-02 5.668497458E-02 -1.711849809E+00 1.006836165E-02
 -2.352504283E-01 -3.500000015E-02 5.736890063E-02 -1.708003283E+00 1.007556450E-02
 -2.352181673E-01 -3.500000015E-02 5.738886073E-02 -1.707911849E+00 1.007433143E-02
 -2.340423912E-01 -3.500000015E-02 5.809134617E-02 -1.689161539E+00 9.954659268E-03
 -2.339959145E-01 -3.500000015E-02 5.811796337E-02 -1.688328862E+00 9.946642444E-03
 -2.326191366E-01 -3.500000015E-02 5.887829140E-02 -1.645750642E+00 9.773353115E-03
 -2.325847149E-01 -3.500000015E-02 5.889644474E-02 -1.644985676E+00 9.771050885E-03
 -2.310404181E-01 -3.500000015E-02 5.968210474E-02 -1.613205910E+00 9.644676931E-03
 -2.309446335E-01 -3.500000015E-02 5.972868204E-02 -1.611206174E+00 9.632762522E-03
 -2.292945087E-01 -3.500000015E-02 6.050134823E-02 -1.583562016E+00 9.431485087E-03
 -2.292324305E-01 -3.500000015E-02 6.052912772E-02 -1.581817269E+00 9.422461502E-03
 -2.274483740E-01 -3.500000015E-02 6.129816920E-02 -1.558594942E+00 9.209511802E-03
 -2.272691578E-01 -3.500000015E-02 6.137158722E-02 -1.554868340E+00 9.205726907E-03
 -2.253744155E-01 -3.500000015E-02 6.211904809E-02 -1.509573460E+00 9.033087641E-03
 -2.249620110E-01 -3.500000015E-02 6.227297708E-02 -1.503698945E+00 8.984275162E-03
 -2.223231494E-01 -3.500000015E-02 6.320671737E-02 -1.424362421E+00 8.749318309E-03
 -2.225884199E-01 -3.500000015E-02 6.311755627E-02 -1.430431962E+00 8.775250986E-03
 -2.189386189E-01 -3.500000015E-02 6.427492946E-02 -1.370961547E+00 8.539726026E-03
 -2.194188833E-01 -3.500000015E-02 6.413178891E-02 -1.379585147E+00 8.576263674E-03
 -2.160423994E-01 -3.500000015E-02 6.509254873E-02 -1.333812594E+00 8.200893179E-03
 -2.149070501E-01 -3.500000015E-02 6.538920850E-02 -1.319433331E+00 8.089407347E-03
 -2.065205723E-01 -3.500000015E-02 6.728822738E-02 -1.206068158E+00 7.447336800E-03
 -2.020123154E-01 -3.500000015E-02 6.811205298E-02 -1.132264495E+00 7.208758965E-03
 -2.111093253E-01 -3.500000015E-02 6.631227583E-02 -1.258266807E+00 7.773908786E-03
 -2.077073008E-01 -3.500000015E-02 6.703995913E-02 -1.221165895E+00 7.535600103E-03
 -2.104436755E-01 -3.500000015E-02 6.646362692E-02 -1.247003675E+00 7.719561458E-03
 -2.010889500E-01 -3.500000015E-02 6.827079505E-02 -1.123331904E+00 7.169375662E-03
 -1.983228177E-01 -3.500000015E-02 6.869639456E-02 -1.099613905E+00 7.074411493E-03
 -1.910916567E-01 -3.500000015E-02 6.970052421E-02 -1.024759531E+00 6.717830896E-03
 -1.961763501E-01 -3.500000015E-02 6.902967393E-02 -1.082955480E+00 6.992662791E-03
 -1.954623312E-01 -3.500000015E-02 6.912627816E-02 -1.073045373E+00 6.962276530E-03
 7.375862002E-01 -3.500000015E-02 -1.298996508E-01 3.839434981E-01 2.182366326E-03
 7.374730706E-01 -3.500000015E-02 -1.298623383E-01 3.867495954E-01 2.031077864E-03
 7.356401682E-01 -3.500000015E-02 -1.292580962E-01 3.975429833E-01 5.205895868E-04
 7.365347147E-01 -3.500000015E-02 -1.295528412E-01 3.997898996E-01 8.183780592E-04
 7.344324589E-01 -3.500000015E-02 -1.288601905E-01 3.927219510E-01 2.287320094E-04
 7.325741649E-01 -3.500000015E-02 -1.282488704E-01 3.899101615E-01 4.785895362E-05
 7.317942977E-01 -3.500000015E-02 -1.279923320E-01 3.926982880E-01 -1.875334965E-05
 7.307584882E-01 -3.500000015E-02 -1.276523471E-01 3.952616155E-01 -3.907472637E-05
 7.238904238E-01 -3.500000015E-02 -1.254018098E-01 3.832643032E-01 -1.220813429E-04
 7.275813818E-01 -3.500000015E-02 -1.266094446E-01 3.978241384E-01 -1.169956740E-04
 7.198336124E-01 -3.500000015E-02 -1.240762472E-01 3.816738725E-01 -1.320215670E-04
 7.134358883E-01 -3.500000015E-02 -1.219972745E-01 3.751274943E-01 -1.178593666E-04
 7.082754374E-01 -3.500000015E-02 -1.203190237E-01 3.740828335E-01 -1.065205870E-04
 7.044795752E-01 -3.500000015E-02 -1.190939024E-01 3.683806062E-01 -9.549665265E-05
 -1.883793771E-01 -3.500000015E-02 7.000874728E-02 -1.046766400E+00 6.560129579E-03
 -1.865869164E-01 -3.500000015E-02 7.020586729E-02 -1.041454792E+00 6.477280520E-03
 -1.850438565E-01 -3.500000015E-02 7.034355402E-02 -1.026057363E+00 6.406840403E-03
 -1.535732895E-01 -3.500000015E-02 7.208817452E-02 -8.075756431E-01 5.347160622E-03
 -1.762842685E-01 -3.500000015E-02 7.110884041E-02 -9.059668779E-01 6.122994237E-03
 -1.742203832E-01 -3.500000015E-02 7.124541700E-02 -9.020692706E-01 6.020531058E-03
 -1.660365313E-01 -3.500000015E-02 7.169578224E-02 -8.743536472E-01 5.671277642E-03
 -1.601716727E-01 -3.500000015E-02 7.191132009E-02 -8.396713138E-01 5.503168795E-03
 1.006407384E-02 -3.500000015E-02 5.853975192E-02 -3.671235442E-01 3.184812609E-03
 -1.468556672E-01 -3.500000015E-02 7.213355601E-02 -7.788338065E-01 5.245475098E-03
 -1.398076862E-01 -3.500000015E-02 7.215245813E-02 -7.436985970E-01 5.139477085E-03
 -1.236617938E-01 -3.500000015E-02 7.182847708E-02 -6.832072139E-01 4.886319861E-03
 -1.172463670E-01 -3.500000015E-02 7.159727812E-02 -6.650110483E-01 4.773946013E-03
 1.285846066E-02 -3.500000015E-02 5.811243877E-02 -3.612706959E-01 3.159924410E-03
 3.948842734E-02 -3.500000015E-02 5.386524647E-02 -3.078799546E-01 2.906259615E-03
 4.656245932E-02 -3.500000015E-02 5.267522484E-02 -2.968985438E-01 2.830297919E-03
 7.140017301E-02 -3.500000015E-02 4.828664660E-02 -2.505529523E-01 2.605467802E-03
 -9.786258638E-02 -3.500000015E-02 7.058654726E-02 -6.044301391E-01 4.434598144E-03
 -9.444586188E-02 -3.500000015E-02 7.036372274E-02 -5.945858955E-01 4.378347192E-03
 -6.879281253E-02 -3.500000015E-02 6.830073893E-02 -5.340973139E-01 4.014545586E-03
 -6.838679314E-02 -3.500000015E-02 6.826256961E-02 -5.331587195E-01 4.009568132E-03
 -3.963788971E-02 -3.500000015E-02 6.522557884E-02 -4.628075361E-01 3.683991730E-03
 -3.884791955E-02 -3.500000015E-02 6.512831897E-02 -4.609693289E-01 3.675884102E-03
 2.369194292E-03 -3.500000015E-02 5.963744223E-02 -3.814511895E-01 3.271377878E-03
 -1.405431423E-02 -3.500000015E-02 6.199116632E-02 -4.107306302E-01 3.431455931E-03
 8.391894400E-02 -3.500000015E-02 4.597271234E-02 -2.283958942E-01 2.531920560E-03
 1.072482541E-01 -3.500000015E-02 4.150319844E-02 -1.909354478E-01 2.332503442E-03
 3.853145242E-01 -3.500000015E-02 -2.472009696E-02 1.548266858E-01 7.621258264E-04
 6.379734874E-01 -3.500000015E-02 -9.802118689E-02 3.348859847E-01 1.924660864E-05
 6.950151920E-01 -3.500000015E-02 -1.160420477E-01 3.724797666E-01 -7.718776033E-05
 6.832543612E-01 -3.500000015E-02 -1.122872457E-01 3.681422174E-01 -4.018575783E-05
 1.682639420E-01 -3.500000015E-02 2.879309095E-02 -1.041858047E-01 1.842051046E-03
 4.769663215E-01 -3.500000015E-02 -5.012309924E-02 2.299556285E-01 3.418683191E-04
 5.098748207E-01 -3.500000015E-02 -5.957932025E-02 2.459569871E-01 2.126931067E-04
 4.763112664E-01 -3.500000015E-02 -4.993661121E-02 2.295849174E-01 3.440794826E-04
 6.382129788E-01 -3.500000015E-02 -9.809601307E-02 3.349130452E-01 1.918252747E-05
 6.678805947E-01 -3.500000015E-02 -1.073969156E-01 3.433704376E-01 -2.910965486E-05
 5.175308585E-01 -3.500000015E-02 -6.180547550E-02 2.502428889E-01 1.965445554E-04
 5.445610881E-01 -3.500000015E-02 -6.972762197E-02 2.759516239E-01 1.318688446E-04
 3.893673122E-01 -3.500000015E-02 -2.581958286E-02 1.585103571E-01 7.454522420E-04
 4.098353684E-01 -3.500000015E-02 -3.137851134E-02 1.802605540E-01 5.922478740E-04
 5.563316941E-01 -3.500000015E-02 -7.322125137E-02 2.835896909E-01 1.195025689E-04
 5.763761401E-01 -3.500000015E-02 -7.920360565E-02 2.913672328E-01 6.764792488E-05
 3.805148304E-01 -3.500000015E-02 -2.344242856E-02 1.508197188E-01 7.990697632E-04
 3.542664647E-01 -3.500000015E-02 -1.644240320E-02 1.219178960E-01 9.712664178E-04
 6.375591755E-01 -3.500000015E-02 -9.789367020E-02 3.346410394E-01 1.980838351E-05
 5.963789225E-01 -3.500000015E-02 -8.525472134E-02 3.077087104E-01 7.139238005E-05
 6.080703735E-01 -3.500000015E-02 -8.880634606E-02 3.163284659E-01 4.766823258E-05
 1.238373667E-01 -3.500000015E-02 3.813567013E-02 -1.660612226E-01 2.211551648E-03
 1.538209915E-01 -3.500000015E-02 3.190221637E-02 -1.232929677E-01 1.991890371E-03
 1.405459940E-01 -3.500000015E-02 3.473008797E-02 -1.397213042E-01 2.079552272E-03
 1.844477355E-01 -3.500000015E-02 2.518179640E-02 -7.762325555E-02 1.812567236E-03
 2.014933378E-01 -3.500000015E-02 2.135011740E-02 -5.307737738E-02 1.734945108E-03
 1.948211491E-01 -3.500000015E-02 2.287838422E-02 -6.046003476E-02 1.762491418E-03
 2.333225608E-01 -3.500000015E-02 1.394039486E-02 -8.096182719E-03 1.544229803E-03
 2.346116304E-01 -3.500000015E-02 1.363480277E-02 -6.382977590E-03 1.536745112E-03
 4.726954103E-01 -3.500000015E-02 -4.891924933E-02 2.275440842E-01 3.648322017E-04
 2.706615329E-01 -3.500000015E-02 4.903988913E-03 2.951566130E-02 1.335865702E-03
 2.756293118E-01 -3.500000015E-02 3.676109714E-03 3.645016626E-02 1.310535707E-03
 4.407037497E-01 -3.500000015E-02 -3.991035372E-02 2.078679353E-01 5.248221569E-04
 4.354191124E-01 -3.500000015E-02 -3.844020516E-02 2.052754164E-01 5.384102697E-04
 4.380203485E-01 -3.500000015E-02 -3.915834427E-02 2.077152580E-01 5.266818916E-04
 3.232957423E-01 -3.500000015E-02 -8.373298682E-03 9.692678601E-02 1.136370120E-03
 3.203328550E-01 -3.500000015E-02 -7.604272105E-03 9.479346126E-02 1.147678937E-03
 3.211564720E-01 -3.500000015E-02 -7.815157995E-03 9.552386403E-02 1.144313021E-03
 4 3
 73 4
 74 73
 77 75
 75 76
 76 74
 79 78
 78 77
 81 83
 83 84
 84 85
 85 86
 86 116
 116 117
 117 127
 127 141
 141 143
 143 142
 142 139
 139 138
 138 135
 135 134
 134 129
 129 128
 128 120
 120 119
 119 121
 121 122
 122 131
 131 133
 133 132
 132 115
 115 136
 136 137
 137 148
 148 150
 150 149
 149 147
 147 130
 130 126
 126 125
 125 123
 123 124
 124 145
 145 146
 146 144
 144 118
 118 140
 140 114
 114 113
 113 112
 112 104
 104 103
 103 102
 102 101
 101 96
 96 110
 110 111
 111 109
 109 108
 108 107
 107 106
 106 105
 105 94
 94 92
 92 91
 91 89
 89 97
 97 99
 99 100
 100 98
 98 95
 95 93
 93 90
 90 88
 88 87
 87 72
 72 71
 71 69
 69 70
 70 68
 68 67
 67 66
 66 65
 65 61
 61 63
 63 64
 64 62
 62 60
 60 59
 59 57
 57 58
 58 55
 55 56
 56 54
 54 53
 53 52
 52 51
 51 50
 50 49
 49 48
 48 47
 47 42
 42 46
 46 45
 45 44
 44 43
 43 41
 41 40
 40 39
 39 38
 38 37
 37 36
 36 35
 35 34
 34 6
 6 33
 33 32
 32 22
 22 21
 21 20
 20 19
 19 18
 18 17
 17 16
 16 15
 15 14
 14 13
 13 12
 12 11
 11 7
 7 8
 8 9
 9 10
 10 23
 23 25
 25 24
 24 26
 26 27
 27 28
 28 29
 29 31
 31 30
 30 5
 5 2
 2 1
 81 82
 82 80
 80 79
 262 269
 269 270
 270 264
 264 263
 263 233
 233 232
 232 231
 231 230
 230 228
 228 229
 229 227
 227 226
 226 225
 225 224
 224 222
 222 223
 223 221
 221 220
 220 154
 154 153
 296 278
 278 277
 277 261
 261 273
 273 274
 274 294
 294 295
 295 293
 293 290
 290 268
 268 266
 266 267
 267 271
 271 272
 272 275
 275 276
 276 280
 280 281
 281 279
 279 262
 285 265
 265 283
 283 284
 284 282
 282 260
 260 259
 259 250
 250 249
 249 248
 248 247
 247 242
 242 257
 257 258
 258 256
 256 255
 255 254
 254 253
 253 252
 252 251
 251 246
 246 245
 245 244
 244 243
 243 237
 237 241
 241 240
 240 239
 239 238
 238 236
 236 235
 235 234
 234 217
 217 219
 219 218
 218 216
 216 215
 215 211
 211 210
 210 213
 213 214
 214 212
 212 209
 209 208
 208 206
 206 207
 207 204
 204 205
 205 203
 203 202
 202 201
 201 200
 200 199
 199 198
 198 197
 197 196
 196 195
 195 194
 194 193
 193 192
 192 191
 191 190
 190 189
 189 188
 188 187
 187 186
 186 185
 185 184
 184 183
 183 182
 182 180
 180 181
 181 179
 179 178
 178 175
 175 174
 174 173
 173 172
 172 171
 171 170
 170 169
 169 168
 168 163
 163 164
 164 166
 166 167
 167 165
 165 156
 156 155
 155 158
 158 159
 159 160
 160 161
 161 162
 162 177
 177 176
 176 157
 157 152
 152 151
 287 285
 291 292
 292 297
 297 298
 298 296
 289 291
 286 287
 286 288
 288 289
ZONE T="Slice: Y=-0.73"
 STRANDID=0, SOLUTIONTIME=0
 Nodes=313, Elements=311, ZONETYPE=FELineSeg
 DATAPACKING=POINT
 DT=(SINGLE SINGLE SINGLE SINGLE SINGLE )
 -2.462019324E-01 -7.300000191E-01 4.341204464E-02 4.535212815E-01 9.801656706E-04
 -2.463012785E-01 -7.300000191E-01 4.270536453E-02 5.168423057E-01 8.062847191E-04
 7.386057973E-01 -7.300000191E-01 -1.302361339E-01 8.894643933E-02 7.642942015E-03
 7.379446626E-01 -7.300000191E-01 -1.302160919E-01 1.874426007E-01 6.055235397E-03
 -2.464082390E-01 -7.300000191E-01 3.967860714E-02 7.554390430E-01 -3.020056174E-04
 -2.464332134E-01 -7.300000191E-01 4.029579461E-02 6.994886994E-01 -9.090489766E-05
 -2.464371622E-01 -7.300000191E-01 4.056930542E-02 6.843143702E-01 -1.727413837E-05
 -2.464288026E-01 -7.300000191E-01 4.121976346E-02 6.309108138E-01 2.162554156E-04
 -2.463924289E-01 -7.300000191E-01 3.947198763E-02 7.672361135E-01 -3.409569908E-04
 -2.461435050E-01 -7.300000191E-01 3.756936640E-02 8.806005716E-01 -5.343320663E-04
 -2.461172640E-01 -7.300000191E-01 3.743225709E-02 8.855267763E-01 -5.380434450E-04
 -2.456938922E-01 -7.300000191E-01 3.571778163E-02 9.309288859E-01 -5.240963656E-04
 -2.456647903E-01 -7.300000191E-01 3.562346473E-02 9.331635237E-01 -5.213908153E-04
 -2.454767972E-01 -7.300000191E-01 3.502972797E-02 9.464352727E-01 -5.015176721E-04
 -2.450614721E-01 -7.300000191E-01 3.389865533E-02 9.738598466E-01 -3.466104972E-04
 -2.449718118E-01 -7.300000191E-01 3.367960453E-02 9.745530486E-01 -3.159734479E-04
 -2.447918206E-01 -7.300000191E-01 3.324966878E-02 9.714611173E-01 -2.426198480E-04
 -2.443342954E-01 -7.300000191E-01 3.225770593E-02 9.772335291E-01 -6.221809599E-05
 -2.437556684E-01 -7.300000191E-01 3.114322387E-02 9.706412554E-01 1.562338148E-04
 -2.464195788E-01 -7.300000191E-01 4.143744335E-02 6.116548181E-01 3.019829455E-04
 -2.463626266E-01 -7.300000191E-01 4.222145677E-02 5.476024747E-01 6.543123745E-04
 -2.436879724E-01 -7.300000191E-01 3.102208115E-02 9.701402187E-01 1.715610997E-04
 -2.433845848E-01 -7.300000191E-01 3.048789687E-02 9.764661789E-01 2.336661855E-04
 -2.463451922E-01 -7.300000191E-01 4.240348190E-02 5.242248774E-01 7.440302288E-04
 -2.426225245E-01 -7.300000191E-01 2.925449423E-02 9.651584625E-01 4.508961865E-04
 -2.424620986E-01 -7.300000191E-01 2.900979854E-02 9.630038738E-01 4.874552542E-04
 -2.420210987E-01 -7.300000191E-01 2.836046740E-02 9.505695701E-01 5.857310025E-04
 -2.463288754E-01 -7.300000191E-01 3.886495903E-02 8.070943356E-01 -4.231432395E-04
 -2.462180704E-01 -7.300000191E-01 3.802629933E-02 8.582888842E-01 -5.062893033E-04
 -2.462896705E-01 -7.300000191E-01 3.846917674E-02 8.324400783E-01 -4.735770344E-04
 -2.462794483E-01 -7.300000191E-01 3.839409351E-02 8.372372389E-01 -4.837599117E-04
 -2.459422499E-01 -7.300000191E-01 3.665515035E-02 8.978956342E-01 -5.592665402E-04
 -2.452040464E-01 -7.300000191E-01 3.427412733E-02 9.655895829E-01 -4.183884303E-04
 -2.453000546E-01 -7.300000191E-01 3.452482074E-02 9.599627852E-01 -4.604169226E-04
 -2.453276366E-01 -7.300000191E-01 3.460157663E-02 9.566916823E-01 -4.696581746E-04
 -2.458400428E-01 -7.300000191E-01 3.624914214E-02 9.095209837E-01 -5.527610774E-04
 -2.458961904E-01 -7.300000191E-01 3.645223379E-02 9.020755887E-01 -5.642325850E-04
 -2.459042221E-01 -7.300000191E-01 3.648428619E-02 9.001224041E-01 -5.634868285E-04
 -2.459005266E-01 -7.300000191E-01 3.646847233E-02 9.008077979E-01 -5.635215784E-04
 -2.445686162E-01 -7.300000191E-01 3.275202960E-02 9.787246585E-01 -1.494938915E-04
 -2.445286810E-01 -7.300000191E-01 3.266593814E-02 9.802784324E-01 -1.327952050E-04
 -2.439172864E-01 -7.300000191E-01 3.144776449E-02 9.751381874E-01 9.705338016E-05
 -2.429325432E-01 -7.300000191E-01 2.974763699E-02 9.696159363E-01 3.726471041E-04
 -2.431504130E-01 -7.300000191E-01 3.009491600E-02 9.702183008E-01 3.186490212E-04
 -2.431037575E-01 -7.300000191E-01 3.001803905E-02 9.687779546E-01 3.307075531E-04
 -2.441318333E-01 -7.300000191E-01 3.185339272E-02 9.810569882E-01 1.776007957E-05
 -2.440885007E-01 -7.300000191E-01 3.176886961E-02 9.816049933E-01 2.901815606E-05
 -2.417959720E-01 -7.300000191E-01 2.804012783E-02 9.469736218E-01 6.259727525E-04
 -2.413175851E-01 -7.300000191E-01 2.738303877E-02 9.314373136E-01 7.037402829E-04
 -2.410683185E-01 -7.300000191E-01 2.705146559E-02 9.283744693E-01 7.423708448E-04
 -2.405362129E-01 -7.300000191E-01 2.636732906E-02 9.236088395E-01 8.259030874E-04
 -2.402559966E-01 -7.300000191E-01 2.601845004E-02 9.160791636E-01 8.687679074E-04
 -2.397111058E-01 -7.300000191E-01 2.535974048E-02 9.080091119E-01 9.784576250E-04
 -2.394808233E-01 -7.300000191E-01 2.509140223E-02 9.018447399E-01 1.003997866E-03
 -2.371816039E-01 -7.300000191E-01 2.259055898E-02 8.582382202E-01 1.211105264E-03
 -2.388481796E-01 -7.300000191E-01 2.438058890E-02 8.917654157E-01 1.050563529E-03
 -2.369795740E-01 -7.300000191E-01 2.238534763E-02 8.545817137E-01 1.231678412E-03
 -2.358862907E-01 -7.300000191E-01 2.130864002E-02 8.277574182E-01 1.319160103E-03
 -2.376888990E-01 -7.300000191E-01 2.312400937E-02 8.691392541E-01 1.156685525E-03
 -2.383851111E-01 -7.300000191E-01 2.385666035E-02 8.810718656E-01 1.084043994E-03
 -2.382707894E-01 -7.300000191E-01 2.373293974E-02 8.794784546E-01 1.094899490E-03
 -2.356255800E-01 -7.300000191E-01 2.105924860E-02 8.236136436E-01 1.334786997E-03
 -2.344375104E-01 -7.300000191E-01 1.995647885E-02 8.002420664E-01 1.394333551E-03
 -2.340531349E-01 -7.300000191E-01 1.961008087E-02 7.949942946E-01 1.412216108E-03
 -2.326498926E-01 -7.300000191E-01 1.838682778E-02 7.665662766E-01 1.470991876E-03
 -2.322385162E-01 -7.300000191E-01 1.803872362E-02 7.586748600E-01 1.484314795E-03
 -2.304348797E-01 -7.300000191E-01 1.656646840E-02 7.410971522E-01 1.534788287E-03
 -2.300120741E-01 -7.300000191E-01 1.623167656E-02 7.352167964E-01 1.543474849E-03
 -2.278350145E-01 -7.300000191E-01 1.456904784E-02 7.027941942E-01 1.572184963E-03
 -2.275566012E-01 -7.300000191E-01 1.436198596E-02 6.986251473E-01 1.578983036E-03
 -2.135635465E-01 -7.300000191E-01 5.332866218E-03 5.676905513E-01 1.912890002E-03
 -2.226417661E-01 -7.300000191E-01 1.092818379E-02 6.457630992E-01 1.718442538E-03
 -2.267770916E-01 -7.300000191E-01 1.380465552E-02 6.937551498E-01 1.595616224E-03
 -2.250072062E-01 -7.300000191E-01 1.253368426E-02 6.814026833E-01 1.638127258E-03
 -2.241062671E-01 -7.300000191E-01 1.192286238E-02 6.691711545E-01 1.661729068E-03
 -2.209981829E-01 -7.300000191E-01 9.852385148E-03 6.263549924E-01 1.768734306E-03
 -2.186260074E-01 -7.300000191E-01 8.351786062E-03 6.051530838E-01 1.867088955E-03
 -2.181838751E-01 -7.300000191E-01 8.078704588E-03 6.033886075E-01 1.877340488E-03
 -2.136059999E-01 -7.300000191E-01 5.357795861E-03 5.683085322E-01 1.912540640E-03
 -2.135029584E-01 -7.300000191E-01 5.298676435E-03 5.672099590E-01 1.915465225E-03
 -2.087892443E-01 -7.300000191E-01 2.684164094E-03 5.340769887E-01 2.085671294E-03
 -2.060419470E-01 -7.300000191E-01 1.227097353E-03 5.257106423E-01 2.144216094E-03
 -2.028487921E-01 -7.300000191E-01 -4.156887589E-04 5.097423196E-01 2.200506860E-03
 -1.981089860E-01 -7.300000191E-01 -2.748539206E-03 4.824205041E-01 2.292237710E-03
 -1.958975941E-01 -7.300000191E-01 -3.805425484E-03 4.704433978E-01 2.335421741E-03
 7.375301123E-01 -7.300000191E-01 -1.302035302E-01 2.449922860E-01 5.087327678E-03
 7.370680571E-01 -7.300000191E-01 -1.301894486E-01 2.437746078E-01 3.993372433E-03
 7.364247441E-01 -7.300000191E-01 -1.301698387E-01 2.383817285E-01 2.441242337E-03
 7.352678776E-01 -7.300000191E-01 -1.301342249E-01 2.384705842E-01 2.148323925E-03
 7.343610525E-01 -7.300000191E-01 -1.301062852E-01 2.380283773E-01 1.930339029E-03
 7.335318327E-01 -7.300000191E-01 -1.300803274E-01 2.385743111E-01 1.928149257E-03
 7.311763763E-01 -7.300000191E-01 -1.300066859E-01 2.360172421E-01 1.923568198E-03
 7.278254032E-01 -7.300000191E-01 -1.298995614E-01 2.391624153E-01 1.976477681E-03
 7.238910794E-01 -7.300000191E-01 -1.297708303E-01 2.345929444E-01 2.017504536E-03
 7.153221965E-01 -7.300000191E-01 -1.294839233E-01 2.372371703E-01 2.073352225E-03
 7.146987915E-01 -7.300000191E-01 -1.294618994E-01 2.363587171E-01 2.076312900E-03
 7.078516483E-01 -7.300000191E-01 -1.292124987E-01 2.289354503E-01 2.094848314E-03
 6.926025748E-01 -7.300000191E-01 -1.286582798E-01 2.108712196E-01 2.139463089E-03
 -1.633582413E-01 -7.300000191E-01 -1.733620651E-02 3.807444870E-01 2.606520196E-03
 -1.894686818E-01 -7.300000191E-01 -6.747539621E-03 4.504920244E-01 2.416370204E-03
 -1.877733469E-01 -7.300000191E-01 -7.501927670E-03 4.449523389E-01 2.431302331E-03
 -1.614920348E-01 -7.300000191E-01 -1.802054048E-02 3.754190505E-01 2.619336592E-03
 -1.470630169E-01 -7.300000191E-01 -2.310725674E-02 3.488541842E-01 2.699919278E-03
 -1.406103671E-01 -7.300000191E-01 -2.524980716E-02 3.394639194E-01 2.726061037E-03
 -1.268455833E-01 -7.300000191E-01 -2.962691896E-02 3.136544824E-01 2.774765249E-03
 -1.734073758E-01 -7.300000191E-01 -1.343833003E-02 4.027141929E-01 2.540342044E-03
 -1.774541289E-01 -7.300000191E-01 -1.186420303E-02 4.116291106E-01 2.513607964E-03
 -1.770711392E-01 -7.300000191E-01 -1.202113274E-02 4.107390940E-01 2.515949309E-03
 -1.151803061E-01 -7.300000191E-01 -3.310780972E-02 2.997285128E-01 2.803566633E-03
 -1.027617157E-01 -7.300000191E-01 -3.665592149E-02 2.865596712E-01 2.829101402E-03
 -8.506228775E-02 -7.300000191E-01 -4.138892516E-02 2.705229223E-01 2.857502084E-03
 -7.403055578E-02 -7.300000191E-01 -4.420296103E-02 2.611533701E-01 2.872611163E-03
 -5.063568428E-02 -7.300000191E-01 -4.978692159E-02 2.451116890E-01 2.905506874E-03
 -4.140552506E-02 -7.300000191E-01 -5.188794062E-02 2.381244004E-01 2.915836172E-03
 -1.515211165E-02 -7.300000191E-01 -5.748984218E-02 2.168028504E-01 2.921524458E-03
 -1.680094749E-03 -7.300000191E-01 -6.020739675E-02 2.119846344E-01 2.908065217E-03
 2.343746834E-02 -7.300000191E-01 -6.498787552E-02 2.006072402E-01 2.911389805E-03
 3.415401280E-02 -7.300000191E-01 -6.693781912E-02 1.908943206E-01 2.926064888E-03
 6.485655904E-02 -7.300000191E-01 -7.219356298E-02 1.793243736E-01 2.916048281E-03
 7.113610953E-02 -7.300000191E-01 -7.322658598E-02 1.787435263E-01 2.909305971E-03
 1.034246609E-01 -7.300000191E-01 -7.823427767E-02 1.674460620E-01 2.878740896E-03
 2.121971846E-01 -7.300000191E-01 -9.263496846E-02 1.286318451E-01 2.946727443E-03
 6.650490761E-01 -7.300000191E-01 -1.275376230E-01 1.819623858E-01 2.257221611E-03
 4.035997391E-01 -7.300000191E-01 -1.113159209E-01 9.504257888E-02 2.848339966E-03
 6.577184200E-01 -7.300000191E-01 -1.272199154E-01 1.735479534E-01 2.294857753E-03
 6.335713863E-01 -7.300000191E-01 -1.261118650E-01 1.556339711E-01 2.387279412E-03
 3.602020144E-01 -7.300000191E-01 -1.076563448E-01 1.033133045E-01 2.845371375E-03
 5.862555504E-01 -7.300000191E-01 -1.236839145E-01 1.223534644E-01 2.544517629E-03
 5.610574484E-01 -7.300000191E-01 -1.222609431E-01 1.088066250E-01 2.612384735E-03
 5.479013920E-01 -7.300000191E-01 -1.214780957E-01 1.042063460E-01 2.642393345E-03
 5.260779858E-01 -7.300000191E-01 -1.201327220E-01 9.634711593E-02 2.692877548E-03
 6.253671050E-01 -7.300000191E-01 -1.257156581E-01 1.503286809E-01 2.423828701E-03
 5.973187089E-01 -7.300000191E-01 -1.242821664E-01 1.278794557E-01 2.517830580E-03
 5.111186504E-01 -7.300000191E-01 -1.191666648E-01 9.279957414E-02 2.724933438E-03
 4.904932380E-01 -7.300000191E-01 -1.177910045E-01 9.354469925E-02 2.763821045E-03
 2.550373077E-01 -7.300000191E-01 -9.742747247E-02 1.156356037E-01 2.944613807E-03
 2.709028721E-01 -7.300000191E-01 -9.911493957E-02 1.153230444E-01 2.932491712E-03
 4.750424623E-01 -7.300000191E-01 -1.167144701E-01 9.823409468E-02 2.792213578E-03
 4.537924826E-01 -7.300000191E-01 -1.151878238E-01 8.719109744E-02 2.835484454E-03
 2.408680618E-01 -7.300000191E-01 -9.589184076E-02 1.179858372E-01 2.952728886E-03
 2.167165130E-01 -7.300000191E-01 -9.315543622E-02 1.258224547E-01 2.948835725E-03
 1.908612400E-01 -7.300000191E-01 -9.005399048E-02 1.328875870E-01 2.954456257E-03
 1.800452173E-01 -7.300000191E-01 -8.873278648E-02 1.353166103E-01 2.956921468E-03
 1.825991124E-01 -7.300000191E-01 -8.905661106E-02 1.344473064E-01 2.957727993E-03
 4.341928959E-01 -7.300000191E-01 -1.137129962E-01 8.919098973E-02 2.838527085E-03
 4.137421548E-01 -7.300000191E-01 -1.121261194E-01 9.820542485E-02 2.850482007E-03
 1.506643593E-01 -7.300000191E-01 -8.492461592E-02 1.455287784E-01 2.936871955E-03
 1.412135661E-01 -7.300000191E-01 -8.364355564E-02 1.464682519E-01 2.931006020E-03
 6.858508587E-01 -7.300000191E-01 -1.283831745E-01 2.051388174E-01 2.164396457E-03
 6.915239692E-01 -7.300000191E-01 -1.286158264E-01 2.102556229E-01 2.141426085E-03
 1.156838387E-01 -7.300000191E-01 -8.004149795E-02 1.600582153E-01 2.885414986E-03
 1.094427407E-01 -7.300000191E-01 -7.914495468E-02 1.644262522E-01 2.877471969E-03
 3.923736811E-01 -7.300000191E-01 -1.103860661E-01 9.595981985E-02 2.817424713E-03
 3.746959567E-01 -7.300000191E-01 -1.089085266E-01 9.743538499E-02 2.808805555E-03
 3.820027709E-01 -7.300000191E-01 -1.095324755E-01 9.104765207E-02 2.808267018E-03
 3.303606510E-01 -7.300000191E-01 -1.049618721E-01 1.031679809E-01 2.900297754E-03
 3.297523260E-01 -7.300000191E-01 -1.049067453E-01 1.030546501E-01 2.901637694E-03
 2.970967889E-01 -7.300000191E-01 -1.017730460E-01 1.010071933E-01 2.918513026E-03
 2.951458395E-01 -7.300000191E-01 -1.015804261E-01 1.021249220E-01 2.918433631E-03
 -2.462019324E-01 -7.300000191E-01 4.341204464E-02 4.535212815E-01 1.351658488E-03
 -2.461221218E-01 -7.300000191E-01 4.381265491E-02 3.796216547E-01 1.506217755E-03
 7.386057973E-01 -7.300000191E-01 -1.302361339E-01 8.894643933E-02 3.948046360E-03
 7.379910946E-01 -7.300000191E-01 -1.300332844E-01 1.163004935E-01 3.212564625E-03
 -2.450539917E-01 -7.300000191E-01 4.713509604E-02 2.947118506E-02 3.312953049E-03
 -2.453309745E-01 -7.300000191E-01 4.647625610E-02 1.061495319E-01 3.001314122E-03
 -2.454404384E-01 -7.300000191E-01 4.619091749E-02 1.402722299E-01 2.825697418E-03
 -2.456492037E-01 -7.300000191E-01 4.559810460E-02 1.958877891E-01 2.487387042E-03
 -2.449714839E-01 -7.300000191E-01 4.731711373E-02 1.698224060E-02 3.396640299E-03
 -2.440231889E-01 -7.300000191E-01 4.908710718E-02 -1.819525510E-01 4.115463234E-03
 -2.443351150E-01 -7.300000191E-01 4.855989665E-02 -1.424475759E-01 3.892188659E-03
 -2.439616770E-01 -7.300000191E-01 4.918920621E-02 -1.849117577E-01 4.153054673E-03
 -2.436002791E-01 -7.300000191E-01 4.974688217E-02 -2.542754114E-01 4.295782186E-03
 -2.434622347E-01 -7.300000191E-01 4.995023459E-02 -2.681230605E-01 4.336949904E-03
 -2.423724532E-01 -7.300000191E-01 5.138725042E-02 -3.740524948E-01 4.650937859E-03
 -2.409030646E-01 -7.300000191E-01 5.298970640E-02 -4.743375778E-01 4.883410875E-03
 -2.415723205E-01 -7.300000191E-01 5.229717121E-02 -4.379512966E-01 4.867938347E-03
 -2.410791814E-01 -7.300000191E-01 5.281282589E-02 -4.610779285E-01 4.914664663E-03
 -2.394685596E-01 -7.300000191E-01 5.430938676E-02 -5.534328222E-01 4.214607179E-03
 -2.398974746E-01 -7.300000191E-01 5.393680185E-02 -5.524548292E-01 4.293711390E-03
 -2.417600453E-01 -7.300000191E-01 5.209254846E-02 -4.268511832E-01 4.829395562E-03
 -2.422187179E-01 -7.300000191E-01 5.156938359E-02 -3.862763345E-01 4.703303333E-03
 -2.457374632E-01 -7.300000191E-01 4.532063752E-02 2.148546129E-01 2.315107267E-03
 -2.459051013E-01 -7.300000191E-01 4.474213719E-02 3.011778593E-01 1.912331209E-03
 -2.392816246E-01 -7.300000191E-01 5.446955934E-02 -5.541512370E-01 4.201153293E-03
 -2.388030440E-01 -7.300000191E-01 5.486281216E-02 -5.697403550E-01 4.219176713E-03
 -2.459961623E-01 -7.300000191E-01 4.438212514E-02 3.442664146E-01 1.709685312E-03
 -2.385571599E-01 -7.300000191E-01 5.505905673E-02 -5.776586533E-01 4.199367948E-03
 -2.380152792E-01 -7.300000191E-01 5.547700822E-02 -5.824152231E-01 4.157357849E-03
 -2.377130091E-01 -7.300000191E-01 5.570277199E-02 -5.878593326E-01 4.141209181E-03
 -2.371085435E-01 -7.300000191E-01 5.613851175E-02 -6.057478786E-01 4.165688530E-03
 -2.447540462E-01 -7.300000191E-01 4.775662348E-02 -2.140232548E-02 3.492862917E-03
 -2.445968240E-01 -7.300000191E-01 4.807836562E-02 -4.968753085E-02 3.592743771E-03
 -2.445493191E-01 -7.300000191E-01 4.816814885E-02 -5.526087433E-02 3.630495630E-03
 -2.431313246E-01 -7.300000191E-01 5.040850490E-02 -3.053547442E-01 4.434213974E-03
 -2.427576333E-01 -7.300000191E-01 5.090104789E-02 -3.383374810E-01 4.543957300E-03
 -2.429740280E-01 -7.300000191E-01 5.062821135E-02 -3.177672029E-01 4.476941656E-03
 -2.429360896E-01 -7.300000191E-01 5.067779869E-02 -3.222182095E-01 4.489157349E-03
 -2.405014932E-01 -7.300000191E-01 5.337503552E-02 -4.904850125E-01 4.724705126E-03
 -2.402935475E-01 -7.300000191E-01 5.357589200E-02 -5.004760623E-01 4.637197591E-03
 -2.402382344E-01 -7.300000191E-01 5.362704396E-02 -5.072641969E-01 4.603342619E-03
 -2.367935926E-01 -7.300000191E-01 5.635826662E-02 -6.091240644E-01 4.170646425E-03
 -2.361191511E-01 -7.300000191E-01 5.681223050E-02 -6.111161113E-01 4.293616395E-03
 -2.357542217E-01 -7.300000191E-01 5.704966933E-02 -6.169654131E-01 4.359107930E-03
 -2.349735796E-01 -7.300000191E-01 5.753799155E-02 -6.178709865E-01 4.631064832E-03
 -2.346328348E-01 -7.300000191E-01 5.774390697E-02 -6.194653511E-01 4.687715322E-03
 -2.322201878E-01 -7.300000191E-01 5.908335000E-02 -6.406884789E-01 5.105788819E-03
 -2.328472435E-01 -7.300000191E-01 5.875654891E-02 -6.359028816E-01 4.998103250E-03
 -2.336346209E-01 -7.300000191E-01 5.832227319E-02 -6.241393685E-01 4.976110999E-03
 -2.314729691E-01 -7.300000191E-01 5.946793407E-02 -6.176589727E-01 5.262159277E-03
 -2.304795682E-01 -7.300000191E-01 5.995018780E-02 -6.132087708E-01 5.583571270E-03
 -2.335726768E-01 -7.300000191E-01 5.835834891E-02 -6.242669821E-01 4.991059657E-03
 -2.335555553E-01 -7.300000191E-01 5.836788192E-02 -6.242710948E-01 4.993042909E-03
 -2.299720794E-01 -7.300000191E-01 6.019083411E-02 -6.152940989E-01 5.720965564E-03
 -2.282585800E-01 -7.300000191E-01 6.095532700E-02 -6.059051752E-01 5.989644676E-03
 -2.280848920E-01 -7.300000191E-01 6.103118882E-02 -6.049466729E-01 6.019735243E-03
 -2.249468714E-01 -7.300000191E-01 6.227897108E-02 -5.859398842E-01 6.181075238E-03
 -2.276840657E-01 -7.300000191E-01 6.119757518E-02 -6.167221069E-01 6.102692802E-03
 -2.262059003E-01 -7.300000191E-01 6.179022044E-02 -6.183753014E-01 6.209710147E-03
 -2.268970609E-01 -7.300000191E-01 6.152404472E-02 -6.306680441E-01 6.219047122E-03
 -2.242739350E-01 -7.300000191E-01 6.252495199E-02 -5.810124874E-01 6.164923310E-03
 -2.223249376E-01 -7.300000191E-01 6.320483983E-02 -5.689225197E-01 6.094099022E-03
 -2.214489430E-01 -7.300000191E-01 6.349441409E-02 -5.674743652E-01 6.067288574E-03
 -2.190864086E-01 -7.300000191E-01 6.423108280E-02 -5.464767218E-01 6.047316361E-03
 -2.185555547E-01 -7.300000191E-01 6.438887864E-02 -5.406917930E-01 6.046113092E-03
 -2.128072381E-01 -7.300000191E-01 6.591285765E-02 -5.239310861E-01 5.840170663E-03
 -2.174083591E-01 -7.300000191E-01 6.470715255E-02 -5.407162309E-01 6.033340469E-03
 -2.157106847E-01 -7.300000191E-01 6.518294662E-02 -5.363215208E-01 5.997600965E-03
 -2.145723701E-01 -7.300000191E-01 6.546904147E-02 -5.319286585E-01 5.956287030E-03
 -2.108280063E-01 -7.300000191E-01 6.637518108E-02 -5.054069161E-01 5.775524769E-03
 -2.079811394E-01 -7.300000191E-01 6.699212641E-02 -5.018786788E-01 5.688865203E-03
 -2.073318064E-01 -7.300000191E-01 6.712438911E-02 -5.004804730E-01 5.658179987E-03
 -2.037428617E-01 -7.300000191E-01 6.780789047E-02 -4.731699526E-01 5.437648855E-03
 -2.002235204E-01 -7.300000191E-01 6.840769947E-02 -4.546408057E-01 5.287924316E-03
 -1.974829733E-01 -7.300000191E-01 6.883433461E-02 -4.358144701E-01 5.212090444E-03
 -1.935925633E-01 -7.300000191E-01 6.937744468E-02 -4.171816111E-01 5.116025917E-03
 7.374968529E-01 -7.300000191E-01 -1.298701763E-01 1.478600949E-01 2.658818383E-03
 7.363703847E-01 -7.300000191E-01 -1.294986755E-01 1.236307994E-01 1.503391191E-03
 7.361195087E-01 -7.300000191E-01 -1.294159442E-01 1.203507036E-01 1.249893103E-03
 7.358995080E-01 -7.300000191E-01 -1.293434799E-01 1.195499003E-01 1.204200438E-03
 7.342205644E-01 -7.300000191E-01 -1.287904382E-01 1.192485169E-01 8.523131837E-04
 7.315025926E-01 -7.300000191E-01 -1.278965920E-01 9.246206284E-02 8.888320299E-04
 7.310923338E-01 -7.300000191E-01 -1.277616471E-01 8.894004673E-02 8.877906366E-04
 7.306056619E-01 -7.300000191E-01 -1.276019514E-01 8.519026637E-02 9.277776117E-04
 7.275254130E-01 -7.300000191E-01 -1.265910864E-01 6.259426475E-02 1.192060881E-03
 7.219512463E-01 -7.300000191E-01 -1.247683987E-01 1.796118356E-02 1.430924283E-03
 7.184736729E-01 -7.300000191E-01 -1.236326769E-01 -1.017422788E-02 1.554885646E-03
 7.089301348E-01 -7.300000191E-01 -1.205315813E-01 -5.418337509E-02 1.988927368E-03
 7.078821659E-01 -7.300000191E-01 -1.201918796E-01 -6.010525674E-02 2.031932585E-03
 7.055721879E-01 -7.300000191E-01 -1.194473207E-01 -7.848710567E-02 2.166374819E-03
 -1.906642318E-01 -7.300000191E-01 6.974504143E-02 -4.083653688E-01 5.035247654E-03
 -1.854544431E-01 -7.300000191E-01 7.031885535E-02 -3.919973969E-01 4.901460372E-03
 -1.825497150E-01 -7.300000191E-01 7.059172541E-02 -3.782515228E-01 4.818413407E-03
 -1.465369016E-01 -7.300000191E-01 7.216861099E-02 -2.887122035E-01 4.105071537E-03
 -1.441380680E-01 -7.300000191E-01 7.216774672E-02 -2.843641341E-01 4.073270131E-03
 -1.292390972E-01 -7.300000191E-01 7.199047506E-02 -2.645258904E-01 3.896822920E-03
 -1.739169508E-01 -7.300000191E-01 7.126944512E-02 -3.496515751E-01 4.641721956E-03
 -1.725836396E-01 -7.300000191E-01 7.135298103E-02 -3.451274633E-01 4.611318000E-03
 -1.227014214E-01 -7.300000191E-01 7.179259509E-02 -2.555020750E-01 3.833291121E-03
 -1.081673279E-01 -7.300000191E-01 7.117875665E-02 -2.327978313E-01 3.703678027E-03
 -1.557085216E-01 -7.300000191E-01 7.199762017E-02 -3.103225231E-01 4.276545253E-03
 -1.613619924E-01 -7.300000191E-01 7.188961655E-02 -3.236272335E-01 4.385251086E-03
 -1.607590467E-01 -7.300000191E-01 7.191058993E-02 -3.229631782E-01 4.369517788E-03
 -9.623679519E-02 -7.300000191E-01 7.046191394E-02 -2.196018994E-01 3.614984220E-03
 -8.301822096E-02 -7.300000191E-01 6.951288134E-02 -2.023157626E-01 3.508968279E-03
 -6.589923054E-02 -7.300000191E-01 6.799547374E-02 -1.872389615E-01 3.387821605E-03
 -5.353565514E-02 -7.300000191E-01 6.675929576E-02 -1.776884347E-01 3.317914205E-03
 -2.962424792E-02 -7.300000191E-01 6.398790330E-02 -1.546118855E-01 3.159722313E-03
 -1.960188709E-02 -7.300000191E-01 6.271333247E-02 -1.425164789E-01 3.110206220E-03
 6.876955740E-03 -7.300000191E-01 5.899313837E-02 -1.247561648E-01 2.934473567E-03
 1.849655248E-02 -7.300000191E-01 5.723480508E-02 -1.180801690E-01 2.871379489E-03
 4.322744906E-02 -7.300000191E-01 5.322268605E-02 -1.058676317E-01 2.704907442E-03
 5.668979511E-02 -7.300000191E-01 5.090957135E-02 -9.603876621E-02 2.606889233E-03
 5.099716783E-02 -7.300000191E-01 5.192438141E-02 -1.025229841E-01 2.629000926E-03
 9.008753300E-02 -7.300000191E-01 4.482683912E-02 -7.106835395E-02 2.441741060E-03
 9.392214566E-02 -7.300000191E-01 4.408821836E-02 -7.008871436E-02 2.429717220E-03
 1.266056746E-01 -7.300000191E-01 3.761095181E-02 -5.111782625E-02 2.301876899E-03
 6.631020308E-01 -7.300000191E-01 -1.058889180E-01 -2.464237064E-01 3.129284829E-03
 3.787055612E-01 -7.300000191E-01 -2.294327132E-02 -5.414375663E-02 2.650997136E-03
 5.690878034E-01 -7.300000191E-01 -7.702066004E-02 -2.770908773E-01 3.826362314E-03
 5.578568578E-01 -7.300000191E-01 -7.367185503E-02 -2.454373837E-01 3.805215703E-03
 5.356680155E-01 -7.300000191E-01 -6.710872054E-02 -2.435739934E-01 3.755911486E-03
 6.191842556E-01 -7.300000191E-01 -9.221278876E-02 -3.115461171E-01 3.675566055E-03
 5.205062628E-01 -7.300000191E-01 -6.267395616E-02 -2.466389686E-01 3.692105412E-03
 5.022394657E-01 -7.300000191E-01 -5.737129599E-02 -2.032494396E-01 3.608769970E-03
 3.247247338E-01 -7.300000191E-01 -8.738076314E-03 -2.701925673E-02 2.421136480E-03
 3.086606264E-01 -7.300000191E-01 -4.628284834E-03 -1.952834055E-02 2.345510758E-03
 2.794995904E-01 -7.300000191E-01 2.707948210E-03 -1.543753315E-02 2.278355882E-03
 2.972095311E-01 -7.300000191E-01 -1.712287427E-03 -1.737022586E-02 2.302635927E-03
 6.955598593E-01 -7.300000191E-01 -1.162175611E-01 -1.647144109E-01 2.716259565E-03
 6.880265474E-01 -7.300000191E-01 -1.138125211E-01 -1.820683032E-01 2.840349916E-03
 4.841314554E-01 -7.300000191E-01 -5.217479914E-02 -1.877502650E-01 3.490993055E-03
 4.681390226E-01 -7.300000191E-01 -4.762016982E-02 -1.710952818E-01 3.373727435E-03
 2.674901485E-01 -7.300000191E-01 5.679863971E-03 -1.399696618E-02 2.249332843E-03
 2.465658188E-01 -7.300000191E-01 1.077114232E-02 -1.757872105E-02 2.203190466E-03
 2.217053175E-01 -7.300000191E-01 1.667044312E-02 -2.084160037E-02 2.175247297E-03
 2.067964375E-01 -7.300000191E-01 2.012070641E-02 -2.253777906E-02 2.196238376E-03
 2.161096483E-01 -7.300000191E-01 1.798781380E-02 -2.225684002E-02 2.172260312E-03
 4.446813464E-01 -7.300000191E-01 -4.102461785E-02 -1.092431769E-01 3.168080701E-03
 4.355210066E-01 -7.300000191E-01 -3.846438602E-02 -9.687070549E-02 3.091156483E-03
 1.812602282E-01 -7.300000191E-01 2.590982430E-02 -3.316015378E-02 2.226348734E-03
 1.598603129E-01 -7.300000191E-01 3.061169945E-02 -4.591768235E-02 2.239118563E-03
 1.346326619E-01 -7.300000191E-01 3.595191985E-02 -4.496626556E-02 2.283297712E-03
 4.017919302E-01 -7.300000191E-01 -2.918315679E-02 -7.741708308E-02 2.813011175E-03
 4.015440941E-01 -7.300000191E-01 -2.911561914E-02 -7.724471390E-02 2.811479615E-03
 4.016684890E-01 -7.300000191E-01 -2.914925106E-02 -7.744068652E-02 2.812195569E-03
 6.435571313E-01 -7.300000191E-01 -9.976791590E-02 -2.914928496E-01 3.443714930E-03
 6.372790933E-01 -7.300000191E-01 -9.780880809E-02 -2.973765731E-01 3.493810771E-03
 5.987434387E-01 -7.300000191E-01 -8.596408367E-02 -3.207266331E-01 3.791420022E-03
 5.996343493E-01 -7.300000191E-01 -8.623311669E-02 -3.220665753E-01 3.790236311E-03
 5.994470716E-01 -7.300000191E-01 -8.617601544E-02 -3.217960894E-01 3.791107098E-03
 3.453278244E-01 -7.300000191E-01 -1.411366090E-02 -3.718549386E-02 2.506573685E-03
 3.581950068E-01 -7.300000191E-01 -1.748779230E-02 -3.962267563E-02 2.555749845E-03
 3.533555269E-01 -7.300000191E-01 -1.620239578E-02 -3.969320282E-02 2.538301283E-03
 57 55
 55 59
 59 61
 61 60
 60 56
 56 54
 54 53
 53 52
 52 51
 51 50
 50 49
 49 48
 48 27
 27 26
 26 25
 25 43
 43 45
 45 44
 44 23
 23 22
 22 19
 19 42
 42 47
 47 46
 46 18
 18 41
 41 40
 40 17
 17 16
 16 15
 15 33
 33 34
 34 35
 35 14
 14 13
 13 12
 12 36
 36 37
 37 39
 39 38
 38 32
 32 11
 11 10
 10 29
 29 31
 31 30
 30 28
 28 9
 9 5
 5 6
 6 7
 7 8
 8 20
 20 21
 21 24
 24 2
 2 1
 80 81
 81 82
 82 83
 83 84
 84 85
 85 100
 100 101
 101 107
 107 108
 108 106
 106 99
 99 102
 102 103
 103 104
 104 105
 105 109
 109 110
 110 111
 111 112
 112 113
 113 114
 114 115
 115 116
 116 117
 117 118
 118 119
 119 120
 120 121
 121 152
 152 151
 151 148
 148 147
 147 143
 143 144
 144 142
 142 122
 122 141
 141 140
 140 136
 136 137
 137 159
 159 158
 158 157
 157 156
 156 127
 127 154
 154 155
 155 153
 153 124
 124 146
 146 145
 145 139
 139 138
 138 135
 135 134
 134 131
 131 130
 130 129
 129 128
 128 133
 133 132
 132 126
 126 125
 125 123
 123 149
 149 150
 150 98
 98 97
 97 96
 96 95
 95 94
 94 93
 93 92
 92 91
 91 90
 90 89
 89 88
 88 87
 87 86
 86 4
 4 3
 75 72
 72 76
 76 77
 77 78
 78 79
 79 71
 71 80
 74 73
 73 70
 70 69
 69 68
 68 67
 67 66
 66 65
 65 64
 64 63
 63 62
 62 58
 58 57
 75 74
 168 164
 164 165
 165 166
 166 167
 167 182
 182 183
 183 186
 186 161
 161 160
 168 191
 191 192
 192 193
 193 170
 170 169
 169 171
 171 172
 172 173
 173 194
 194 196
 196 197
 197 195
 195 174
 174 181
 181 180
 180 176
 176 177
 177 175
 175 198
 198 199
 199 200
 200 179
 179 178
 178 184
 184 185
 185 187
 187 188
 188 189
 189 190
 190 201
 201 202
 202 203
 203 204
 204 205
 205 208
 208 211
 211 212
 212 207
 207 206
 206 209
 209 210
 210 213
 213 214
 214 215
 215 217
 217 219
 219 218
 218 216
 216 220
 220 221
 221 222
 222 223
 223 224
 224 226
 226 227
 227 228
 228 225
 225 229
 229 230
 230 231
 231 232
 232 233
 233 234
 234 235
 235 250
 250 251
 251 252
 252 256
 256 257
 257 261
 261 262
 262 260
 260 253
 253 254
 254 255
 255 258
 258 259
 259 263
 263 264
 264 265
 265 266
 266 267
 267 268
 268 269
 269 270
 270 271
 271 273
 273 272
 272 274
 274 275
 275 276
 276 302
 302 301
 301 300
 300 296
 296 297
 297 295
 295 294
 294 293
 293 287
 287 288
 288 286
 286 285
 285 311
 311 313
 313 312
 312 278
 278 304
 304 305
 305 303
 303 299
 299 298
 298 292
 292 291
 291 284
 284 283
 283 281
 281 280
 280 279
 279 308
 308 310
 310 309
 309 282
 282 307
 307 306
 306 277
 277 290
 290 289
 289 249
 249 248
 248 247
 247 246
 246 245
 245 244
 244 243
 243 242
 242 241
 241 240
 240 239
 239 238
 238 237
 237 236
 236 163
 163 162
