TITLE     = "tecplot geometry and solution file"
VARIABLES = "x"
"y"
"z"
"cp"
"cf_x"
ZONE T="Slice: Y=-0.001"
 STRANDID=0, SOLUTIONTIME=0
 Nodes=164, Elements=162, ZONETYPE=FELineSeg
 DATAPACKING=POINT
 DT=(SINGLE SINGLE SINGLE SINGLE SINGLE )
 -2.462019324E-01 -1.000000047E-03 4.341204464E-02 -3.647587299E-01 2.213151660E-03
 7.386057973E-01 -1.000000047E-03 -1.302361339E-01 3.620425761E-01 2.967856126E-03
 -2.463117540E-01 -1.000000047E-03 4.241806641E-02 -2.547022402E-01 1.684588147E-03
 -2.464305162E-01 -1.000000047E-03 4.084599391E-02 -7.058617473E-02 7.640582044E-04
 -2.464022636E-01 -1.000000047E-03 4.170268402E-02 -1.745010316E-01 1.303607831E-03
 7.376062870E-01 -1.000000047E-03 -1.302047819E-01 4.175880551E-01 2.605158836E-03
 7.354974747E-01 -1.000000047E-03 -1.301404089E-01 4.585612714E-01 1.973915845E-03
 -2.463293076E-01 -1.000000047E-03 3.884574398E-02 1.446781009E-01 -1.950016594E-04
 -2.464175522E-01 -1.000000047E-03 3.999769688E-02 6.266053766E-02 2.833745384E-04
 -2.459914684E-01 -1.000000047E-03 3.687277064E-02 4.328253269E-01 -1.153465593E-03
 -2.462140173E-01 -1.000000047E-03 3.800585866E-02 2.274763435E-01 -7.147598662E-04
 -2.461185753E-01 -1.000000047E-03 3.743618727E-02 3.880191445E-01 -9.316207143E-04
 -2.454425246E-01 -1.000000047E-03 3.494646400E-02 5.755200982E-01 -1.341549680E-03
 -2.457828224E-01 -1.000000047E-03 3.604954854E-02 5.284506083E-01 -1.272717956E-03
 -2.451536655E-01 -1.000000047E-03 3.414811194E-02 6.265084743E-01 -1.432416728E-03
 -2.447126061E-01 -1.000000047E-03 3.308177739E-02 7.345571518E-01 -1.343467622E-03
 -2.449447513E-01 -1.000000047E-03 3.361007199E-02 7.175254822E-01 -1.359001151E-03
 -2.443550229E-01 -1.000000047E-03 3.231136501E-02 7.770913839E-01 -1.305549638E-03
 -2.438230217E-01 -1.000000047E-03 3.127584979E-02 8.123188019E-01 -1.220583450E-03
 -2.441005707E-01 -1.000000047E-03 3.179142624E-02 8.180199265E-01 -1.247097156E-03
 -2.433994859E-01 -1.000000047E-03 3.052210249E-02 8.560152650E-01 -1.175679732E-03
 -2.427873909E-01 -1.000000047E-03 2.951741964E-02 9.166577458E-01 -1.098734792E-03
 -2.431034446E-01 -1.000000047E-03 3.001688980E-02 9.163640738E-01 -1.132331905E-03
 -2.422779053E-01 -1.000000047E-03 2.874006517E-02 9.279432297E-01 -9.911491070E-04
 -2.415227145E-01 -1.000000047E-03 2.767457999E-02 9.500755072E-01 -8.062041015E-04
 -2.419391572E-01 -1.000000047E-03 2.824118361E-02 9.561202526E-01 -8.854835760E-04
 -2.407351285E-01 -1.000000047E-03 2.661958896E-02 9.870349765E-01 -5.769914715E-04
 -2.400662452E-01 -1.000000047E-03 2.579342574E-02 9.803150296E-01 -4.294675600E-04
 -2.392727137E-01 -1.000000047E-03 2.485564910E-02 9.884437323E-01 -2.891453914E-04
 -2.379659414E-01 -1.000000047E-03 2.342899330E-02 1.024555922E+00 -1.003618527E-04
 -2.387220263E-01 -1.000000047E-03 2.422614954E-02 1.029374719E+00 -1.624552533E-04
 -2.365326583E-01 -1.000000047E-03 2.193967812E-02 1.033313632E+00 1.005682352E-04
 -2.353181243E-01 -1.000000047E-03 2.077999711E-02 1.025989652E+00 2.014397760E-04
 7.337257862E-01 -1.000000047E-03 -1.300840229E-01 4.465990663E-01 1.505258493E-03
 7.288517356E-01 -1.000000047E-03 -1.299304813E-01 4.264972210E-01 1.106735668E-03
 -2.338521928E-01 -1.000000047E-03 1.944070496E-02 1.005769372E+00 3.177725885E-04
 -2.316362113E-01 -1.000000047E-03 1.756341569E-02 1.002033114E+00 5.217734724E-04
 -2.328785062E-01 -1.000000047E-03 1.857979596E-02 1.006133914E+00 4.404147039E-04
 -2.293470949E-01 -1.000000047E-03 1.571420953E-02 9.973316789E-01 7.264928427E-04
 -2.273153812E-01 -1.000000047E-03 1.420356426E-02 9.865562320E-01 8.298205212E-04
 -2.244479954E-01 -1.000000047E-03 1.216305792E-02 9.679522514E-01 9.285663255E-04
 -2.206715345E-01 -1.000000047E-03 9.669742547E-03 9.326968193E-01 1.056966139E-03
 -2.227477282E-01 -1.000000047E-03 1.099443808E-02 9.489668608E-01 9.995109867E-04
 7.263022661E-01 -1.000000047E-03 -1.298470050E-01 4.198848009E-01 9.678047500E-04
 -2.166416198E-01 -1.000000047E-03 7.145508192E-03 8.906801939E-01 1.167705399E-03
 -2.129297853E-01 -1.000000047E-03 4.992835224E-03 8.620749712E-01 1.215272001E-03
 -2.085714787E-01 -1.000000047E-03 2.578178421E-03 8.415896893E-01 1.260129968E-03
 -2.018094659E-01 -1.000000047E-03 -8.865520940E-04 8.194702268E-01 1.306497958E-03
 -1.947501451E-01 -1.000000047E-03 -4.344687331E-03 7.656010389E-01 1.336570247E-03
 -1.881616563E-01 -1.000000047E-03 -7.290932816E-03 7.123929262E-01 1.407663571E-03
 7.213020921E-01 -1.000000047E-03 -1.296742707E-01 4.153285325E-01 1.019142452E-03
 7.106512785E-01 -1.000000047E-03 -1.293075681E-01 4.062371552E-01 1.016759081E-03
 7.016946673E-01 -1.000000047E-03 -1.289779544E-01 4.064448178E-01 1.018611365E-03
 -1.784533113E-01 -1.000000047E-03 -1.140861586E-02 6.900818944E-01 1.449986477E-03
 -1.650638282E-01 -1.000000047E-03 -1.666210778E-02 6.620744467E-01 1.539628138E-03
 -1.541248113E-01 -1.000000047E-03 -2.064472437E-02 6.328945756E-01 1.575491391E-03
 -1.342640966E-01 -1.000000047E-03 -2.725645900E-02 5.773730874E-01 1.475314144E-03
 -1.459316313E-01 -1.000000047E-03 -2.349806391E-02 6.130654812E-01 1.532845083E-03
 -1.243677065E-01 -1.000000047E-03 -3.039106540E-02 5.383800864E-01 1.475018798E-03
 -1.085120663E-01 -1.000000047E-03 -3.487594426E-02 5.121502876E-01 1.547013526E-03
 6.818871498E-01 -1.000000047E-03 -1.282244176E-01 3.959869444E-01 1.057710499E-03
 6.712564230E-01 -1.000000047E-03 -1.277669519E-01 3.888199329E-01 1.053935266E-03
 -4.862022400E-02 -1.000000047E-03 -5.023449287E-02 4.799198806E-01 1.721116365E-03
 -5.887845904E-02 -1.000000047E-03 -4.786773771E-02 4.944516420E-01 1.667817356E-03
 -8.526372723E-03 -1.000000047E-03 -5.883166194E-02 4.376644492E-01 1.697627478E-03
 4.272584803E-03 -1.000000047E-03 -6.134837121E-02 4.290088415E-01 1.677105785E-03
 5.287886411E-02 -1.000000047E-03 -7.016630471E-02 4.095202684E-01 1.521302154E-03
 6.858394295E-02 -1.000000047E-03 -7.276507467E-02 4.072670639E-01 1.511430135E-03
 6.255551577E-01 -1.000000047E-03 -1.257230192E-01 3.747117221E-01 1.100141904E-03
 6.141159534E-01 -1.000000047E-03 -1.251380146E-01 3.706554770E-01 1.122313901E-03
 1.581347287E-01 -1.000000047E-03 -8.585564792E-02 3.714394569E-01 1.480748528E-03
 1.312901080E-01 -1.000000047E-03 -8.223908395E-02 3.781005144E-01 1.453386969E-03
 2.199556977E-01 -1.000000047E-03 -9.352130443E-02 3.575800955E-01 1.354104956E-03
 1.994141638E-01 -1.000000047E-03 -9.109165519E-02 3.647796810E-01 1.421561348E-03
 2.542589605E-01 -1.000000047E-03 -9.734167904E-02 3.514080048E-01 1.366625656E-03
 2.723550498E-01 -1.000000047E-03 -9.924639761E-02 3.521581292E-01 1.369458856E-03
 3.168599904E-01 -1.000000047E-03 -1.036733538E-01 3.455672860E-01 1.410899451E-03
 3.337514997E-01 -1.000000047E-03 -1.052627414E-01 3.437451422E-01 1.400104375E-03
 3.960439861E-01 -1.000000047E-03 -1.106786132E-01 3.510213494E-01 1.439200481E-03
 4.106509089E-01 -1.000000047E-03 -1.118712574E-01 3.509369791E-01 1.451118616E-03
 5.524266362E-01 -1.000000047E-03 -1.217424124E-01 3.604446948E-01 1.244821702E-03
 5.405210257E-01 -1.000000047E-03 -1.210362539E-01 3.605861068E-01 1.256755786E-03
 4.680190980E-01 -1.000000047E-03 -1.162107289E-01 3.529629409E-01 1.403676928E-03
 4.802118838E-01 -1.000000047E-03 -1.170687005E-01 3.547649980E-01 1.376332715E-03
 -2.462019324E-01 -1.000000047E-03 4.341204464E-02 -3.647587299E-01 2.983748913E-03
 7.386057973E-01 -1.000000047E-03 -1.302361339E-01 3.620425761E-01 1.943145879E-03
 -2.459651828E-01 -1.000000047E-03 4.438364133E-02 -5.492902398E-01 3.142201575E-03
 -2.455390543E-01 -1.000000047E-03 4.590151459E-02 -8.295828104E-01 3.789777169E-03
 -2.458234578E-01 -1.000000047E-03 4.501395673E-02 -6.642715931E-01 3.229159163E-03
 -2.457251251E-01 -1.000000047E-03 4.536579177E-02 -7.247934937E-01 3.513682866E-03
 7.376558185E-01 -1.000000047E-03 -1.299237311E-01 3.606472313E-01 1.615337911E-03
 7.367582917E-01 -1.000000047E-03 -1.296281219E-01 3.498256207E-01 1.297047711E-03
 7.356522083E-01 -1.000000047E-03 -1.292629540E-01 3.857043982E-01 8.064064314E-04
 -2.447590083E-01 -1.000000047E-03 4.774615541E-02 -1.034538865E+00 5.454811733E-03
 -2.452365011E-01 -1.000000047E-03 4.669411480E-02 -8.770269156E-01 4.562272225E-03
 -2.450137287E-01 -1.000000047E-03 4.722756147E-02 -8.660119176E-01 5.243666470E-03
 -2.437668741E-01 -1.000000047E-03 4.948466271E-02 -1.156413317E+00 5.628000014E-03
 -2.443632036E-01 -1.000000047E-03 4.849582538E-02 -1.121096492E+00 5.901161581E-03
 -2.425934821E-01 -1.000000047E-03 5.110796541E-02 -1.313562989E+00 5.562100094E-03
 -2.432897836E-01 -1.000000047E-03 5.018723011E-02 -1.246008396E+00 5.362974945E-03
 -2.429530025E-01 -1.000000047E-03 5.065628514E-02 -1.288283587E+00 5.577601027E-03
 -2.420493364E-01 -1.000000047E-03 5.175964534E-02 -1.336840987E+00 6.029207259E-03
 -2.412701398E-01 -1.000000047E-03 5.261084065E-02 -1.326077938E+00 6.165478844E-03
 -2.406704426E-01 -1.000000047E-03 5.321224034E-02 -1.354088426E+00 6.227453239E-03
 -2.398148626E-01 -1.000000047E-03 5.400393158E-02 -1.402502418E+00 6.338820327E-03
 -2.391572446E-01 -1.000000047E-03 5.456843227E-02 -1.408892393E+00 6.298598833E-03
 -2.382328659E-01 -1.000000047E-03 5.530712381E-02 -1.402472734E+00 6.429276895E-03
 -2.374821156E-01 -1.000000047E-03 5.586789176E-02 -1.424018145E+00 6.371768191E-03
 -2.364429682E-01 -1.000000047E-03 5.659295246E-02 -1.462351084E+00 6.549035665E-03
 -2.356068790E-01 -1.000000047E-03 5.713997409E-02 -1.416824579E+00 6.580827292E-03
 -2.343597859E-01 -1.000000047E-03 5.790042132E-02 -1.344604015E+00 6.769157946E-03
 -2.333056331E-01 -1.000000047E-03 5.850121751E-02 -1.342307329E+00 6.767611019E-03
 -2.316927761E-01 -1.000000047E-03 5.934972689E-02 -1.334653616E+00 6.810588297E-03
 -2.302750200E-01 -1.000000047E-03 6.004240736E-02 -1.336776495E+00 6.712615956E-03
 -2.281364501E-01 -1.000000047E-03 6.099839136E-02 -1.317571998E+00 6.645751651E-03
 7.339680195E-01 -1.000000047E-03 -1.287099868E-01 4.021393657E-01 3.463730973E-04
 7.278095484E-01 -1.000000047E-03 -1.266880482E-01 3.919485807E-01 2.711632624E-05
 -2.262524217E-01 -1.000000047E-03 6.177173182E-02 -1.254952908E+00 6.563374773E-03
 -2.237151116E-01 -1.000000047E-03 6.271828711E-02 -1.229326010E+00 6.501133554E-03
 -2.215887010E-01 -1.000000047E-03 6.344293803E-02 -1.196102619E+00 6.327326410E-03
 -2.184517831E-01 -1.000000047E-03 6.440037489E-02 -1.116665721E+00 6.108439993E-03
 -2.143867910E-01 -1.000000047E-03 6.551418453E-02 -1.117280722E+00 5.741694011E-03
 -2.106325328E-01 -1.000000047E-03 6.640760601E-02 -1.139477611E+00 5.165345501E-03
 -2.127773762E-01 -1.000000047E-03 6.592463702E-02 -1.127700210E+00 5.400107242E-03
 7.249752879E-01 -1.000000047E-03 -1.257603317E-01 3.918428421E-01 -1.436039602E-04
 -2.066688985E-01 -1.000000047E-03 6.724655628E-02 -1.102779150E+00 4.987337161E-03
 -2.014204711E-01 -1.000000047E-03 6.819695234E-02 -9.975385070E-01 4.819334950E-03
 -1.963346452E-01 -1.000000047E-03 6.899034232E-02 -9.242596626E-01 4.700806458E-03
 -1.893315613E-01 -1.000000047E-03 6.988619268E-02 -9.340207577E-01 4.478455056E-03
 -1.834898442E-01 -1.000000047E-03 7.049836963E-02 -9.330592155E-01 4.177286290E-03
 -1.730494946E-01 -1.000000047E-03 7.125894725E-02 -8.248174787E-01 3.945809323E-03
 7.194129229E-01 -1.000000047E-03 -1.239506975E-01 3.832605183E-01 -2.161910379E-04
 7.105873227E-01 -1.000000047E-03 -1.210829616E-01 3.681263030E-01 -3.673119645E-04
 7.006672025E-01 -1.000000047E-03 -1.178915948E-01 3.590283692E-01 -4.065182293E-04
 -1.604755968E-01 -1.000000047E-03 7.189839333E-02 -7.562264800E-01 3.586038714E-03
 -1.487768888E-01 -1.000000047E-03 7.211651653E-02 -7.307318449E-01 3.263780847E-03
 -1.367805749E-01 -1.000000047E-03 7.210133225E-02 -6.786018610E-01 2.889968688E-03
 -1.196786240E-01 -1.000000047E-03 7.166785747E-02 -6.395338178E-01 2.546057571E-03
 -1.092028692E-01 -1.000000047E-03 7.123331726E-02 -6.261175275E-01 2.314467216E-03
 -9.323138744E-02 -1.000000047E-03 7.014891505E-02 -5.708138943E-01 2.144687111E-03
 6.820023656E-01 -1.000000047E-03 -1.118912846E-01 3.435809612E-01 -4.425954830E-04
 -2.968155220E-02 -1.000000047E-03 6.397090852E-02 -4.250446856E-01 1.833742601E-03
 -4.596088082E-02 -1.000000047E-03 6.590536237E-02 -4.740894139E-01 1.893614070E-03
 2.769730520E-03 -1.000000047E-03 5.955532566E-02 -3.536129594E-01 1.451399410E-03
 2.261285484E-02 -1.000000047E-03 5.657007173E-02 -3.292530775E-01 1.112267608E-03
 6.683564186E-02 -1.000000047E-03 4.908308759E-02 -2.561453283E-01 9.307831060E-04
 8.565343916E-02 -1.000000047E-03 4.560890794E-02 -2.272920161E-01 8.388258284E-04
 6.464399695E-01 -1.000000047E-03 -1.007199660E-01 3.188467622E-01 -3.126277588E-04
 6.323672533E-01 -1.000000047E-03 -9.629382938E-02 3.101626337E-01 -2.572343510E-04
 6.212196350E-01 -1.000000047E-03 -9.285990894E-02 3.064557910E-01 -2.452725603E-04
 1.669308543E-01 -1.000000047E-03 2.903681062E-02 -1.097512618E-01 5.644896883E-04
 1.446217000E-01 -1.000000047E-03 3.382604569E-02 -1.444574744E-01 6.535158027E-04
 2.329153419E-01 -1.000000047E-03 1.402526721E-02 -9.377385490E-03 3.069786762E-04
 2.157471776E-01 -1.000000047E-03 1.803980581E-02 -3.238287196E-02 3.834526869E-04
 2.705106437E-01 -1.000000047E-03 4.928275943E-03 2.179775387E-02 2.128587366E-04
 2.839020789E-01 -1.000000047E-03 1.611510641E-03 3.423320130E-02 1.752044482E-04
 3.332103491E-01 -1.000000047E-03 -1.094817743E-02 8.760893345E-02 1.587731094E-04
 3.463172317E-01 -1.000000047E-03 -1.436636783E-02 9.880573303E-02 1.400714391E-04
 4.074360430E-01 -1.000000047E-03 -3.074408695E-02 1.418367177E-01 1.350609382E-04
 4.192013144E-01 -1.000000047E-03 -3.395822644E-02 1.504858285E-01 1.259166020E-04
 5.586149693E-01 -1.000000047E-03 -7.389951497E-02 2.811661959E-01 -9.525233327E-05
 5.467242599E-01 -1.000000047E-03 -7.037194073E-02 2.728126943E-01 -5.963990770E-05
 4.783019722E-01 -1.000000047E-03 -5.051844940E-02 2.064328492E-01 6.499342999E-05
 4.899374247E-01 -1.000000047E-03 -5.384219065E-02 2.183796465E-01 6.492531247E-05
 61 53
 53 52
 52 51
 51 44
 44 35
 35 34
 34 7
 7 6
 6 2
 70 69
 69 62
 62 61
 84 83
 83 80
 80 79
 79 78
 78 77
 77 76
 76 75
 75 73
 73 74
 74 71
 71 72
 72 68
 68 67
 67 66
 66 65
 65 63
 63 64
 64 60
 60 59
 59 57
 57 58
 58 56
 56 55
 55 54
 54 50
 50 49
 49 48
 48 47
 47 46
 46 45
 45 42
 42 43
 43 41
 41 40
 40 39
 39 37
 37 38
 38 36
 36 33
 33 32
 32 30
 30 31
 31 29
 29 28
 28 27
 27 25
 25 26
 26 24
 24 22
 22 23
 23 21
 21 19
 19 20
 20 18
 18 16
 16 17
 17 15
 15 13
 13 14
 14 10
 10 12
 12 11
 11 8
 8 9
 9 4
 4 5
 5 3
 3 1
 84 82
 82 81
 81 70
 91 86
 116 93
 93 92
 92 91
 125 117
 117 116
 125 132
 132 133
 133 134
 134 141
 141 148
 148 149
 149 150
 150 161
 161 162
 162 164
 164 163
 163 160
 160 159
 159 158
 158 157
 157 156
 156 155
 155 153
 153 154
 154 151
 151 152
 152 147
 147 146
 146 145
 145 144
 144 142
 142 143
 143 140
 140 139
 139 138
 138 137
 137 136
 136 135
 135 131
 131 130
 130 129
 129 128
 128 127
 127 126
 126 123
 123 124
 124 122
 122 121
 121 120
 120 119
 119 118
 118 115
 115 114
 114 113
 113 112
 112 111
 111 110
 110 109
 109 108
 108 107
 107 106
 106 105
 105 104
 104 103
 103 102
 102 99
 99 101
 101 100
 100 97
 97 98
 98 94
 94 96
 96 95
 95 88
 88 90
 90 89
 89 87
 87 85
ZONE T="Slice: Y=-0.035"
 STRANDID=0, SOLUTIONTIME=0
 Nodes=185, Elements=183, ZONETYPE=FELineSeg
 DATAPACKING=POINT
 DT=(SINGLE SINGLE SINGLE SINGLE SINGLE )
 -2.462019324E-01 -3.500000015E-02 4.341204464E-02 -1.850852072E-01 1.454882440E-03
 -2.462596297E-01 -3.500000015E-02 4.294805974E-02 -1.110103205E-01 1.290100743E-03
 7.386057973E-01 -3.500000015E-02 -1.302361339E-01 3.318762481E-01 4.541346338E-03
 7.380381823E-01 -3.500000015E-02 -1.302188784E-01 3.721713722E-01 4.094921518E-03
 -2.453072965E-01 -3.500000015E-02 3.454378247E-02 7.750741243E-01 -1.593621098E-03
 -2.462811917E-01 -3.500000015E-02 3.840336204E-02 4.800300002E-01 -9.268755093E-04
 -2.445402443E-01 -3.500000015E-02 3.268975019E-02 9.206140637E-01 -1.429409604E-03
 -2.463871837E-01 -3.500000015E-02 4.195599630E-02 -1.297877915E-02 8.895339561E-04
 -2.435249984E-01 -3.500000015E-02 3.073163889E-02 9.696223140E-01 -1.207451103E-03
 -2.425152212E-01 -3.500000015E-02 2.908872440E-02 1.032881498E+00 -9.843269363E-04
 -2.460232228E-01 -3.500000015E-02 3.701545671E-02 6.324692965E-01 -1.411104691E-03
 -2.462003529E-01 -3.500000015E-02 3.792146221E-02 5.930644870E-01 -1.165039605E-03
 -2.463336885E-01 -3.500000015E-02 3.888833150E-02 4.144632220E-01 -7.174132043E-04
 -2.464061081E-01 -3.500000015E-02 3.970940411E-02 2.639517188E-01 -3.463543253E-04
 -2.454645485E-01 -3.500000015E-02 3.501210362E-02 7.494589686E-01 -1.588110463E-03
 -2.457358539E-01 -3.500000015E-02 3.588141128E-02 6.860654354E-01 -1.534552081E-03
 -2.451282740E-01 -3.500000015E-02 3.408276290E-02 8.299527168E-01 -1.552653383E-03
 -2.446998358E-01 -3.500000015E-02 3.305281699E-02 9.199129939E-01 -1.473202370E-03
 -2.464353144E-01 -3.500000015E-02 4.070284963E-02 2.474475652E-01 8.024970157E-05
 -2.464198917E-01 -3.500000015E-02 4.131315276E-02 1.671761572E-01 4.656161764E-04
 -2.443657964E-01 -3.500000015E-02 3.233340383E-02 9.478772879E-01 -1.386832213E-03
 -2.437914610E-01 -3.500000015E-02 3.122435696E-02 9.659946561E-01 -1.250613714E-03
 -2.440980226E-01 -3.500000015E-02 3.178648278E-02 9.495994449E-01 -1.307902159E-03
 -2.432793081E-01 -3.500000015E-02 3.031371348E-02 9.854204655E-01 -1.156770275E-03
 -2.427444756E-01 -3.500000015E-02 2.945042960E-02 1.028811812E+00 -1.033972716E-03
 -2.393102199E-01 -3.500000015E-02 2.489294484E-02 1.070064783E+00 -1.837026066E-04
 -2.422596812E-01 -3.500000015E-02 2.871363238E-02 1.063984036E+00 -8.840991068E-04
 -2.414283007E-01 -3.500000015E-02 2.754823864E-02 1.069162130E+00 -6.466094637E-04
 -2.418948859E-01 -3.500000015E-02 2.817818709E-02 1.072013021E+00 -7.409515674E-04
 -2.369007766E-01 -3.500000015E-02 2.230483852E-02 1.055391312E+00 7.648546307E-05
 -2.405740768E-01 -3.500000015E-02 2.641502768E-02 1.051758051E+00 -4.809549719E-04
 -2.398682088E-01 -3.500000015E-02 2.556310594E-02 1.060566306E+00 -3.117459419E-04
 -2.386748791E-01 -3.500000015E-02 2.417827584E-02 1.077052712E+00 -9.663343371E-05
 -2.374495715E-01 -3.500000015E-02 2.287656255E-02 1.065596938E+00 3.168461262E-05
 -2.364464104E-01 -3.500000015E-02 2.186303400E-02 1.050304413E+00 1.674721425E-04
 -2.352285683E-01 -3.500000015E-02 2.068516612E-02 1.059719682E+00 3.593922302E-04
 -2.337923199E-01 -3.500000015E-02 1.939911023E-02 1.047639608E+00 5.435331259E-04
 -2.326224893E-01 -3.500000015E-02 1.836451516E-02 1.054008484E+00 6.681486848E-04
 -2.301110327E-01 -3.500000015E-02 1.631703787E-02 1.037209153E+00 8.815851179E-04
 -2.285383344E-01 -3.500000015E-02 1.513014454E-02 1.021079302E+00 9.396733367E-04
 -2.224301696E-01 -3.500000015E-02 1.078722440E-02 9.516837597E-01 1.156697515E-03
 -2.252494246E-01 -3.500000015E-02 1.270458475E-02 9.731256962E-01 1.001672819E-03
 -2.219193429E-01 -3.500000015E-02 1.045098901E-02 9.471508861E-01 1.169742434E-03
 -2.179649174E-01 -3.500000015E-02 7.955731824E-03 9.045743346E-01 1.226870692E-03
 -2.193958610E-01 -3.500000015E-02 8.829956874E-03 9.226275086E-01 1.153213787E-03
 -2.140012830E-01 -3.500000015E-02 5.598613061E-03 8.913222551E-01 1.336833811E-03
 -2.102076262E-01 -3.500000015E-02 3.467529546E-03 8.666091561E-01 1.386397751E-03
 -1.792203188E-01 -3.500000015E-02 -1.114342827E-02 7.111877799E-01 1.568119507E-03
 -2.054502964E-01 -3.500000015E-02 9.283126565E-04 8.249713778E-01 1.450269949E-03
 -2.002564967E-01 -3.500000015E-02 -1.687667449E-03 7.993773222E-01 1.479303231E-03
 -1.928928047E-01 -3.500000015E-02 -5.189449061E-03 7.760201693E-01 1.548064989E-03
 -1.837852001E-01 -3.500000015E-02 -9.182600304E-03 7.390567660E-01 1.560932375E-03
 -1.714242101E-01 -3.500000015E-02 -1.418383047E-02 6.891683936E-01 1.553466078E-03
 -1.521214843E-01 -3.500000015E-02 -2.123394981E-02 6.282575727E-01 1.572749810E-03
 -1.632847190E-01 -3.500000015E-02 -1.736650243E-02 6.599809527E-01 1.538919751E-03
 7.363520861E-01 -3.500000015E-02 -1.301676184E-01 5.041199327E-01 2.878764877E-03
 7.338213921E-01 -3.500000015E-02 -1.300894916E-01 4.478464127E-01 1.491947565E-03
 7.336275578E-01 -3.500000015E-02 -1.300835162E-01 4.449166358E-01 1.393541461E-03
 7.333055139E-01 -3.500000015E-02 -1.300732195E-01 4.444350302E-01 1.383804134E-03
 7.267655134E-01 -3.500000015E-02 -1.298656166E-01 4.527051151E-01 1.224743202E-03
 7.202746272E-01 -3.500000015E-02 -1.296457648E-01 4.436385930E-01 1.264834893E-03
 7.103166580E-01 -3.500000015E-02 -1.293097138E-01 4.190188050E-01 1.325571327E-03
 6.907888055E-01 -3.500000015E-02 -1.285827309E-01 4.067914188E-01 1.378929010E-03
 6.874767542E-01 -3.500000015E-02 -1.284599453E-01 4.022042751E-01 1.389282406E-03
 6.800706983E-01 -3.500000015E-02 -1.281371564E-01 3.997843266E-01 1.398435328E-03
 -9.384909272E-02 -3.500000015E-02 -3.905482963E-02 5.209971666E-01 1.707905438E-03
 2.969218604E-02 -3.500000015E-02 -6.610321999E-02 4.194766879E-01 2.112066140E-03
 6.432957053E-01 -3.500000015E-02 -1.265568435E-01 3.782132566E-01 1.423713053E-03
 3.586748242E-01 -3.500000015E-02 -1.075136513E-01 3.309192955E-01 1.801315811E-03
 4.872311652E-01 -3.500000015E-02 -1.175703704E-01 3.577160239E-01 1.766685979E-03
 1.250040811E-02 -3.500000015E-02 -6.296034902E-02 4.317349195E-01 2.125646453E-03
 -7.584353536E-02 -3.500000015E-02 -4.369302467E-02 5.001841187E-01 1.793552074E-03
 -1.336002648E-01 -3.500000015E-02 -2.752892673E-02 5.764810443E-01 1.591749955E-03
 -1.093609631E-01 -3.500000015E-02 -3.452960029E-02 5.424618721E-01 1.683437382E-03
 1.460254341E-01 -3.500000015E-02 -8.429878950E-02 3.786763549E-01 2.054245677E-03
 4.976801872E-01 -3.500000015E-02 -1.182594448E-01 3.580883145E-01 1.737776096E-03
 5.460017323E-01 -3.500000015E-02 -1.213645786E-01 3.597663343E-01 1.602513366E-03
 3.484572470E-01 -3.500000015E-02 -1.066092476E-01 3.418076038E-01 1.826104010E-03
 3.247634768E-01 -3.500000015E-02 -1.044040620E-01 3.660863042E-01 1.843593433E-03
 1.113495380E-01 -3.500000015E-02 -7.919272780E-02 3.800169528E-01 2.091789851E-03
 4.779599980E-02 -3.500000015E-02 -6.920526177E-02 4.025102854E-01 2.152699046E-03
 6.844366342E-02 -3.500000015E-02 -7.279533893E-02 3.887026906E-01 2.148952335E-03
 -5.830567330E-02 -3.500000015E-02 -4.781415313E-02 4.756434858E-01 1.939189737E-03
 -1.818432659E-02 -3.500000015E-02 -5.665585399E-02 4.427551329E-01 2.075791359E-03
 -3.765178099E-02 -3.500000015E-02 -5.272881687E-02 4.501423240E-01 2.040244406E-03
 4.707571268E-01 -3.500000015E-02 -1.163527593E-01 3.545293808E-01 1.771803945E-03
 3.712434173E-01 -3.500000015E-02 -1.085526124E-01 3.322639465E-01 1.793752657E-03
 4.281669259E-01 -3.500000015E-02 -1.132484451E-01 3.468678892E-01 1.773298834E-03
 4.121477306E-01 -3.500000015E-02 -1.119847670E-01 3.472506702E-01 1.757618156E-03
 5.824313760E-01 -3.500000015E-02 -1.234191209E-01 3.525787890E-01 1.544423052E-03
 6.182621717E-01 -3.500000015E-02 -1.253615618E-01 3.566288352E-01 1.480148057E-03
 1.763331741E-01 -3.500000015E-02 -8.810847253E-02 3.669128418E-01 1.976806438E-03
 2.101114243E-01 -3.500000015E-02 -9.239027649E-02 3.575889766E-01 1.896464266E-03
 2.521944344E-01 -3.500000015E-02 -9.709184617E-02 3.417843878E-01 1.805388834E-03
 2.675490975E-01 -3.500000015E-02 -9.875439107E-02 3.401883841E-01 1.783468993E-03
 -2.462019324E-01 -3.500000015E-02 4.341204464E-02 -1.850852072E-01 2.386293374E-03
 -2.460979372E-01 -3.500000015E-02 4.386581853E-02 -2.438559681E-01 2.545374911E-03
 7.386057973E-01 -3.500000015E-02 -1.302361339E-01 3.318762481E-01 2.984165912E-03
 7.380923629E-01 -3.500000015E-02 -1.300667226E-01 3.519874215E-01 2.703831065E-03
 -2.423350960E-01 -3.500000015E-02 5.143295974E-02 -1.407569408E+00 5.430690479E-03
 -2.435371876E-01 -3.500000015E-02 4.984268919E-02 -1.116700411E+00 5.553767085E-03
 -2.458783537E-01 -3.500000015E-02 4.484258965E-02 -4.144559503E-01 2.835105406E-03
 -2.438037992E-01 -3.500000015E-02 4.942705482E-02 -1.036809921E+00 5.606104154E-03
 -2.443743497E-01 -3.500000015E-02 4.847654328E-02 -9.956140518E-01 5.401623435E-03
 -2.447396666E-01 -3.500000015E-02 4.778565466E-02 -9.119477272E-01 5.009649321E-03
 -2.451966852E-01 -3.500000015E-02 4.678312689E-02 -7.180503011E-01 4.248143174E-03
 -2.449991554E-01 -3.500000015E-02 4.725950956E-02 -8.205331564E-01 4.509320948E-03
 -2.432495803E-01 -3.500000015E-02 5.024326593E-02 -1.189615965E+00 5.475512240E-03
 -2.426967174E-01 -3.500000015E-02 5.097848177E-02 -1.344352365E+00 5.444227252E-03
 -2.418884039E-01 -3.500000015E-02 5.194386095E-02 -1.424040556E+00 5.635143258E-03
 -2.415516227E-01 -3.500000015E-02 5.231808499E-02 -1.426612020E+00 5.635413341E-03
 -2.455685139E-01 -3.500000015E-02 4.583081603E-02 -6.376999021E-01 3.722052323E-03
 -2.457576990E-01 -3.500000015E-02 4.524880648E-02 -5.254322886E-01 3.250205424E-03
 -2.406265438E-01 -3.500000015E-02 5.324928463E-02 -1.407863498E+00 5.736008286E-03
 -2.397921234E-01 -3.500000015E-02 5.402408540E-02 -1.460264683E+00 6.137139164E-03
 -2.402420938E-01 -3.500000015E-02 5.362396687E-02 -1.455953479E+00 5.693308078E-03
 -2.391598821E-01 -3.500000015E-02 5.456621200E-02 -1.509704947E+00 6.626927759E-03
 -2.382878661E-01 -3.500000015E-02 5.526364967E-02 -1.543635607E+00 7.105062250E-03
 -2.335118353E-01 -3.500000015E-02 5.839221552E-02 -1.496582985E+00 8.336901665E-03
 -2.372726947E-01 -3.500000015E-02 5.601875111E-02 -1.537390947E+00 7.630305830E-03
 -2.363012582E-01 -3.500000015E-02 5.668729916E-02 -1.580576897E+00 7.966660894E-03
 -2.294960022E-01 -3.500000015E-02 6.040844321E-02 -1.438302636E+00 8.832309395E-03
 -2.354552150E-01 -3.500000015E-02 5.723554268E-02 -1.548953891E+00 8.159074001E-03
 -2.340032756E-01 -3.500000015E-02 5.810594931E-02 -1.476844192E+00 8.369431831E-03
 -2.327089906E-01 -3.500000015E-02 5.882544443E-02 -1.527207971E+00 8.545891382E-03
 -2.305986285E-01 -3.500000015E-02 5.987158418E-02 -1.498980284E+00 8.765624836E-03
 -2.322006822E-01 -3.500000015E-02 5.909797549E-02 -1.560444474E+00 8.608849719E-03
 -2.290272415E-01 -3.500000015E-02 6.061741337E-02 -1.441239595E+00 8.925239556E-03
 -2.205291986E-01 -3.500000015E-02 6.379085779E-02 -1.313296318E+00 7.878765464E-03
 -2.281280607E-01 -3.500000015E-02 6.097555161E-02 -1.415038109E+00 8.845878765E-03
 -2.248318791E-01 -3.500000015E-02 6.232309341E-02 -1.339545131E+00 8.844589815E-03
 -2.205886245E-01 -3.500000015E-02 6.377039105E-02 -1.313910961E+00 7.898399606E-03
 -2.204781920E-01 -3.500000015E-02 6.380663067E-02 -1.312723637E+00 7.867346518E-03
 -2.152392864E-01 -3.500000015E-02 6.528384238E-02 -1.215724945E+00 6.617677864E-03
 -2.127913982E-01 -3.500000015E-02 6.592062861E-02 -1.224457145E+00 5.971943028E-03
 -2.101300955E-01 -3.500000015E-02 6.651181728E-02 -1.222540140E+00 5.403815303E-03
 -2.043413967E-01 -3.500000015E-02 6.769197434E-02 -1.106634617E+00 5.014677532E-03
 -2.015267313E-01 -3.500000015E-02 6.818959117E-02 -1.072563410E+00 4.950483330E-03
 -1.935009956E-01 -3.500000015E-02 6.935618818E-02 -1.040447831E+00 5.061404780E-03
 -1.845373511E-01 -3.500000015E-02 7.034202665E-02 -9.524071217E-01 5.168621894E-03
 -1.710370928E-01 -3.500000015E-02 7.142557949E-02 -8.274944425E-01 5.306811072E-03
 -1.590397507E-01 -3.500000015E-02 7.193354517E-02 -8.190198541E-01 5.215782207E-03
 -1.516304910E-01 -3.500000015E-02 7.209362090E-02 -8.086999655E-01 5.076889414E-03
 -1.272994280E-01 -3.500000015E-02 7.179287076E-02 -6.794492602E-01 4.504037555E-03
 7.369610071E-01 -3.500000015E-02 -1.296934187E-01 3.842247725E-01 2.043819055E-03
 7.341454029E-01 -3.500000015E-02 -1.287657768E-01 4.183183312E-01 1.046586782E-03
 7.338828444E-01 -3.500000015E-02 -1.286792755E-01 4.205987751E-01 9.535233839E-04
 7.336347103E-01 -3.500000015E-02 -1.285977364E-01 4.200380147E-01 9.228011477E-04
 7.282499671E-01 -3.500000015E-02 -1.268286556E-01 4.079380333E-01 3.755763755E-04
 7.213663459E-01 -3.500000015E-02 -1.245787144E-01 3.875582218E-01 2.714630973E-04
 7.160622478E-01 -3.500000015E-02 -1.228477806E-01 3.852835596E-01 1.973764593E-04
 6.919128895E-01 -3.500000015E-02 -1.150554270E-01 3.346619606E-01 1.960001100E-04
 6.448745131E-01 -3.500000015E-02 -1.002197191E-01 3.237395585E-01 1.971541060E-04
 6.882637143E-01 -3.500000015E-02 -1.138772517E-01 3.297709227E-01 1.917397021E-04
 6.853971481E-01 -3.500000015E-02 -1.129771620E-01 3.273508251E-01 1.951007871E-04
 6.875023246E-01 -3.500000015E-02 -1.136360765E-01 3.275027275E-01 1.920105133E-04
 6.172450781E-01 -3.500000015E-02 -9.161908925E-02 3.022865653E-01 2.334933088E-04
 1.438397020E-01 -3.500000015E-02 3.403200582E-02 -1.353153586E-01 1.538908342E-03
 3.826360032E-02 -3.500000015E-02 5.403007939E-02 -3.247869015E-01 2.480112715E-03
 -4.754270241E-02 -3.500000015E-02 6.607321650E-02 -4.724289775E-01 3.019304713E-03
 4.748975933E-01 -3.500000015E-02 -4.953445867E-02 2.093370855E-01 4.372839176E-04
 -1.069858223E-01 -3.500000015E-02 7.111038268E-02 -6.286883950E-01 3.928098828E-03
 -8.138652146E-02 -3.500000015E-02 6.917150319E-02 -5.860925913E-01 3.315806855E-03
 1.465407163E-01 -3.500000015E-02 3.346687183E-02 -1.290438473E-01 1.523295301E-03
 1.819793433E-01 -3.500000015E-02 2.572945878E-02 -7.425534725E-02 1.237075427E-03
 3.611225188E-01 -3.500000015E-02 -1.827145368E-02 1.116891280E-01 8.207817446E-04
 3.767654300E-01 -3.500000015E-02 -2.243993618E-02 1.216690764E-01 7.350805099E-04
 3.702777028E-01 -3.500000015E-02 -2.068908885E-02 1.139565334E-01 7.527053822E-04
 3.212858737E-01 -3.500000015E-02 -7.882722653E-03 8.284336329E-02 9.226400289E-04
 2.898776829E-01 -3.500000015E-02 7.848950190E-05 4.932186007E-02 9.338172968E-04
 3.050923944E-01 -3.500000015E-02 -3.708497155E-03 6.938745826E-02 8.873472689E-04
 1.399637908E-01 -3.500000015E-02 3.479607403E-02 -1.412454098E-01 1.576217706E-03
 7.074654847E-02 -3.500000015E-02 4.838657007E-02 -2.685302794E-01 2.038216218E-03
 8.949493617E-02 -3.500000015E-02 4.489304870E-02 -2.283415198E-01 1.879491145E-03
 5.768548250E-01 -3.500000015E-02 -7.935228199E-02 3.007545769E-01 3.703696711E-04
 5.884802938E-01 -3.500000015E-02 -8.287119120E-02 3.088237643E-01 3.494925331E-04
 4.233324826E-01 -3.500000015E-02 -3.509126231E-02 1.613499969E-01 6.224811659E-04
 4.343246520E-01 -3.500000015E-02 -3.816059977E-02 1.724887937E-01 5.989079946E-04
 5.085319877E-01 -3.500000015E-02 -5.923769996E-02 2.319238782E-01 4.322620516E-04
 5.356131196E-01 -3.500000015E-02 -6.709787250E-02 2.481338084E-01 3.889642248E-04
 -1.673825458E-02 -3.500000015E-02 6.210201979E-02 -4.114177525E-01 2.948084380E-03
 1.338157430E-02 -3.500000015E-02 5.789932236E-02 -3.563549817E-01 2.773662796E-03
 3.229703754E-03 -3.500000015E-02 5.954882130E-02 -3.618111610E-01 2.845091047E-03
 2.288538069E-01 -3.500000015E-02 1.497528702E-02 -7.293173671E-02 1.008857274E-03
 2.169609964E-01 -3.500000015E-02 1.777868159E-02 -8.782587945E-02 1.062272699E-03
 69 78
 78 79
 79 95
 95 94
 94 93
 93 92
 92 75
 75 80
 80 82
 82 81
 81 67
 67 71
 71 84
 84 85
 85 83
 83 72
 72 66
 66 74
 74 73
 73 54
 54 55
 55 53
 53 48
 48 52
 52 51
 51 50
 50 49
 49 47
 47 46
 46 44
 44 45
 45 43
 43 41
 41 42
 42 40
 40 39
 39 38
 38 37
 37 36
 36 35
 35 30
 30 34
 34 33
 33 26
 26 32
 32 31
 31 28
 28 29
 29 27
 27 10
 10 25
 25 24
 24 9
 9 22
 22 23
 23 21
 21 7
 7 18
 18 17
 17 5
 5 15
 15 16
 16 11
 11 12
 12 6
 6 13
 13 14
 14 19
 19 20
 20 8
 8 2
 2 1
 64 63
 63 62
 62 61
 61 60
 60 59
 59 58
 58 57
 57 56
 56 4
 4 3
 77 90
 90 91
 91 68
 68 65
 65 64
 77 76
 76 70
 70 86
 86 88
 88 89
 89 87
 87 69
 98 99
 99 145
 145 146
 146 147
 147 148
 148 149
 149 150
 150 151
 151 152
 152 154
 154 156
 156 155
 155 153
 153 157
 157 176
 176 175
 175 180
 180 179
 179 161
 161 178
 178 177
 177 167
 167 168
 168 166
 166 169
 169 171
 171 170
 170 184
 184 185
 185 165
 165 164
 164 158
 158 172
 172 174
 174 173
 173 159
 159 182
 182 183
 183 181
 181 160
 160 163
 163 162
 162 144
 144 143
 143 142
 142 141
 141 140
 140 139
 139 138
 138 137
 137 136
 136 135
 135 134
 134 133
 133 129
 129 132
 132 131
 131 130
 130 128
 128 122
 122 126
 126 127
 127 125
 125 119
 119 124
 124 123
 123 121
 121 120
 120 118
 118 117
 117 115
 115 116
 116 114
 114 111
 111 110
 110 100
 100 109
 109 108
 108 101
 101 103
 103 104
 104 105
 105 107
 107 106
 106 112
 112 113
 113 102
 102 97
 97 96
ZONE T="Slice: Y=-0.73"
 STRANDID=0, SOLUTIONTIME=0
 Nodes=193, Elements=191, ZONETYPE=FELineSeg
 DATAPACKING=POINT
 DT=(SINGLE SINGLE SINGLE SINGLE SINGLE )
 -2.462019324E-01 -7.300000191E-01 4.341204464E-02 4.986347556E-01 1.134503051E-03
 -2.462930381E-01 -7.300000191E-01 4.273381829E-02 5.048962831E-01 9.134419961E-04
 7.386057973E-01 -7.300000191E-01 -1.302361339E-01 5.288038403E-02 6.747187115E-03
 7.373077273E-01 -7.300000191E-01 -1.301967204E-01 2.282719016E-01 5.206869449E-03
 -2.463895082E-01 -7.300000191E-01 3.940179944E-02 8.308050632E-01 -4.212707572E-04
 -2.464296073E-01 -7.300000191E-01 4.122166708E-02 6.821680665E-01 2.419611847E-04
 -2.455646694E-01 -7.300000191E-01 3.531048819E-02 1.002224922E+00 -5.790453870E-04
 -2.450206429E-01 -7.300000191E-01 3.380517289E-02 1.033349514E+00 -5.149369827E-04
 -2.460504919E-01 -7.300000191E-01 3.716614097E-02 9.680923223E-01 -5.647451035E-04
 -2.456822842E-01 -7.300000191E-01 3.569218889E-02 1.005732298E+00 -6.002048030E-04
 -2.459006011E-01 -7.300000191E-01 3.646878153E-02 9.586955309E-01 -5.895610084E-04
 -2.462306470E-01 -7.300000191E-01 3.808417916E-02 9.161463380E-01 -5.596135743E-04
 -2.463682592E-01 -7.300000191E-01 3.920393810E-02 8.447682261E-01 -4.495432659E-04
 -2.463987470E-01 -7.300000191E-01 3.959643468E-02 8.180066347E-01 -3.639098722E-04
 -2.464318722E-01 -7.300000191E-01 4.101595283E-02 6.977186203E-01 1.603668206E-04
 -2.464354932E-01 -7.300000191E-01 4.034127668E-02 7.266556025E-01 -1.068275378E-04
 -2.448680699E-01 -7.300000191E-01 3.343589604E-02 1.045456290E+00 -4.631042830E-04
 -2.441950142E-01 -7.300000191E-01 3.198403120E-02 1.025681973E+00 -1.483277301E-04
 -2.440125197E-01 -7.300000191E-01 3.162807599E-02 1.024356604E+00 -7.773250400E-05
 -2.433218062E-01 -7.300000191E-01 3.038936295E-02 1.036207438E+00 1.543559629E-04
 -2.406461090E-01 -7.300000191E-01 2.650430612E-02 9.548868537E-01 8.125223103E-04
 -2.464165688E-01 -7.300000191E-01 4.141965136E-02 6.593087912E-01 3.651180014E-04
 -2.463763654E-01 -7.300000191E-01 4.208565503E-02 5.718138814E-01 7.529701106E-04
 -2.428744584E-01 -7.300000191E-01 2.965421975E-02 1.028689504E+00 2.889784519E-04
 -2.422889918E-01 -7.300000191E-01 2.875694633E-02 1.011029840E+00 5.120240385E-04
 -2.425886840E-01 -7.300000191E-01 2.920088172E-02 1.014911175E+00 4.135118797E-04
 -2.417649180E-01 -7.300000191E-01 2.799848095E-02 9.885016084E-01 6.654598983E-04
 -2.409926206E-01 -7.300000191E-01 2.696147375E-02 9.711844921E-01 7.831383846E-04
 -2.340291888E-01 -7.300000191E-01 1.958678290E-02 8.031728268E-01 1.520712278E-03
 -2.403991967E-01 -7.300000191E-01 2.619907819E-02 9.508433938E-01 8.574610110E-04
 -2.391815484E-01 -7.300000191E-01 2.474865690E-02 9.326917529E-01 1.045102836E-03
 -2.387964427E-01 -7.300000191E-01 2.431371436E-02 9.234600067E-01 1.102653914E-03
 -2.367401123E-01 -7.300000191E-01 2.214981802E-02 8.948774338E-01 1.383367344E-03
 -2.364379466E-01 -7.300000191E-01 2.184525132E-02 8.869175911E-01 1.418060274E-03
 -2.344194353E-01 -7.300000191E-01 1.994815841E-02 8.088047504E-01 1.519149402E-03
 -2.337399572E-01 -7.300000191E-01 1.933593675E-02 7.971714735E-01 1.550089568E-03
 -2.304479182E-01 -7.300000191E-01 1.659969799E-02 7.660889626E-01 1.717567444E-03
 -2.286660373E-01 -7.300000191E-01 1.519589312E-02 7.503549457E-01 1.797815668E-03
 -2.259561419E-01 -7.300000191E-01 1.321092714E-02 6.797093153E-01 1.899346593E-03
 -2.248676121E-01 -7.300000191E-01 1.244149730E-02 6.649250984E-01 1.896775328E-03
 -2.208106816E-01 -7.300000191E-01 9.739926085E-03 6.406196952E-01 1.823466737E-03
 -2.187097073E-01 -7.300000191E-01 8.418138139E-03 6.217475533E-01 1.824145438E-03
 -2.127578110E-01 -7.300000191E-01 4.909988027E-03 5.838979483E-01 1.854773727E-03
 -2.080721408E-01 -7.300000191E-01 2.299427520E-03 5.512509346E-01 1.877130126E-03
 -2.016353309E-01 -7.300000191E-01 -9.912457317E-04 5.096949935E-01 1.832717564E-03
 -1.947922409E-01 -7.300000191E-01 -4.299732391E-03 4.901970625E-01 1.781661762E-03
 -1.883596182E-01 -7.300000191E-01 -7.195990067E-03 4.830389023E-01 1.747198752E-03
 -1.740167141E-01 -7.300000191E-01 -1.324337535E-02 4.172140658E-01 1.739891595E-03
 -1.665606946E-01 -7.300000191E-01 -1.605166122E-02 4.042240381E-01 1.750869676E-03
 -1.493617445E-01 -7.300000191E-01 -2.232824638E-02 3.426106274E-01 1.871845103E-03
 7.368745804E-01 -7.300000191E-01 -1.301835775E-01 2.830559015E-01 4.702228587E-03
 7.357967496E-01 -7.300000191E-01 -1.301503628E-01 2.640291750E-01 4.116418771E-03
 7.336440086E-01 -7.300000191E-01 -1.300840229E-01 2.157795429E-01 2.996912226E-03
 7.308738828E-01 -7.300000191E-01 -1.299967915E-01 2.145472169E-01 2.264034469E-03
 7.291870713E-01 -7.300000191E-01 -1.299435347E-01 2.078110427E-01 2.085650573E-03
 7.247923017E-01 -7.300000191E-01 -1.298003346E-01 2.135035396E-01 2.068550326E-03
 7.180321217E-01 -7.300000191E-01 -1.295744777E-01 1.961041242E-01 2.139768098E-03
 7.046018243E-01 -7.300000191E-01 -1.291042566E-01 2.181191742E-01 2.239801688E-03
 7.001660466E-01 -7.300000191E-01 -1.289406568E-01 2.166596204E-01 2.284559887E-03
 6.680697799E-01 -7.300000191E-01 -1.276477873E-01 1.980595291E-01 2.284137532E-03
 6.606777906E-01 -7.300000191E-01 -1.273521036E-01 1.904832274E-01 2.292958088E-03
 6.556925178E-01 -7.300000191E-01 -1.271127313E-01 1.867537647E-01 2.301078057E-03
 6.596092582E-01 -7.300000191E-01 -1.273029745E-01 1.900558323E-01 2.295753686E-03
 4.980948567E-01 -7.300000191E-01 -1.183081791E-01 8.481754363E-02 2.516805194E-03
 1.762101650E-01 -7.300000191E-01 -8.825433999E-02 1.669365019E-01 2.384739229E-03
 -4.428031668E-02 -7.300000191E-01 -5.126027390E-02 2.671004534E-01 2.394105541E-03
 9.987884760E-02 -7.300000191E-01 -7.772066444E-02 1.798793525E-01 2.482902957E-03
 5.116838813E-01 -7.300000191E-01 -1.191910952E-01 8.478115499E-02 2.568325028E-03
 4.886772335E-01 -7.300000191E-01 -1.176446900E-01 1.081136018E-01 2.469937317E-03
 4.591696858E-01 -7.300000191E-01 -1.155857295E-01 1.212014183E-01 2.416160190E-03
 3.898926079E-01 -7.300000191E-01 -1.101843342E-01 1.241949648E-01 2.395444317E-03
 3.052717745E-01 -7.300000191E-01 -1.025697067E-01 1.289962977E-01 2.408624860E-03
 1.817068756E-01 -7.300000191E-01 -8.892529458E-02 1.655613929E-01 2.379551996E-03
 2.184352577E-01 -7.300000191E-01 -9.335718304E-02 1.435686648E-01 2.353374613E-03
 1.712212414E-01 -7.300000191E-01 -8.759088814E-02 1.713892370E-01 2.390988404E-03
 1.067231670E-01 -7.300000191E-01 -7.871226221E-02 1.829518974E-01 2.474352252E-03
 1.366564482E-01 -7.300000191E-01 -8.302573115E-02 1.758612841E-01 2.480490366E-03
 1.616251841E-02 -7.300000191E-01 -6.359636039E-02 2.360565811E-01 2.517106012E-03
 -2.408562414E-02 -7.300000191E-01 -5.559063330E-02 2.355508357E-01 2.501351992E-03
 9.300906956E-02 -7.300000191E-01 -7.663326710E-02 1.878159046E-01 2.492284868E-03
 3.230586648E-02 -7.300000191E-01 -6.656324863E-02 2.336454540E-01 2.526003867E-03
 6.241451204E-02 -7.300000191E-01 -7.180541009E-02 2.035399824E-01 2.567357849E-03
 6.103093624E-01 -7.300000191E-01 -1.249488071E-01 1.392599493E-01 2.519401954E-03
 5.260002017E-01 -7.300000191E-01 -1.200745255E-01 1.162444949E-01 2.492032014E-03
 5.804681778E-01 -7.300000191E-01 -1.233462319E-01 1.376875937E-01 2.419956494E-03
 5.559113026E-01 -7.300000191E-01 -1.219603047E-01 1.350403279E-01 2.471461194E-03
 -1.429896504E-01 -7.300000191E-01 -2.441280149E-02 3.221579492E-01 1.936819986E-03
 4.181523919E-01 -7.300000191E-01 -1.124644503E-01 1.187630519E-01 2.399000106E-03
 4.335573614E-01 -7.300000191E-01 -1.136662215E-01 1.027383581E-01 2.450256608E-03
 3.606088758E-01 -7.300000191E-01 -1.076534167E-01 1.355224699E-01 2.334293444E-03
 3.421456814E-01 -7.300000191E-01 -1.060326993E-01 1.300783604E-01 2.350727562E-03
 3.483770490E-01 -7.300000191E-01 -1.066078320E-01 1.284913719E-01 2.351254923E-03
 -9.702134877E-02 -7.300000191E-01 -3.819640353E-02 3.101177216E-01 2.176830312E-03
 -8.751478046E-02 -7.300000191E-01 -4.067299142E-02 3.004126549E-01 2.224927070E-03
 2.655466497E-01 -7.300000191E-01 -9.854846448E-02 1.383349597E-01 2.321934793E-03
 2.629054487E-01 -7.300000191E-01 -9.827497602E-02 1.390341073E-01 2.320251660E-03
 2.639876902E-01 -7.300000191E-01 -9.839256853E-02 1.382955015E-01 2.320784377E-03
 -2.462019324E-01 -7.300000191E-01 4.341204464E-02 4.986347556E-01 1.578126918E-03
 -2.460555881E-01 -7.300000191E-01 4.408055171E-02 3.838509321E-01 1.946330653E-03
 7.386057973E-01 -7.300000191E-01 -1.302361339E-01 5.288038403E-02 4.063291475E-03
 7.374748588E-01 -7.300000191E-01 -1.298630238E-01 7.367923111E-02 3.374186344E-03
 -2.440801859E-01 -7.300000191E-01 4.899606481E-02 -1.870711297E-01 4.180427175E-03
 -2.429568470E-01 -7.300000191E-01 5.065119267E-02 -3.111534119E-01 4.344203975E-03
 -2.416754961E-01 -7.300000191E-01 5.218689889E-02 -4.268478453E-01 3.973219078E-03
 -2.402638942E-01 -7.300000191E-01 5.360380933E-02 -5.326507688E-01 3.600131022E-03
 -2.387429774E-01 -7.300000191E-01 5.491230637E-02 -5.465756655E-01 3.366325749E-03
 -2.370980680E-01 -7.300000191E-01 5.614722148E-02 -6.079937220E-01 3.668723861E-03
 -2.428324968E-01 -7.300000191E-01 5.080753192E-02 -3.336395025E-01 4.316190258E-03
 -2.418070734E-01 -7.300000191E-01 5.203651264E-02 -4.241614640E-01 4.040365573E-03
 -2.422923595E-01 -7.300000191E-01 5.148349702E-02 -3.887329698E-01 4.100227728E-03
 -2.439724058E-01 -7.300000191E-01 4.916416481E-02 -1.935111582E-01 4.247448873E-03
 -2.430733293E-01 -7.300000191E-01 5.048888549E-02 -2.952725291E-01 4.376859404E-03
 -2.441785485E-01 -7.300000191E-01 4.882220924E-02 -1.709614545E-01 4.109854810E-03
 -2.448025793E-01 -7.300000191E-01 4.766030237E-02 -8.732341230E-03 3.583072685E-03
 -2.445691228E-01 -7.300000191E-01 4.813228920E-02 -8.066823334E-02 3.729198594E-03
 -2.451743186E-01 -7.300000191E-01 4.684377834E-02 1.076899022E-01 3.335037734E-03
 -2.454324067E-01 -7.300000191E-01 4.621148109E-02 1.721409261E-01 3.049837891E-03
 -2.415374219E-01 -7.300000191E-01 5.233133212E-02 -4.374057949E-01 3.963072784E-03
 -2.404079735E-01 -7.300000191E-01 5.346503109E-02 -5.271396041E-01 3.656091169E-03
 -2.409843206E-01 -7.300000191E-01 5.290988833E-02 -4.559704363E-01 3.756672842E-03
 -2.401146144E-01 -7.300000191E-01 5.373696238E-02 -5.403505564E-01 3.611233318E-03
 -2.388972193E-01 -7.300000191E-01 5.478427559E-02 -5.472202301E-01 3.427877789E-03
 -2.394663990E-01 -7.300000191E-01 5.431301519E-02 -5.182899833E-01 3.499054816E-03
 -2.457462698E-01 -7.300000191E-01 4.524968937E-02 2.510208786E-01 2.512739971E-03
 -2.459121644E-01 -7.300000191E-01 4.471839219E-02 3.187792003E-01 2.170399297E-03
 -2.385830283E-01 -7.300000191E-01 5.503638834E-02 -5.566256046E-01 3.358223941E-03
 -2.372648865E-01 -7.300000191E-01 5.602582544E-02 -6.095467806E-01 3.592108842E-03
 -2.379409820E-01 -7.300000191E-01 5.553425476E-02 -5.653682351E-01 3.223173786E-03
 -2.367826700E-01 -7.300000191E-01 5.635988340E-02 -6.005809307E-01 3.693805076E-03
 -2.353706211E-01 -7.300000191E-01 5.729276314E-02 -5.532442927E-01 3.796912031E-03
 -2.350197732E-01 -7.300000191E-01 5.750809610E-02 -5.687427521E-01 3.751888638E-03
 -2.332063466E-01 -7.300000191E-01 5.855743960E-02 -6.563591361E-01 3.597688163E-03
 -2.341768742E-01 -7.300000191E-01 5.801371485E-02 -6.229878068E-01 3.427457530E-03
 -2.325440198E-01 -7.300000191E-01 5.891034007E-02 -6.298019886E-01 3.605970880E-03
 -2.299405932E-01 -7.300000191E-01 6.020347774E-02 -6.182782054E-01 3.695743624E-03
 -2.293853015E-01 -7.300000191E-01 6.045439467E-02 -6.208034158E-01 3.679275513E-03
 -2.265830040E-01 -7.300000191E-01 6.164360791E-02 -5.596532822E-01 3.329958767E-03
 -2.096488774E-01 -7.300000191E-01 6.664039940E-02 -4.689238369E-01 3.422117559E-03
 -2.252388448E-01 -7.300000191E-01 6.216695532E-02 -5.615129471E-01 3.286083462E-03
 -2.220801711E-01 -7.300000191E-01 6.327603012E-02 -5.202453732E-01 3.367219120E-03
 -1.993542314E-01 -7.300000191E-01 6.855342537E-02 -4.603709280E-01 3.023996251E-03
 -2.205759883E-01 -7.300000191E-01 6.377167255E-02 -5.091837645E-01 3.475128207E-03
 -2.164337337E-01 -7.300000191E-01 6.498481333E-02 -5.047514439E-01 3.696374362E-03
 -2.157297879E-01 -7.300000191E-01 6.517530978E-02 -4.987463951E-01 3.662056522E-03
 -2.107639909E-01 -7.300000191E-01 6.638310105E-02 -4.644828737E-01 3.465683665E-03
 -2.083292902E-01 -7.300000191E-01 6.690739095E-02 -4.607164264E-01 3.387734992E-03
 -2.010828108E-01 -7.300000191E-01 6.825366616E-02 -4.559439123E-01 3.074036445E-03
 -1.950781941E-01 -7.300000191E-01 6.913854927E-02 -4.178632796E-01 2.989939181E-03
 -1.876563877E-01 -7.300000191E-01 7.008655369E-02 -3.563070893E-01 3.018474672E-03
 -1.801106036E-01 -7.300000191E-01 7.078424096E-02 -3.800622225E-01 3.095619380E-03
 -1.755798161E-01 -7.300000191E-01 7.115121931E-02 -3.887814879E-01 3.107533557E-03
 -1.592857540E-01 -7.300000191E-01 7.193335891E-02 -2.987102270E-01 3.347103717E-03
 -1.517599225E-01 -7.300000191E-01 7.203039527E-02 -2.687234581E-01 3.401046153E-03
 -1.393541694E-01 -7.300000191E-01 7.213164121E-02 -2.614004016E-01 3.651690902E-03
 -1.132831126E-01 -7.300000191E-01 7.143034041E-02 -2.417994291E-01 3.572594374E-03
 7.364478707E-01 -7.300000191E-01 -1.295242012E-01 1.069155782E-01 2.829589648E-03
 7.348456383E-01 -7.300000191E-01 -1.289963871E-01 1.000666916E-01 1.884831814E-03
 7.340577841E-01 -7.300000191E-01 -1.287368536E-01 1.087837666E-01 1.407367643E-03
 7.312574387E-01 -7.300000191E-01 -1.278162748E-01 9.066201746E-02 1.088814926E-03
 7.296528220E-01 -7.300000191E-01 -1.272889674E-01 6.300570816E-02 1.006846433E-03
 7.255711555E-01 -7.300000191E-01 -1.259521991E-01 4.359145090E-02 1.166338683E-03
 7.207302451E-01 -7.300000191E-01 -1.243691072E-01 2.072719671E-02 1.336446498E-03
 7.067312598E-01 -7.300000191E-01 -1.198215410E-01 -1.765537821E-02 1.679625013E-03
 7.028083801E-01 -7.300000191E-01 -1.185527220E-01 -2.668771520E-02 1.751185628E-03
 6.811389327E-01 -7.300000191E-01 -1.116371527E-01 -3.646838665E-02 1.843065838E-03
 6.655446291E-01 -7.300000191E-01 -1.066568047E-01 -4.601319134E-02 1.908727805E-03
 6.534500122E-01 -7.300000191E-01 -1.029051393E-01 -4.146448895E-02 1.921466086E-03
 5.217809677E-01 -7.300000191E-01 -6.305857003E-02 -6.229380146E-02 1.894028159E-03
 6.025960445E-01 -7.300000191E-01 -8.713470399E-02 -5.199271441E-02 1.984665403E-03
 4.525303096E-02 -7.300000191E-01 5.290639773E-02 -1.322233677E-01 2.004547510E-03
 4.996787012E-01 -7.300000191E-01 -5.665533245E-02 -5.035105720E-02 1.861128258E-03
 4.712788761E-01 -7.300000191E-01 -4.850622267E-02 -5.988113955E-02 1.832926529E-03
 2.014318705E-01 -7.300000191E-01 2.135361917E-02 -1.403186750E-02 1.789684175E-03
 1.911585331E-01 -7.300000191E-01 2.367857657E-02 -1.806547306E-02 1.781600178E-03
 1.274671108E-01 -7.300000191E-01 3.741089255E-02 -6.430804729E-02 1.820866484E-03
 3.721692786E-02 -7.300000191E-01 5.418715626E-02 -1.367952079E-01 2.100012265E-03
 1.885061036E-03 -7.300000191E-01 5.973268673E-02 -1.681071222E-01 2.337495098E-03
 1.138816401E-01 -7.300000191E-01 4.014659673E-02 -6.672434509E-02 1.825340209E-03
 5.341627821E-02 -7.300000191E-01 5.144906417E-02 -1.236565635E-01 1.970793353E-03
 6.239021420E-01 -7.300000191E-01 -9.370755404E-02 -4.005409405E-02 2.019260311E-03
 5.354539752E-01 -7.300000191E-01 -6.710088998E-02 -6.551420689E-02 1.931201783E-03
 5.877092481E-01 -7.300000191E-01 -8.264247328E-02 -5.273074284E-02 1.973988488E-03
 -1.102986038E-01 -7.300000191E-01 7.128538936E-02 -2.437971532E-01 3.543768078E-03
 4.316621125E-01 -7.300000191E-01 -3.740725666E-02 4.006635398E-03 1.859266544E-03
 4.465703666E-01 -7.300000191E-01 -4.155334830E-02 -4.235945176E-03 1.850826433E-03
 3.760192990E-01 -7.300000191E-01 -2.226498164E-02 1.150642894E-02 1.847906620E-03
 3.580510616E-01 -7.300000191E-01 -1.745504513E-02 7.833090611E-03 1.834298251E-03
 -5.321224779E-02 -7.300000191E-01 6.672971696E-02 -1.945752650E-01 2.898780396E-03
 -5.170759186E-02 -7.300000191E-01 6.657511741E-02 -1.926245093E-01 2.881162334E-03
 -5.227759480E-02 -7.300000191E-01 6.664577127E-02 -1.927744150E-01 2.888280898E-03
 2.599689662E-01 -7.300000191E-01 7.358014584E-03 8.247369900E-03 1.812684350E-03
 2.835648060E-01 -7.300000191E-01 1.701276167E-03 1.416896097E-02 1.818018965E-03
 2.809377611E-01 -7.300000191E-01 2.360743936E-03 1.371733472E-02 1.817766810E-03
 103 108
 108 110
 110 109
 109 104
 104 118
 118 120
 120 119
 119 105
 105 121
 121 123
 123 122
 122 106
 106 126
 126 128
 128 127
 127 107
 107 129
 129 130
 130 131
 131 133
 133 132
 132 134
 134 135
 135 136
 136 137
 137 139
 139 140
 140 142
 142 143
 143 144
 144 145
 145 138
 138 146
 146 147
 147 141
 141 148
 148 149
 149 150
 150 151
 151 152
 152 153
 153 154
 154 155
 155 183
 183 188
 188 190
 190 189
 189 177
 177 176
 176 170
 170 179
 179 178
 178 175
 175 174
 174 173
 173 191
 191 193
 193 192
 192 187
 187 186
 186 184
 184 185
 185 172
 172 171
 171 168
 168 181
 181 182
 182 169
 169 180
 180 167
 167 166
 166 165
 165 164
 164 163
 163 162
 162 161
 161 160
 160 159
 159 158
 158 157
 157 156
 156 101
 101 100
 112 111
 111 102
 102 113
 113 115
 115 114
 114 116
 116 117
 117 124
 124 125
 125 99
 99 98
 112 103
 14 5
 5 13
 13 12
 12 9
 9 11
 11 10
 10 7
 7 8
 8 17
 17 18
 18 19
 19 20
 20 24
 24 26
 26 25
 25 27
 27 28
 28 21
 21 30
 30 31
 31 32
 32 33
 33 34
 34 35
 35 29
 29 36
 36 37
 37 38
 38 39
 39 40
 40 41
 41 42
 42 43
 43 44
 44 45
 45 46
 46 47
 47 48
 48 49
 49 50
 50 87
 87 93
 93 94
 94 66
 66 79
 79 78
 78 81
 81 82
 82 80
 80 67
 67 76
 76 77
 77 75
 75 65
 65 73
 73 74
 74 96
 96 97
 97 95
 95 72
 72 91
 91 92
 92 90
 90 71
 71 88
 88 89
 89 70
 70 69
 69 64
 64 68
 68 84
 84 86
 86 85
 85 83
 83 62
 62 63
 63 61
 61 60
 60 59
 59 58
 58 57
 57 56
 56 55
 55 54
 54 53
 53 52
 52 51
 51 4
 4 3
 2 23
 23 22
 22 6
 6 15
 15 16
 16 14
 1 2
