# Kestrel COFFE Tracking File
# Job name = joukowski
# Job description = Joukowski airfoil for HiFi workshop
# Number of dimensions in simulation = 2
# Body path = AIRFOIL
# Mesh path:name = Joukowski_RANS_Classic_quad_ref1_Q1.avm:airfoil
# Output coordinate system = xByUzL
# Moment reference location (in) = 0.000000, 0.000000, 0.000000
# Reference area (in^2) = 1.000000                                        [AREA]
# Moment reference length about x-axis (in) = 1.000000                    [LENX]
# Moment reference length about y-axis (in) = 1.000000                    [LENY]
# Moment reference length about z-axis (in) = 1.000000                    [LENZ]
# Reference Mach = 0.150000                                               [MACH]
# Reference static pressure (lbf/in^2) = 996.589246             [STATICPRESSURE]
# Reference dynamic pressure (lbf/in^2) = 15.696281            [DYNAMICPRESSURE]
# Reference temperature (deg R) = 520.000000                       [TEMPERATURE]
# Reference angle of attack (deg) = 0.000000                     [ANGLEOFATTACK]
# Reference angle of sideslip (deg) = 0.000000                 [ANGLEOFSIDESLIP]
VARIABLES=  "ITERID"   "ITER"   "SUBITER"           "TIME"            "CFL"      "DeltaTime"   "HomotopyCoef"          "Omega"   "LinearIters"      "LinearRes"      "NonlinRes"    "HomotopyRes"
         1        1           1   0.00000000E+00   1.00000000E+00   0.00000000E+00   0.00000000E+00   1.00000000E+00              12   4.15906698E-08   9.06194111E-02   9.06194111E-02
         2        2           1   0.00000000E+00   2.00000000E+00   0.00000000E+00   0.00000000E+00   1.00000000E+00              13   4.09953387E-08   5.19952166E-02   5.19952166E-02
         3        3           1   0.00000000E+00   4.16422821E+00   0.00000000E+00   0.00000000E+00   1.00000000E+00              14   4.20970841E-08   3.50987588E-02   3.50987588E-02
         4        4           1   0.00000000E+00   8.98060097E+00   0.00000000E+00   0.00000000E+00   1.00000000E+00              22   7.01752902E-08   1.78569242E-02   1.78569242E-02
         5        5           1   0.00000000E+00   2.04543135E+01   0.00000000E+00   0.00000000E+00   1.00000000E+00              38   7.18579502E-08   7.45668613E-03   7.45668613E-03
         6        6           1   0.00000000E+00   5.41800769E+01   0.00000000E+00   0.00000000E+00   1.00000000E+00              68   9.42915753E-08   1.54763523E-03   1.54763523E-03
         7        7           1   0.00000000E+00   1.08360154E+02   0.00000000E+00   0.00000000E+00   1.00000000E+00             103   9.09867682E-08   2.48381136E-03   2.48381136E-03
         8        8           1   0.00000000E+00   2.16720307E+02   0.00000000E+00   0.00000000E+00   1.00000000E+00             147   9.76873398E-08   1.01144644E-03   1.01144644E-03
         9        9           1   0.00000000E+00   4.33440615E+02   0.00000000E+00   0.00000000E+00   1.00000000E+00             241   9.54324371E-08   5.35228197E-05   5.35228197E-05
        10       10           1   0.00000000E+00   8.66881230E+02   0.00000000E+00   0.00000000E+00   4.00000000E-01             331   9.89463257E-08   2.75162305E-05   2.75162305E-05
        11       11           1   0.00000000E+00   2.33476195E+02   0.00000000E+00   0.00000000E+00   1.00000000E+00             171   9.73904226E-08   2.15050617E-05   2.15050617E-05
        12       12           1   0.00000000E+00   7.21631966E+02   0.00000000E+00   0.00000000E+00   1.00000000E+00             313   9.94874785E-08   1.90828711E-05   1.90828711E-05
        13       13           1   0.00000000E+00   1.00000000E+03   0.00000000E+00   0.00000000E+00   1.00000000E+00             359   9.96476985E-08   1.59261293E-05   1.59261293E-05
        14       14           1   0.00000000E+00   1.00000000E+03   0.00000000E+00   0.00000000E+00   1.00000000E+00             352   9.91855957E-08   1.42741111E-05   1.42741111E-05
        15       15           1   0.00000000E+00   1.00000000E+03   0.00000000E+00   0.00000000E+00   1.00000000E+00             346   9.89000977E-08   1.23150929E-05   1.23150929E-05
        16       16           1   0.00000000E+00   1.00000000E+03   0.00000000E+00   0.00000000E+00   1.00000000E+00             350   9.98241763E-08   1.06192585E-05   1.06192585E-05
        17       17           1   0.00000000E+00   1.00000000E+03   0.00000000E+00   0.00000000E+00   1.00000000E+00             353   9.93541587E-08   1.07595052E-05   1.07595052E-05
        18       18           1   0.00000000E+00   1.00000000E+03   0.00000000E+00   0.00000000E+00   1.00000000E+00             359   9.89534252E-08   7.62654542E-06   7.62654542E-06
        19       19           1   0.00000000E+00   1.00000000E+03   0.00000000E+00   0.00000000E+00   1.00000000E+00             351   9.60572990E-08   6.71263230E-06   6.71263230E-06
        20       20           1   0.00000000E+00   1.00000000E+03   0.00000000E+00   0.00000000E+00   1.00000000E+00             350   9.77660884E-08   5.59149797E-06   5.59149797E-06
        21       21           1   0.00000000E+00   1.00000000E+03   0.00000000E+00   0.00000000E+00   1.00000000E+00             356   9.82413709E-08   4.68007770E-06   4.68007770E-06
        22       22           1   0.00000000E+00   1.00000000E+03   0.00000000E+00   0.00000000E+00   1.00000000E+00             363   9.81074323E-08   4.08981170E-06   4.08981170E-06
        23       23           1   0.00000000E+00   1.00000000E+03   0.00000000E+00   0.00000000E+00   1.00000000E+00             377   9.87652224E-08   3.62426421E-06   3.62426421E-06
        24       24           1   0.00000000E+00   1.00000000E+03   0.00000000E+00   0.00000000E+00   1.00000000E+00             387   9.71376086E-08   3.30187230E-06   3.30187230E-06
        25       25           1   0.00000000E+00   1.00000000E+03   0.00000000E+00   0.00000000E+00   1.00000000E+00             392   9.84028597E-08   3.01445932E-06   3.01445932E-06
        26       26           1   0.00000000E+00   1.00000000E+03   0.00000000E+00   0.00000000E+00   1.00000000E+00             396   9.88743722E-08   2.74811778E-06   2.74811778E-06
        27       27           1   0.00000000E+00   1.00000000E+03   0.00000000E+00   0.00000000E+00   1.00000000E+00             400   9.60187106E-08   2.49723979E-06   2.49723979E-06
        28       28           1   0.00000000E+00   1.00000000E+03   0.00000000E+00   0.00000000E+00   1.00000000E+00             413   9.99509950E-08   2.27006513E-06   2.27006513E-06
        29       29           1   0.00000000E+00   1.00000000E+03   0.00000000E+00   0.00000000E+00   1.00000000E+00             419   9.90310423E-08   2.06065237E-06   2.06065237E-06
        30       30           1   0.00000000E+00   1.00000000E+03   0.00000000E+00   0.00000000E+00   1.00000000E+00             425   9.83868954E-08   1.87572166E-06   1.87572166E-06
        31       31           1   0.00000000E+00   1.00000000E+03   0.00000000E+00   0.00000000E+00   1.00000000E+00             432   9.94705479E-08   1.71232270E-06   1.71232270E-06
        32       32           1   0.00000000E+00   1.00000000E+03   0.00000000E+00   0.00000000E+00   1.00000000E+00             440   9.81446692E-08   1.57188587E-06   1.57188587E-06
        33       33           1   0.00000000E+00   1.00000000E+03   0.00000000E+00   0.00000000E+00   1.00000000E+00             443   9.76128845E-08   1.44875772E-06   1.44875772E-06
        34       34           1   0.00000000E+00   1.00000000E+03   0.00000000E+00   0.00000000E+00   1.00000000E+00             447   9.94189703E-08   1.33863708E-06   1.33863708E-06
        35       35           1   0.00000000E+00   1.00000000E+03   0.00000000E+00   0.00000000E+00   1.00000000E+00             448   9.99743437E-08   1.23982790E-06   1.23982790E-06
        36       36           1   0.00000000E+00   1.00000000E+03   0.00000000E+00   0.00000000E+00   1.00000000E+00             449   9.96601987E-08   1.14953457E-06   1.14953457E-06
        37       37           1   0.00000000E+00   1.00000000E+03   0.00000000E+00   0.00000000E+00   1.00000000E+00             450   9.98875523E-08   1.06647083E-06   1.06647083E-06
        38       38           1   0.00000000E+00   1.00000000E+03   0.00000000E+00   0.00000000E+00   1.00000000E+00             451   9.90972863E-08   9.90548881E-07   9.90548881E-07
        39       39           1   0.00000000E+00   1.00000000E+03   0.00000000E+00   0.00000000E+00   1.00000000E+00             456   9.98091875E-08   9.19871228E-07   9.19871228E-07
        40       40           1   0.00000000E+00   1.00000000E+03   0.00000000E+00   0.00000000E+00   1.00000000E+00             459   9.43388966E-08   8.54050109E-07   8.54050109E-07
        41       41           1   0.00000000E+00   1.00000000E+03   0.00000000E+00   0.00000000E+00   1.00000000E+00             459   9.75357742E-08   7.93006991E-07   7.93006991E-07
        42       42           1   0.00000000E+00   1.00000000E+03   0.00000000E+00   0.00000000E+00   1.00000000E+00             460   9.86001178E-08   7.36354691E-07   7.36354691E-07
        43       43           1   0.00000000E+00   1.00000000E+03   0.00000000E+00   0.00000000E+00   1.00000000E+00             461   9.77981830E-08   6.83444919E-07   6.83444919E-07
        44       44           1   0.00000000E+00   1.00000000E+03   0.00000000E+00   0.00000000E+00   1.00000000E+00             463   9.99673958E-08   6.34268910E-07   6.34268910E-07
        45       45           1   0.00000000E+00   1.00000000E+03   0.00000000E+00   0.00000000E+00   1.00000000E+00             470   9.52379702E-08   5.88797433E-07   5.88797433E-07
        46       46           1   0.00000000E+00   1.00000000E+03   0.00000000E+00   0.00000000E+00   1.00000000E+00             473   9.68803505E-08   5.46824611E-07   5.46824611E-07
        47       47           1   0.00000000E+00   1.00000000E+03   0.00000000E+00   0.00000000E+00   1.00000000E+00             477   9.86114143E-08   5.07955670E-07   5.07955670E-07
        48       48           1   0.00000000E+00   1.00000000E+03   0.00000000E+00   0.00000000E+00   1.00000000E+00             481   9.98274742E-08   4.71802749E-07   4.71802749E-07
        49       49           1   0.00000000E+00   1.00000000E+03   0.00000000E+00   0.00000000E+00   1.00000000E+00             487   9.77347131E-08   4.38221293E-07   4.38221293E-07
        50       50           1   0.00000000E+00   1.00000000E+03   0.00000000E+00   0.00000000E+00   1.00000000E+00             491   9.65409696E-08   4.06987626E-07   4.06987626E-07
        51       51           1   0.00000000E+00   1.00000000E+03   0.00000000E+00   0.00000000E+00   1.00000000E+00             494   9.73404654E-08   3.77872318E-07   3.77872318E-07
        52       52           1   0.00000000E+00   1.00000000E+03   0.00000000E+00   0.00000000E+00   1.00000000E+00             495   9.88346252E-08   3.50904951E-07   3.50904951E-07
        53       53           1   0.00000000E+00   1.00000000E+03   0.00000000E+00   0.00000000E+00   1.00000000E+00             496   9.87156319E-08   3.25785151E-07   3.25785151E-07
        54       54           1   0.00000000E+00   1.00000000E+03   0.00000000E+00   0.00000000E+00   1.00000000E+00             496   9.91974187E-08   3.02671648E-07   3.02671648E-07
        55       55           1   0.00000000E+00   1.00000000E+03   0.00000000E+00   0.00000000E+00   1.00000000E+00             498   9.76732673E-08   2.81290175E-07   2.81290175E-07
        56       56           1   0.00000000E+00   1.00000000E+03   0.00000000E+00   0.00000000E+00   1.00000000E+00             499   9.95589426E-08   2.61679895E-07   2.61679895E-07
        57       57           1   0.00000000E+00   1.00000000E+03   0.00000000E+00   0.00000000E+00   1.00000000E+00             500   9.99082608E-08   2.43679097E-07   2.43679097E-07
        58       58           1   0.00000000E+00   1.00000000E+03   0.00000000E+00   0.00000000E+00   1.00000000E+00             500   9.88209058E-08   2.27215158E-07   2.27215158E-07
        59       59           1   0.00000000E+00   1.00000000E+03   0.00000000E+00   0.00000000E+00   1.00000000E+00             501   9.73805404E-08   2.12194520E-07   2.12194520E-07
        60       60           1   0.00000000E+00   1.00000000E+03   0.00000000E+00   0.00000000E+00   1.00000000E+00             502   9.80258877E-08   1.98519068E-07   1.98519068E-07
        61       61           1   0.00000000E+00   1.00000000E+03   0.00000000E+00   0.00000000E+00   1.00000000E+00             501   9.98327720E-08   1.86102499E-07   1.86102499E-07
        62       62           1   0.00000000E+00   1.00000000E+03   0.00000000E+00   0.00000000E+00   1.00000000E+00             501   9.98712201E-08   1.74886620E-07   1.74886620E-07
        63       63           1   0.00000000E+00   1.00000000E+03   0.00000000E+00   0.00000000E+00   1.00000000E+00             503   9.98700610E-08   1.64707336E-07   1.64707336E-07
        64       64           1   0.00000000E+00   1.00000000E+03   0.00000000E+00   0.00000000E+00   1.00000000E+00             504   9.99749270E-08   1.55475942E-07   1.55475942E-07
        65       65           1   0.00000000E+00   1.00000000E+03   0.00000000E+00   0.00000000E+00   1.00000000E+00             502   9.79344931E-08   1.47175019E-07   1.47175019E-07
        66       66           1   0.00000000E+00   1.00000000E+03   0.00000000E+00   0.00000000E+00   1.00000000E+00             502   9.95194611E-08   1.39635644E-07   1.39635644E-07
        67       67           1   0.00000000E+00   1.00000000E+03   0.00000000E+00   0.00000000E+00   1.00000000E+00             506   9.96814098E-08   1.32832658E-07   1.32832658E-07
        68       68           1   0.00000000E+00   1.00000000E+03   0.00000000E+00   0.00000000E+00   1.00000000E+00             511   9.93135748E-08   1.26660169E-07   1.26660169E-07
        69       69           1   0.00000000E+00   1.00000000E+03   0.00000000E+00   0.00000000E+00   1.00000000E+00             516   9.82978634E-08   1.21095128E-07   1.21095128E-07
        70       70           1   0.00000000E+00   1.00000000E+03   0.00000000E+00   0.00000000E+00   1.00000000E+00             518   9.82836828E-08   1.15996968E-07   1.15996968E-07
        71       71           1   0.00000000E+00   1.00000000E+03   0.00000000E+00   0.00000000E+00   1.00000000E+00             520   9.82097047E-08   1.11403108E-07   1.11403108E-07
        72       72           1   0.00000000E+00   1.00000000E+03   0.00000000E+00   0.00000000E+00   1.00000000E+00             522   9.93553261E-08   1.07241601E-07   1.07241601E-07
        73       73           1   0.00000000E+00   1.00000000E+03   0.00000000E+00   0.00000000E+00   1.00000000E+00             524   9.67217956E-08   1.03375136E-07   1.03375136E-07
        74       74           1   0.00000000E+00   1.00000000E+03   0.00000000E+00   0.00000000E+00   1.00000000E+00             525   9.86843994E-08   9.98319389E-08   9.98319389E-08
        75       75           1   0.00000000E+00   1.00000000E+03   0.00000000E+00   0.00000000E+00   1.00000000E+00             527   9.86525530E-08   9.65933545E-08   9.65933545E-08
        76       76           1   0.00000000E+00   1.00000000E+03   0.00000000E+00   0.00000000E+00   1.00000000E+00             528   9.97582855E-08   9.35539974E-08   9.35539974E-08
        77       77           1   0.00000000E+00   1.00000000E+03   0.00000000E+00   0.00000000E+00   1.00000000E+00             530   9.84224383E-08   9.07535688E-08   9.07535688E-08
        78       78           1   0.00000000E+00   1.00000000E+03   0.00000000E+00   0.00000000E+00   1.00000000E+00             532   9.88272207E-08   8.81429944E-08   8.81429944E-08
        79       79           1   0.00000000E+00   1.00000000E+03   0.00000000E+00   0.00000000E+00   1.00000000E+00             533   9.88414962E-08   8.56762386E-08   8.56762386E-08
        80       80           1   0.00000000E+00   1.00000000E+03   0.00000000E+00   0.00000000E+00   1.00000000E+00             533   9.95530175E-08   8.33260717E-08   8.33260717E-08
        81       81           1   0.00000000E+00   1.00000000E+03   0.00000000E+00   0.00000000E+00   1.00000000E+00             533   9.89403132E-08   8.11511215E-08   8.11511215E-08
        82       82           1   0.00000000E+00   1.00000000E+03   0.00000000E+00   0.00000000E+00   1.00000000E+00             533   9.78917520E-08   7.90741486E-08   7.90741486E-08
        83       83           1   0.00000000E+00   1.00000000E+03   0.00000000E+00   0.00000000E+00   1.00000000E+00             531   9.96670603E-08   7.70143675E-08   7.70143675E-08
        84       84           1   0.00000000E+00   1.00000000E+03   0.00000000E+00   0.00000000E+00   1.00000000E+00             530   9.93186829E-08   7.49607775E-08   7.49607775E-08
        85       85           1   0.00000000E+00   1.00000000E+03   0.00000000E+00   0.00000000E+00   1.00000000E+00             528   9.91212205E-08   7.29874678E-08   7.29874678E-08
        86       86           1   0.00000000E+00   1.00000000E+03   0.00000000E+00   0.00000000E+00   1.00000000E+00             526   9.99881308E-08   7.11009269E-08   7.11009269E-08
        87       87           1   0.00000000E+00   1.00000000E+03   0.00000000E+00   0.00000000E+00   1.00000000E+00             526   9.91061476E-08   6.93084743E-08   6.93084743E-08
        88       88           1   0.00000000E+00   1.00000000E+03   0.00000000E+00   0.00000000E+00   1.00000000E+00             527   9.88484578E-08   6.74895242E-08   6.74895242E-08
        89       89           1   0.00000000E+00   1.00000000E+03   0.00000000E+00   0.00000000E+00   1.00000000E+00             527   9.90594409E-08   6.56937301E-08   6.56937301E-08
        90       90           1   0.00000000E+00   1.00000000E+03   0.00000000E+00   0.00000000E+00   1.00000000E+00             527   9.98859223E-08   6.39445148E-08   6.39445148E-08
        91       91           1   0.00000000E+00   1.00000000E+03   0.00000000E+00   0.00000000E+00   1.00000000E+00             529   9.76322791E-08   6.22485533E-08   6.22485533E-08
        92       92           1   0.00000000E+00   1.00000000E+03   0.00000000E+00   0.00000000E+00   1.00000000E+00             530   9.86512800E-08   6.05597522E-08   6.05597522E-08
        93       93           1   0.00000000E+00   1.00000000E+03   0.00000000E+00   0.00000000E+00   1.00000000E+00             531   9.97673151E-08   5.88756375E-08   5.88756375E-08
        94       94           1   0.00000000E+00   1.00000000E+03   0.00000000E+00   0.00000000E+00   1.00000000E+00             532   9.98685974E-08   5.71975497E-08   5.71975497E-08
        95       95           1   0.00000000E+00   1.00000000E+03   0.00000000E+00   0.00000000E+00   1.00000000E+00             533   9.99932376E-08   5.55402764E-08   5.55402764E-08
        96       96           1   0.00000000E+00   1.00000000E+03   0.00000000E+00   0.00000000E+00   1.00000000E+00             535   9.79582503E-08   5.39259618E-08   5.39259618E-08
        97       97           1   0.00000000E+00   1.00000000E+03   0.00000000E+00   0.00000000E+00   1.00000000E+00             535   9.99141263E-08   5.23290397E-08   5.23290397E-08
        98       98           1   0.00000000E+00   1.00000000E+03   0.00000000E+00   0.00000000E+00   1.00000000E+00             535   9.98242259E-08   5.07224583E-08   5.07224583E-08
        99       99           1   0.00000000E+00   1.00000000E+03   0.00000000E+00   0.00000000E+00   1.00000000E+00             533   9.93250835E-08   4.91510083E-08   4.91510083E-08
       100      100           1   0.00000000E+00   1.00000000E+03   0.00000000E+00   0.00000000E+00   1.00000000E+00             531   9.62304788E-08   4.76126633E-08   4.76126633E-08
       101      101           1   0.00000000E+00   1.00000000E+03   0.00000000E+00   0.00000000E+00   1.00000000E+00             529   9.77943456E-08   4.61532319E-08   4.61532319E-08
       102      102           1   0.00000000E+00   1.00000000E+03   0.00000000E+00   0.00000000E+00   1.00000000E+00             529   9.80402664E-08   4.45847806E-08   4.45847806E-08
       103      103           1   0.00000000E+00   1.00000000E+03   0.00000000E+00   0.00000000E+00   1.00000000E+00             531   9.81239074E-08   4.29956171E-08   4.29956171E-08
       104      104           1   0.00000000E+00   1.00000000E+03   0.00000000E+00   0.00000000E+00   1.00000000E+00             536   9.89333285E-08   4.14894581E-08   4.14894581E-08
       105      105           1   0.00000000E+00   1.00000000E+03   0.00000000E+00   0.00000000E+00   1.00000000E+00             541   9.90788042E-08   4.00048010E-08   4.00048010E-08
       106      106           1   0.00000000E+00   1.00000000E+03   0.00000000E+00   0.00000000E+00   1.00000000E+00             546   9.91968727E-08   3.85394076E-08   3.85394076E-08
       107      107           1   0.00000000E+00   1.00000000E+03   0.00000000E+00   0.00000000E+00   1.00000000E+00             548   9.70320916E-08   3.70923255E-08   3.70923255E-08
       108      108           1   0.00000000E+00   1.00000000E+03   0.00000000E+00   0.00000000E+00   1.00000000E+00             549   9.74306905E-08   3.56691021E-08   3.56691021E-08
       109      109           1   0.00000000E+00   1.00000000E+03   0.00000000E+00   0.00000000E+00   1.00000000E+00             550   9.83362423E-08   3.42747642E-08   3.42747642E-08
       110      110           1   0.00000000E+00   1.00000000E+03   0.00000000E+00   0.00000000E+00   1.00000000E+00             551   9.64246012E-08   3.29097710E-08   3.29097710E-08
       111      111           1   0.00000000E+00   1.00000000E+03   0.00000000E+00   0.00000000E+00   1.00000000E+00             552   9.52905623E-08   3.16090384E-08   3.16090384E-08
       112      112           1   0.00000000E+00   1.00000000E+03   0.00000000E+00   0.00000000E+00   1.00000000E+00             552   9.77205716E-08   3.03596412E-08   3.03596412E-08
       113      113           1   0.00000000E+00   1.00000000E+03   0.00000000E+00   0.00000000E+00   1.00000000E+00             552   9.88373166E-08   2.90128085E-08   2.90128085E-08
       114      114           1   0.00000000E+00   1.00000000E+03   0.00000000E+00   0.00000000E+00   1.00000000E+00             552   9.99259335E-08   2.77013127E-08   2.77013127E-08
       115      115           1   0.00000000E+00   1.00000000E+03   0.00000000E+00   0.00000000E+00   1.00000000E+00             553   9.86878109E-08   2.64559473E-08   2.64559473E-08
       116      116           1   0.00000000E+00   1.00000000E+03   0.00000000E+00   0.00000000E+00   1.00000000E+00             554   9.83754786E-08   2.52531034E-08   2.52531034E-08
       117      117           1   0.00000000E+00   1.00000000E+03   0.00000000E+00   0.00000000E+00   1.00000000E+00             554   9.98987845E-08   2.40977887E-08   2.40977887E-08
       118      118           1   0.00000000E+00   1.00000000E+03   0.00000000E+00   0.00000000E+00   1.00000000E+00             555   9.79425758E-08   2.29654030E-08   2.29654030E-08
       119      119           1   0.00000000E+00   1.00000000E+03   0.00000000E+00   0.00000000E+00   1.00000000E+00             554   9.83641767E-08   2.18677644E-08   2.18677644E-08
       120      120           1   0.00000000E+00   1.00000000E+03   0.00000000E+00   0.00000000E+00   1.00000000E+00             552   9.75971033E-08   2.07974874E-08   2.07974874E-08
       121      121           1   0.00000000E+00   1.00000000E+03   0.00000000E+00   0.00000000E+00   1.00000000E+00             550   9.99890860E-08   1.97457130E-08   1.97457130E-08
       122      122           1   0.00000000E+00   1.00000000E+03   0.00000000E+00   0.00000000E+00   1.00000000E+00             549   9.91621916E-08   1.87325600E-08   1.87325600E-08
       123      123           1   0.00000000E+00   1.00000000E+03   0.00000000E+00   0.00000000E+00   1.00000000E+00             548   9.82284436E-08   1.77627746E-08   1.77627746E-08
       124      124           1   0.00000000E+00   1.00000000E+03   0.00000000E+00   0.00000000E+00   1.00000000E+00             547   9.74477600E-08   1.68367814E-08   1.68367814E-08
       125      125           1   0.00000000E+00   1.00000000E+03   0.00000000E+00   0.00000000E+00   1.00000000E+00             547   9.72088236E-08   1.59397823E-08   1.59397823E-08
       126      126           1   0.00000000E+00   1.00000000E+03   0.00000000E+00   0.00000000E+00   1.00000000E+00             546   9.58348685E-08   1.50661091E-08   1.50661091E-08
       127      127           1   0.00000000E+00   1.00000000E+03   0.00000000E+00   0.00000000E+00   1.00000000E+00             543   9.82595640E-08   1.42251477E-08   1.42251477E-08
       128      128           1   0.00000000E+00   1.00000000E+03   0.00000000E+00   0.00000000E+00   1.00000000E+00             539   9.85911308E-08   1.34208791E-08   1.34208791E-08
       129      129           1   0.00000000E+00   1.00000000E+03   0.00000000E+00   0.00000000E+00   1.00000000E+00             532   9.76974440E-08   1.26510338E-08   1.26510338E-08
       130      130           1   0.00000000E+00   1.00000000E+03   0.00000000E+00   0.00000000E+00   1.00000000E+00             529   9.70250478E-08   1.19122397E-08   1.19122397E-08
       131      131           1   0.00000000E+00   1.00000000E+03   0.00000000E+00   0.00000000E+00   1.00000000E+00             528   9.95808707E-08   1.12042809E-08   1.12042809E-08
       132      132           1   0.00000000E+00   1.00000000E+03   0.00000000E+00   0.00000000E+00   1.00000000E+00             530   9.74635817E-08   1.05280512E-08   1.05280512E-08
       133      133           1   0.00000000E+00   1.00000000E+03   0.00000000E+00   0.00000000E+00   1.00000000E+00             531   9.92381020E-08   9.88332365E-09   9.88332365E-09
       134      134           1   0.00000000E+00   1.00000000E+03   0.00000000E+00   0.00000000E+00   1.00000000E+00             532   9.96618658E-08   9.26943199E-09   9.26943199E-09
       135      135           1   0.00000000E+00   1.00000000E+03   0.00000000E+00   0.00000000E+00   1.00000000E+00             533   9.87235491E-08   8.68575631E-09   8.68575631E-09
       136      136           1   0.00000000E+00   1.00000000E+03   0.00000000E+00   0.00000000E+00   1.00000000E+00             533   9.99745259E-08   8.13126535E-09   8.13126535E-09
       137      137           1   0.00000000E+00   1.00000000E+03   0.00000000E+00   0.00000000E+00   1.00000000E+00             535   9.90154727E-08   7.60479959E-09   7.60479959E-09
       138      138           1   0.00000000E+00   1.00000000E+03   0.00000000E+00   0.00000000E+00   1.00000000E+00             537   9.88572306E-08   7.10540366E-09   7.10540366E-09
       139      139           1   0.00000000E+00   1.00000000E+03   0.00000000E+00   0.00000000E+00   1.00000000E+00             542   9.86879528E-08   6.63232615E-09   6.63232615E-09
       140      140           1   0.00000000E+00   1.00000000E+03   0.00000000E+00   0.00000000E+00   1.00000000E+00             544   9.87604845E-08   6.18488813E-09   6.18488813E-09
       141      141           1   0.00000000E+00   1.00000000E+03   0.00000000E+00   0.00000000E+00   1.00000000E+00             546   9.62111313E-08   5.76233419E-09   5.76233419E-09
       142      142           1   0.00000000E+00   1.00000000E+03   0.00000000E+00   0.00000000E+00   1.00000000E+00             547   9.73612995E-08   5.36382921E-09   5.36382921E-09
       143      143           1   0.00000000E+00   1.00000000E+03   0.00000000E+00   0.00000000E+00   1.00000000E+00             548   9.75940692E-08   4.98852559E-09   4.98852559E-09
       144      144           1   0.00000000E+00   1.00000000E+03   0.00000000E+00   0.00000000E+00   1.00000000E+00             549   9.91817266E-08   4.63559188E-09   4.63559188E-09
       145      145           1   0.00000000E+00   1.00000000E+03   0.00000000E+00   0.00000000E+00   1.00000000E+00             550   9.88909679E-08   4.30420892E-09   4.30420892E-09
       146      146           1   0.00000000E+00   1.00000000E+03   0.00000000E+00   0.00000000E+00   1.00000000E+00             551   9.80215454E-08   3.99355720E-09   3.99355720E-09
       147      147           1   0.00000000E+00   1.00000000E+03   0.00000000E+00   0.00000000E+00   1.00000000E+00             552   9.82921692E-08   3.70281484E-09   3.70281484E-09
       148      148           1   0.00000000E+00   1.00000000E+03   0.00000000E+00   0.00000000E+00   1.00000000E+00             553   9.81408688E-08   3.43114347E-09   3.43114347E-09
       149      149           1   0.00000000E+00   1.00000000E+03   0.00000000E+00   0.00000000E+00   1.00000000E+00             554   9.78135621E-08   3.17768889E-09   3.17768889E-09
       150      150           1   0.00000000E+00   1.00000000E+03   0.00000000E+00   0.00000000E+00   1.00000000E+00             555   9.78339989E-08   2.94158355E-09   2.94158355E-09
       151      151           1   0.00000000E+00   1.00000000E+03   0.00000000E+00   0.00000000E+00   1.00000000E+00             556   9.70165747E-08   2.72195152E-09   2.72195152E-09
       152      152           1   0.00000000E+00   1.00000000E+03   0.00000000E+00   0.00000000E+00   1.00000000E+00             556   9.96866150E-08   2.51791619E-09   2.51791619E-09
       153      153           1   0.00000000E+00   1.00000000E+03   0.00000000E+00   0.00000000E+00   1.00000000E+00             558   9.73096105E-08   2.32860735E-09   2.32860735E-09
       154      154           1   0.00000000E+00   1.00000000E+03   0.00000000E+00   0.00000000E+00   1.00000000E+00             559   9.71947610E-08   2.15316687E-09   2.15316687E-09
       155      155           1   0.00000000E+00   1.00000000E+03   0.00000000E+00   0.00000000E+00   1.00000000E+00             560   9.80386469E-08   1.99075631E-09   1.99075631E-09
       156      156           1   0.00000000E+00   1.00000000E+03   0.00000000E+00   0.00000000E+00   1.00000000E+00             561   9.88649819E-08   1.84056017E-09   1.84056017E-09
       157      157           1   0.00000000E+00   1.00000000E+03   0.00000000E+00   0.00000000E+00   1.00000000E+00             563   9.91002166E-08   1.70178817E-09   1.70178817E-09
       158      158           1   0.00000000E+00   1.00000000E+03   0.00000000E+00   0.00000000E+00   1.00000000E+00             564   9.88721019E-08   1.57367760E-09   1.57367760E-09
       159      159           1   0.00000000E+00   1.00000000E+03   0.00000000E+00   0.00000000E+00   1.00000000E+00             565   9.80240117E-08   1.45549513E-09   1.45549513E-09
       160      160           1   0.00000000E+00   1.00000000E+03   0.00000000E+00   0.00000000E+00   1.00000000E+00             565   9.98215009E-08   1.34653780E-09   1.34653780E-09
       161      161           1   0.00000000E+00   1.00000000E+03   0.00000000E+00   0.00000000E+00   1.00000000E+00             566   9.74980380E-08   1.24613338E-09   1.24613338E-09
       162      162           1   0.00000000E+00   1.00000000E+03   0.00000000E+00   0.00000000E+00   1.00000000E+00             566   9.86975470E-08   1.15364075E-09   1.15364075E-09
       163      163           1   0.00000000E+00   1.00000000E+03   0.00000000E+00   0.00000000E+00   1.00000000E+00             567   9.89253647E-08   1.06845009E-09   1.06845009E-09
       164      164           1   0.00000000E+00   1.00000000E+03   0.00000000E+00   0.00000000E+00   1.00000000E+00             569   9.89732611E-08   9.89984691E-10   9.89984691E-10
       165      165           1   0.00000000E+00   1.00000000E+03   0.00000000E+00   0.00000000E+00   1.00000000E+00             570   9.89838164E-08   9.17697938E-10   9.17697938E-10
       166      166           1   0.00000000E+00   1.00000000E+03   0.00000000E+00   0.00000000E+00   1.00000000E+00             571   9.87842715E-08   8.51076185E-10   8.51076185E-10
       167      167           1   0.00000000E+00   1.00000000E+03   0.00000000E+00   0.00000000E+00   1.00000000E+00             572   9.52952064E-08   7.89638503E-10   7.89638503E-10
       168      168           1   0.00000000E+00   1.00000000E+03   0.00000000E+00   0.00000000E+00   1.00000000E+00             572   9.63289595E-08   7.32933768E-10   7.32933768E-10
       169      169           1   0.00000000E+00   1.00000000E+03   0.00000000E+00   0.00000000E+00   1.00000000E+00             572   9.70207372E-08   6.80550947E-10   6.80550947E-10
       170      170           1   0.00000000E+00   1.00000000E+03   0.00000000E+00   0.00000000E+00   1.00000000E+00             572   9.76909277E-08   6.32107792E-10   6.32107792E-10
       171      171           1   0.00000000E+00   1.00000000E+03   0.00000000E+00   0.00000000E+00   1.00000000E+00             572   9.82005631E-08   5.87252274E-10   5.87252274E-10
       172      172           1   0.00000000E+00   1.00000000E+03   0.00000000E+00   0.00000000E+00   1.00000000E+00             572   9.84666118E-08   5.45664146E-10   5.45664146E-10
       173      173           1   0.00000000E+00   1.00000000E+03   0.00000000E+00   0.00000000E+00   1.00000000E+00             572   9.84829595E-08   5.07053487E-10   5.07053487E-10
       174      174           1   0.00000000E+00   1.00000000E+03   0.00000000E+00   0.00000000E+00   1.00000000E+00             572   9.91464275E-08   4.71158914E-10   4.71158914E-10
       175      175           1   0.00000000E+00   1.00000000E+03   0.00000000E+00   0.00000000E+00   1.00000000E+00             572   9.91226334E-08   4.37745790E-10   4.37745790E-10
       176      176           1   0.00000000E+00   1.00000000E+03   0.00000000E+00   0.00000000E+00   1.00000000E+00             572   9.90180560E-08   4.06604345E-10   4.06604345E-10
       177      177           1   0.00000000E+00   1.00000000E+03   0.00000000E+00   0.00000000E+00   1.00000000E+00             572   9.88365208E-08   3.77547690E-10   3.77547690E-10
       178      178           1   0.00000000E+00   1.00000000E+03   0.00000000E+00   0.00000000E+00   1.00000000E+00             572   9.85847668E-08   3.50409797E-10   3.50409797E-10
       179      179           1   0.00000000E+00   1.00000000E+03   0.00000000E+00   0.00000000E+00   1.00000000E+00             572   9.82711500E-08   3.25043424E-10   3.25043424E-10
       180      180           1   0.00000000E+00   1.00000000E+03   0.00000000E+00   0.00000000E+00   1.00000000E+00             572   9.79072061E-08   3.01318080E-10   3.01318080E-10
       181      181           1   0.00000000E+00   1.00000000E+03   0.00000000E+00   0.00000000E+00   1.00000000E+00             572   9.75022158E-08   2.79118094E-10   2.79118094E-10
       182      182           1   0.00000000E+00   1.00000000E+03   0.00000000E+00   0.00000000E+00   1.00000000E+00             572   9.70668399E-08   2.58340728E-10   2.58340728E-10
       183      183           1   0.00000000E+00   1.00000000E+03   0.00000000E+00   0.00000000E+00   1.00000000E+00             571   9.98705049E-08   2.38894457E-10   2.38894457E-10
       184      184           1   0.00000000E+00   1.00000000E+03   0.00000000E+00   0.00000000E+00   1.00000000E+00             571   9.93246113E-08   2.20697388E-10   2.20697388E-10
       185      185           1   0.00000000E+00   1.00000000E+03   0.00000000E+00   0.00000000E+00   1.00000000E+00             570   9.99868857E-08   2.03675809E-10   2.03675809E-10
       186      186           1   0.00000000E+00   1.00000000E+03   0.00000000E+00   0.00000000E+00   1.00000000E+00             570   9.94803605E-08   1.87762924E-10   1.87762924E-10
       187      187           1   0.00000000E+00   1.00000000E+03   0.00000000E+00   0.00000000E+00   1.00000000E+00             570   9.89795678E-08   1.72897735E-10   1.72897735E-10
       188      188           1   0.00000000E+00   1.00000000E+03   0.00000000E+00   0.00000000E+00   1.00000000E+00             570   9.84933719E-08   1.59024052E-10   1.59024052E-10
       189      189           1   0.00000000E+00   1.00000000E+03   0.00000000E+00   0.00000000E+00   1.00000000E+00             570   9.80270748E-08   1.46089699E-10   1.46089699E-10
       190      190           1   0.00000000E+00   1.00000000E+03   0.00000000E+00   0.00000000E+00   1.00000000E+00             569   9.99383814E-08   1.34045786E-10   1.34045786E-10
       191      191           1   0.00000000E+00   1.00000000E+03   0.00000000E+00   0.00000000E+00   1.00000000E+00             569   9.95063238E-08   1.22846170E-10   1.22846170E-10
       192      192           1   0.00000000E+00   1.00000000E+03   0.00000000E+00   0.00000000E+00   1.00000000E+00             569   9.90919006E-08   1.12446955E-10   1.12446955E-10
       193      193           1   0.00000000E+00   1.00000000E+03   0.00000000E+00   0.00000000E+00   1.00000000E+00             569   9.86892798E-08   1.02806158E-10   1.02806158E-10
       194      194           1   0.00000000E+00   1.00000000E+03   0.00000000E+00   0.00000000E+00   1.00000000E+00             569   9.82994198E-08   9.38834025E-11   9.38834025E-11
       195      195           1   0.00000000E+00   1.00000000E+03   0.00000000E+00   0.00000000E+00   1.00000000E+00             569   9.79128448E-08   8.56397116E-11   8.56397116E-11
       196      196           1   0.00000000E+00   1.00000000E+03   0.00000000E+00   0.00000000E+00   1.00000000E+00             568   9.96805424E-08   7.80373347E-11   7.80373347E-11
       197      197           1   0.00000000E+00   1.00000000E+03   0.00000000E+00   0.00000000E+00   1.00000000E+00             568   9.91653261E-08   7.10396741E-11   7.10396741E-11
       198      198           1   0.00000000E+00   1.00000000E+03   0.00000000E+00   0.00000000E+00   1.00000000E+00             567   9.98810787E-08   6.46111725E-11   6.46111725E-11
       199      199           1   0.00000000E+00   1.00000000E+03   0.00000000E+00   0.00000000E+00   1.00000000E+00             567   9.89061165E-08   5.87172923E-11   5.87172923E-11
       200      200           1   0.00000000E+00   1.00000000E+03   0.00000000E+00   0.00000000E+00   1.00000000E+00             567   9.79832168E-08   5.33245221E-11   5.33245221E-11
       201      201           1   0.00000000E+00   1.00000000E+03   0.00000000E+00   0.00000000E+00   1.00000000E+00             566   9.94086301E-08   4.84003291E-11   4.84003291E-11
       202      202           1   0.00000000E+00   1.00000000E+03   0.00000000E+00   0.00000000E+00   1.00000000E+00             566   9.91759437E-08   4.39132192E-11   4.39132192E-11
       203      203           1   0.00000000E+00   1.00000000E+03   0.00000000E+00   0.00000000E+00   1.00000000E+00             566   9.89586970E-08   3.98327263E-11   3.98327263E-11
       204      204           1   0.00000000E+00   1.00000000E+03   0.00000000E+00   0.00000000E+00   1.00000000E+00             566   9.86097121E-08   3.61294453E-11   3.61294453E-11
       205      205           1   0.00000000E+00   1.00000000E+03   0.00000000E+00   0.00000000E+00   1.00000000E+00             566   9.81128347E-08   3.27750742E-11   3.27750742E-11
       206      206           1   0.00000000E+00   1.00000000E+03   0.00000000E+00   0.00000000E+00   1.00000000E+00             566   9.75064022E-08   2.97424096E-11   2.97424096E-11
       207      207           1   0.00000000E+00   1.00000000E+03   0.00000000E+00   0.00000000E+00   1.00000000E+00             565   9.95536443E-08   2.70054199E-11   2.70054199E-11
       208      208           1   0.00000000E+00   1.00000000E+03   0.00000000E+00   0.00000000E+00   1.00000000E+00             565   9.86227033E-08   2.45392256E-11   2.45392256E-11
       209      209           1   0.00000000E+00   1.00000000E+03   0.00000000E+00   0.00000000E+00   1.00000000E+00             564   9.93564847E-08   2.23201656E-11   2.23201656E-11
       210      210           1   0.00000000E+00   1.00000000E+03   0.00000000E+00   0.00000000E+00   1.00000000E+00             564   9.85465040E-08   2.03258094E-11   2.03258094E-11
       211      211           1   0.00000000E+00   1.00000000E+03   0.00000000E+00   0.00000000E+00   1.00000000E+00             564   9.84289262E-08   1.85349785E-11   1.85349785E-11
       212      212           1   0.00000000E+00   1.00000000E+03   0.00000000E+00   0.00000000E+00   1.00000000E+00             564   9.90850642E-08   1.69277791E-11   1.69277791E-11
       213      213           1   0.00000000E+00   1.00000000E+03   0.00000000E+00   0.00000000E+00   1.00000000E+00             565   9.88876413E-08   1.54856195E-11   1.54856195E-11
       214      214           1   0.00000000E+00   1.00000000E+03   0.00000000E+00   0.00000000E+00   1.00000000E+00             566   9.96205940E-08   1.41912378E-11   1.41912378E-11
       215      215           1   0.00000000E+00   1.00000000E+03   0.00000000E+00   0.00000000E+00   1.00000000E+00             568   9.93595324E-08   1.30286878E-11   1.30286878E-11
       216      216           1   0.00000000E+00   1.00000000E+03   0.00000000E+00   0.00000000E+00   1.00000000E+00             569   9.84228218E-08   1.19833663E-11   1.19833663E-11
       217      217           1   0.00000000E+00   1.00000000E+03   0.00000000E+00   0.00000000E+00   1.00000000E+00             570   9.69188568E-08   1.10419767E-11   1.10419767E-11
       218      218           1   0.00000000E+00   1.00000000E+03   0.00000000E+00   0.00000000E+00   1.00000000E+00             570   9.84069520E-08   1.01925056E-11   1.01925056E-11
       219      219           1   0.00000000E+00   1.00000000E+03   0.00000000E+00   0.00000000E+00   1.00000000E+00             570   9.96084493E-08   9.42419028E-12   9.42419028E-12
       220      220           1   0.00000000E+00   1.00000000E+03   0.00000000E+00   0.00000000E+00   1.00000000E+00             571   9.80834716E-08   8.72745202E-12   8.72745202E-12
       221      221           1   0.00000000E+00   1.00000000E+03   0.00000000E+00   0.00000000E+00   1.00000000E+00             571   9.89104705E-08   8.09384523E-12   8.09384523E-12
       222      222           1   0.00000000E+00   1.00000000E+03   0.00000000E+00   0.00000000E+00   1.00000000E+00             571   9.94900222E-08   7.51594082E-12   7.51594082E-12
       223      223           1   0.00000000E+00   1.00000000E+03   0.00000000E+00   0.00000000E+00   1.00000000E+00             571   9.97812075E-08   6.98726625E-12   6.98726625E-12
       224      224           1   0.00000000E+00   1.00000000E+03   0.00000000E+00   0.00000000E+00   1.00000000E+00             571   9.98663618E-08   6.50221757E-12   6.50221757E-12
       225      225           1   0.00000000E+00   1.00000000E+03   0.00000000E+00   0.00000000E+00   1.00000000E+00             571   9.97402478E-08   6.05593140E-12   6.05593140E-12
       226      226           1   0.00000000E+00   1.00000000E+03   0.00000000E+00   0.00000000E+00   1.00000000E+00             571   9.95666283E-08   5.64424158E-12   5.64424158E-12
       227      227           1   0.00000000E+00   1.00000000E+03   0.00000000E+00   0.00000000E+00   1.00000000E+00             571   9.92964366E-08   5.26356009E-12   5.26356009E-12
       228      228           1   0.00000000E+00   1.00000000E+03   0.00000000E+00   0.00000000E+00   1.00000000E+00             571   9.90011113E-08   4.91079102E-12   4.91079102E-12
       229      229           1   0.00000000E+00   1.00000000E+03   0.00000000E+00   0.00000000E+00   1.00000000E+00             571   9.87666043E-08   4.58327870E-12   4.58327870E-12
       230      230           1   0.00000000E+00   1.00000000E+03   0.00000000E+00   0.00000000E+00   1.00000000E+00             571   9.84938328E-08   4.27873299E-12   4.27873299E-12
       231      231           1   0.00000000E+00   1.00000000E+03   0.00000000E+00   0.00000000E+00   1.00000000E+00             571   9.82470732E-08   3.99516020E-12   3.99516020E-12
       232      232           1   0.00000000E+00   1.00000000E+03   0.00000000E+00   0.00000000E+00   1.00000000E+00             571   9.80223037E-08   3.73082944E-12   3.73082944E-12
       233      233           1   0.00000000E+00   1.00000000E+03   0.00000000E+00   0.00000000E+00   1.00000000E+00             571   9.77831229E-08   3.48422874E-12   3.48422874E-12
       234      234           1   0.00000000E+00   1.00000000E+03   0.00000000E+00   0.00000000E+00   1.00000000E+00             571   9.75292406E-08   3.25400919E-12   3.25400919E-12
       235      235           1   0.00000000E+00   1.00000000E+03   0.00000000E+00   0.00000000E+00   1.00000000E+00             571   9.72732557E-08   3.03897392E-12   3.03897392E-12
       236      236           1   0.00000000E+00   1.00000000E+03   0.00000000E+00   0.00000000E+00   1.00000000E+00             571   9.70011260E-08   2.83804821E-12   2.83804821E-12
       237      237           1   0.00000000E+00   1.00000000E+03   0.00000000E+00   0.00000000E+00   1.00000000E+00             570   9.99924103E-08   2.65027093E-12   2.65027093E-12
       238      238           1   0.00000000E+00   1.00000000E+03   0.00000000E+00   0.00000000E+00   1.00000000E+00             570   9.97035816E-08   2.47474908E-12   2.47474908E-12
       239      239           1   0.00000000E+00   1.00000000E+03   0.00000000E+00   0.00000000E+00   1.00000000E+00             570   9.93924364E-08   2.31067678E-12   2.31067678E-12
       240      240           1   0.00000000E+00   1.00000000E+03   0.00000000E+00   0.00000000E+00   1.00000000E+00             570   9.91365508E-08   2.15729948E-12   2.15729948E-12
       241      241           1   0.00000000E+00   1.00000000E+03   0.00000000E+00   0.00000000E+00   1.00000000E+00             570   9.86831675E-08   2.01392792E-12   2.01392792E-12
       242      242           1   0.00000000E+00   1.00000000E+03   0.00000000E+00   0.00000000E+00   1.00000000E+00             570   9.82991315E-08   1.87991833E-12   1.87991833E-12
       243      243           1   0.00000000E+00   1.00000000E+03   0.00000000E+00   0.00000000E+00   1.00000000E+00             570   9.78398244E-08   1.75466408E-12   1.75466408E-12
       244      244           1   0.00000000E+00   1.00000000E+03   0.00000000E+00   0.00000000E+00   1.00000000E+00             570   9.73545546E-08   1.63760699E-12   1.63760699E-12
       245      245           1   0.00000000E+00   1.00000000E+03   0.00000000E+00   0.00000000E+00   1.00000000E+00             569   9.99557401E-08   1.52822196E-12   1.52822196E-12
       246      246           1   0.00000000E+00   1.00000000E+03   0.00000000E+00   0.00000000E+00   1.00000000E+00             569   9.92032967E-08   1.42600260E-12   1.42600260E-12
       247      247           1   0.00000000E+00   1.00000000E+03   0.00000000E+00   0.00000000E+00   1.00000000E+00             569   9.86138605E-08   1.33049783E-12   1.33049783E-12
       248      248           1   0.00000000E+00   1.00000000E+03   0.00000000E+00   0.00000000E+00   1.00000000E+00             569   9.81069846E-08   1.24127356E-12   1.24127356E-12
       249      249           1   0.00000000E+00   1.00000000E+03   0.00000000E+00   0.00000000E+00   1.00000000E+00             568   9.94983173E-08   1.15791538E-12   1.15791538E-12
       250      250           1   0.00000000E+00   1.00000000E+03   0.00000000E+00   0.00000000E+00   1.00000000E+00             568   9.89647877E-08   1.08003585E-12   1.08003585E-12
       251      251           1   0.00000000E+00   1.00000000E+03   0.00000000E+00   0.00000000E+00   1.00000000E+00             567   9.97189389E-08   1.00729356E-12   1.00729356E-12
       252      252           1   0.00000000E+00   1.00000000E+03   0.00000000E+00   0.00000000E+00   1.00000000E+00             567   9.95923637E-08   9.39342631E-13   9.39342631E-13
       253      253           1   0.00000000E+00   1.00000000E+03   0.00000000E+00   0.00000000E+00   1.00000000E+00             567   9.90065176E-08   8.75877896E-13   8.75877896E-13
       254      254           1   0.00000000E+00   1.00000000E+03   0.00000000E+00   0.00000000E+00   1.00000000E+00             567   9.93920434E-08   8.16593201E-13   8.16593201E-13
       255      255           1   0.00000000E+00   1.00000000E+03   0.00000000E+00   0.00000000E+00   1.00000000E+00             567   9.92025477E-08   7.61229527E-13   7.61229527E-13
       256      256           1   0.00000000E+00   1.00000000E+03   0.00000000E+00   0.00000000E+00   1.00000000E+00             567   9.95963651E-08   7.09516253E-13   7.09516253E-13
       257      257           1   0.00000000E+00   1.00000000E+03   0.00000000E+00   0.00000000E+00   1.00000000E+00             567   9.94149979E-08   6.61228514E-13   6.61228514E-13
       258      258           1   0.00000000E+00   1.00000000E+03   0.00000000E+00   0.00000000E+00   1.00000000E+00             567   9.98056387E-08   6.16137950E-13   6.16137950E-13
       259      259           1   0.00000000E+00   1.00000000E+03   0.00000000E+00   0.00000000E+00   1.00000000E+00             568   9.89978366E-08   5.74024106E-13   5.74024106E-13
       260      260           1   0.00000000E+00   1.00000000E+03   0.00000000E+00   0.00000000E+00   1.00000000E+00             568   9.94691192E-08   5.34711495E-13   5.34711495E-13
       261      261           1   0.00000000E+00   1.00000000E+03   0.00000000E+00   0.00000000E+00   1.00000000E+00             568   9.97889662E-08   4.98010110E-13   4.98010110E-13
       262      262           1   0.00000000E+00   1.00000000E+03   0.00000000E+00   0.00000000E+00   1.00000000E+00             568   9.99876760E-08   4.63743420E-13   4.63743420E-13
       263      263           1   0.00000000E+00   1.00000000E+03   0.00000000E+00   0.00000000E+00   1.00000000E+00             570   9.78539677E-08   4.31766612E-13   4.31766612E-13
       264      264           1   0.00000000E+00   1.00000000E+03   0.00000000E+00   0.00000000E+00   1.00000000E+00             570   9.81486336E-08   4.01917049E-13   4.01917049E-13
       265      265           1   0.00000000E+00   1.00000000E+03   0.00000000E+00   0.00000000E+00   1.00000000E+00             570   9.87964257E-08   3.74071519E-13   3.74071519E-13
       266      266           1   0.00000000E+00   1.00000000E+03   0.00000000E+00   0.00000000E+00   1.00000000E+00             570   9.89522487E-08   3.48083107E-13   3.48083107E-13
       267      267           1   0.00000000E+00   1.00000000E+03   0.00000000E+00   0.00000000E+00   1.00000000E+00             570   9.95208195E-08   3.23847045E-13   3.23847045E-13
       268      268           1   0.00000000E+00   1.00000000E+03   0.00000000E+00   0.00000000E+00   1.00000000E+00             571   9.73841240E-08   3.01240613E-13   3.01240613E-13
       269      269           1   0.00000000E+00   1.00000000E+03   0.00000000E+00   0.00000000E+00   1.00000000E+00             570   9.90168423E-08   2.80160919E-13   2.80160919E-13
       270      270           1   0.00000000E+00   1.00000000E+03   0.00000000E+00   0.00000000E+00   1.00000000E+00             570   9.96956045E-08   2.60505350E-13   2.60505350E-13
       271      271           1   0.00000000E+00   1.00000000E+03   0.00000000E+00   0.00000000E+00   1.00000000E+00             570   9.97837660E-08   2.42180376E-13   2.42180376E-13
       272      272           1   0.00000000E+00   1.00000000E+03   0.00000000E+00   0.00000000E+00   1.00000000E+00             570   9.93317341E-08   2.25109507E-13   2.25109507E-13
       273      273           1   0.00000000E+00   1.00000000E+03   0.00000000E+00   0.00000000E+00   1.00000000E+00             570   9.93998704E-08   2.09199448E-13   2.09199448E-13
       274      274           1   0.00000000E+00   1.00000000E+03   0.00000000E+00   0.00000000E+00   1.00000000E+00             570   9.98021829E-08   1.94374055E-13   1.94374055E-13
       275      275           1   0.00000000E+00   1.00000000E+03   0.00000000E+00   0.00000000E+00   1.00000000E+00             570   9.83522683E-08   1.80578731E-13   1.80578731E-13
       276      276           1   0.00000000E+00   1.00000000E+03   0.00000000E+00   0.00000000E+00   1.00000000E+00             570   9.87393784E-08   1.67722665E-13   1.67722665E-13
       277      277           1   0.00000000E+00   1.00000000E+03   0.00000000E+00   0.00000000E+00   1.00000000E+00             568   9.98303141E-08   1.55758084E-13   1.55758084E-13
       278      278           1   0.00000000E+00   1.00000000E+03   0.00000000E+00   0.00000000E+00   1.00000000E+00             569   9.94832266E-08   1.44613117E-13   1.44613117E-13
       279      279           1   0.00000000E+00   1.00000000E+03   0.00000000E+00   0.00000000E+00   1.00000000E+00             569   9.92902251E-08   1.34255987E-13   1.34255987E-13
       280      280           1   0.00000000E+00   1.00000000E+03   0.00000000E+00   0.00000000E+00   1.00000000E+00             566   9.81626774E-08   1.24613371E-13   1.24613371E-13
       281      281           1   0.00000000E+00   1.00000000E+03   0.00000000E+00   0.00000000E+00   1.00000000E+00             568   9.91119329E-08   1.15647107E-13   1.15647107E-13
       282      282           1   0.00000000E+00   1.00000000E+03   0.00000000E+00   0.00000000E+00   1.00000000E+00             566   9.75069944E-08   1.07307902E-13   1.07307902E-13
       283      283           1   0.00000000E+00   1.00000000E+03   0.00000000E+00   0.00000000E+00   1.00000000E+00             566   9.85793442E-08   9.95497451E-14   9.95497451E-14
       284      284           1   0.00000000E+00   1.00000000E+03   0.00000000E+00   0.00000000E+00   1.00000000E+00             565   9.88040244E-08   9.23433618E-14   9.23433618E-14
       285      285           1   0.00000000E+00   1.00000000E+03   0.00000000E+00   0.00000000E+00   1.00000000E+00             566   9.74953250E-08   8.56456783E-14   8.56456783E-14
       286      286           1   0.00000000E+00   1.00000000E+03   0.00000000E+00   0.00000000E+00   1.00000000E+00             565   9.56109469E-08   7.94179084E-14   7.94179084E-14
       287      287           1   0.00000000E+00   1.00000000E+03   0.00000000E+00   0.00000000E+00   1.00000000E+00             566   9.80625399E-08   7.36389664E-14   7.36389664E-14
       288      288           1   0.00000000E+00   1.00000000E+03   0.00000000E+00   0.00000000E+00   1.00000000E+00             564   9.51541952E-08   6.82652422E-14   6.82652422E-14
       289      289           1   0.00000000E+00   1.00000000E+03   0.00000000E+00   0.00000000E+00   1.00000000E+00             565   9.86872733E-08   6.32781210E-14   6.32781210E-14
       290      290           1   0.00000000E+00   1.00000000E+03   0.00000000E+00   0.00000000E+00   1.00000000E+00             561   9.85713429E-08   5.86414028E-14   5.86414028E-14
       291      291           1   0.00000000E+00   1.00000000E+03   0.00000000E+00   0.00000000E+00   1.00000000E+00             564   9.78052605E-08   5.43482718E-14   5.43482718E-14
       292      292           1   0.00000000E+00   1.00000000E+03   0.00000000E+00   0.00000000E+00   1.00000000E+00             564   9.78499436E-08   5.03512041E-14   5.03512041E-14
       293      293           1   0.00000000E+00   1.00000000E+03   0.00000000E+00   0.00000000E+00   0.00000000E+00               0   0.00000000E+00   4.66498345E-14   4.66498345E-14
       294      294           1   0.00000000E+00   1.00000000E+00   0.00000000E+00   0.00000000E+00   0.00000000E+00               0   0.00000000E+00   4.66498345E-14   4.66498345E-14
       295      295           1   0.00000000E+00   1.00000000E+00   0.00000000E+00   0.00000000E+00   0.00000000E+00               0   0.00000000E+00   4.66498345E-14   4.66498345E-14
