TITLE     = "HM M2 Grid FUN3D"
VARIABLES = "x"
"y"
"z"
"cp"
"cf_x"
ZONE T="Slice: Y=-0.001"
 STRANDID=0, SOLUTIONTIME=0
 I=384, J=1, K=1, ZONETYPE=Ordered
 DATAPACKING=POINT
 DT=(SINGLE SINGLE SINGLE SINGLE SINGLE )
 7.471460104E-01 -1.000000047E-03 -6.536680460E-02 4.134508967E-01 7.881211350E-04
 7.461198568E-01 -1.000000047E-03 -6.512606144E-02 4.076699913E-01 6.179880002E-04
 7.451688051E-01 -1.000000047E-03 -6.490223855E-02 4.149214625E-01 4.707933986E-04
 7.440252900E-01 -1.000000047E-03 -6.463283300E-02 4.149002135E-01 2.976610558E-04
 7.427846789E-01 -1.000000047E-03 -6.434226036E-02 4.190462232E-01 1.603863639E-04
 7.413231134E-01 -1.000000047E-03 -6.399831921E-02 4.182961881E-01 7.440405170E-05
 7.402550578E-01 -1.000000047E-03 -6.374872476E-02 4.174332023E-01 4.521664960E-05
 7.387437820E-01 -1.000000047E-03 -6.339687854E-02 4.168803990E-01 2.101307109E-05
 7.361114025E-01 -1.000000047E-03 -6.278344989E-02 4.150031507E-01 1.837002492E-05
 7.347427607E-01 -1.000000047E-03 -6.246457994E-02 4.143473208E-01 2.184311597E-05
 7.336081266E-01 -1.000000047E-03 -6.219824031E-02 4.127150178E-01 2.998069431E-05
 7.309195995E-01 -1.000000047E-03 -6.157379970E-02 4.110804200E-01 7.061690121E-05
 7.297127843E-01 -1.000000047E-03 -6.129504368E-02 4.114314914E-01 9.698191570E-05
 7.285209298E-01 -1.000000047E-03 -6.101659685E-02 4.088431597E-01 1.201224077E-04
 7.254742384E-01 -1.000000047E-03 -6.031154096E-02 4.069783390E-01 1.976394124E-04
 7.240835428E-01 -1.000000047E-03 -5.999193341E-02 4.079722166E-01 2.311159624E-04
 7.223853469E-01 -1.000000047E-03 -5.959551036E-02 4.021151960E-01 2.694194263E-04
 7.198190689E-01 -1.000000047E-03 -5.900388584E-02 4.004262984E-01 3.350235929E-04
 7.177793980E-01 -1.000000047E-03 -5.853428319E-02 3.989317119E-01 3.905115009E-04
 7.153722048E-01 -1.000000047E-03 -5.798134953E-02 3.982314467E-01 4.526474804E-04
 7.130444646E-01 -1.000000047E-03 -5.744729191E-02 3.931562901E-01 5.056994269E-04
 7.106393576E-01 -1.000000047E-03 -5.689676479E-02 3.924668133E-01 5.719872424E-04
 7.082639933E-01 -1.000000047E-03 -5.635357648E-02 3.878408074E-01 6.276222412E-04
 7.059158087E-01 -1.000000047E-03 -5.581791326E-02 3.886756003E-01 6.961356266E-04
 7.035178542E-01 -1.000000047E-03 -5.527156219E-02 3.842816949E-01 7.489597774E-04
 7.011601329E-01 -1.000000047E-03 -5.473553389E-02 3.836961389E-01 8.071635384E-04
 6.988145709E-01 -1.000000047E-03 -5.420294404E-02 3.777666986E-01 8.512198110E-04
 6.966434717E-01 -1.000000047E-03 -5.371101201E-02 3.788644671E-01 8.957886603E-04
 6.943261027E-01 -1.000000047E-03 -5.318688601E-02 3.748047054E-01 9.259349899E-04
 6.923159957E-01 -1.000000047E-03 -5.273286998E-02 3.708868623E-01 9.495611885E-04
 6.898424625E-01 -1.000000047E-03 -5.217540637E-02 3.701645136E-01 9.508853545E-04
 6.875160336E-01 -1.000000047E-03 -5.165171251E-02 3.659381270E-01 9.450521902E-04
 6.846999526E-01 -1.000000047E-03 -5.101957172E-02 3.627824485E-01 9.225039394E-04
 6.821552515E-01 -1.000000047E-03 -5.044893920E-02 3.603959382E-01 8.983069565E-04
 6.788322330E-01 -1.000000047E-03 -4.970614985E-02 3.597766161E-01 8.606446208E-04
 6.761229038E-01 -1.000000047E-03 -4.910120368E-02 3.547868729E-01 8.226395003E-04
 6.719740033E-01 -1.000000047E-03 -4.817856103E-02 3.492309451E-01 7.813157281E-04
 6.687198877E-01 -1.000000047E-03 -4.745566845E-02 3.482309878E-01 7.415795699E-04
 6.635825038E-01 -1.000000047E-03 -4.631987959E-02 3.339082301E-01 7.077655173E-04
 6.602857113E-01 -1.000000047E-03 -4.559199512E-02 3.322158456E-01 6.810795167E-04
 6.542743444E-01 -1.000000047E-03 -4.427122697E-02 3.177914619E-01 6.554911379E-04
 6.514137983E-01 -1.000000047E-03 -4.364426807E-02 3.155220449E-01 6.411814247E-04
 6.447098851E-01 -1.000000047E-03 -4.218495637E-02 3.365264833E-01 6.175094750E-04
 6.390448809E-01 -1.000000047E-03 -4.095350206E-02 3.213701248E-01 5.903324927E-04
 6.289964318E-01 -1.000000047E-03 -3.878897056E-02 3.099290431E-01 5.714268773E-04
 6.189255714E-01 -1.000000047E-03 -3.662656993E-02 3.058341444E-01 5.398157518E-04
 6.062765718E-01 -1.000000047E-03 -3.394461423E-02 2.984645069E-01 5.078025861E-04
 5.947305560E-01 -1.000000047E-03 -3.150971606E-02 2.871595025E-01 4.712237569E-04
 5.791563392E-01 -1.000000047E-03 -2.826948836E-02 2.822262645E-01 4.403499770E-04
 5.636872649E-01 -1.000000047E-03 -2.507889830E-02 2.710542083E-01 4.296297557E-04
 5.463381410E-01 -1.000000047E-03 -2.155049704E-02 2.611043453E-01 4.357262806E-04
 5.294031501E-01 -1.000000047E-03 -1.814640686E-02 2.492807508E-01 4.787783546E-04
 5.119301081E-01 -1.000000047E-03 -1.467834134E-02 2.385765463E-01 5.390411825E-04
 4.969358444E-01 -1.000000047E-03 -1.173918135E-02 2.290743142E-01 6.218267954E-04
 4.807092249E-01 -1.000000047E-03 -8.594752289E-03 2.194957733E-01 7.035397575E-04
 4.671378732E-01 -1.000000047E-03 -5.995129701E-03 2.103967667E-01 7.821716135E-04
 4.516435564E-01 -1.000000047E-03 -3.061608411E-03 2.005731761E-01 8.546794998E-04
 4.385804534E-01 -1.000000047E-03 -6.161725032E-04 1.912292093E-01 9.159170440E-04
 4.238258004E-01 -1.000000047E-03 2.113741823E-03 1.797589660E-01 9.771112818E-04
 4.116451740E-01 -1.000000047E-03 4.341476597E-03 1.723666936E-01 1.031379099E-03
 3.973712623E-01 -1.000000047E-03 6.921864580E-03 1.624133140E-01 1.089352532E-03
 3.855992556E-01 -1.000000047E-03 9.024702944E-03 1.528784633E-01 1.140379114E-03
 3.720189929E-01 -1.000000047E-03 1.142257173E-02 1.426760852E-01 1.195799909E-03
 3.611625731E-01 -1.000000047E-03 1.331629697E-02 1.354123205E-01 1.245163614E-03
 3.481167555E-01 -1.000000047E-03 1.556491759E-02 1.247997060E-01 1.298893359E-03
 3.376407027E-01 -1.000000047E-03 1.734828204E-02 1.155829132E-01 1.346782083E-03
 3.253013790E-01 -1.000000047E-03 1.942334324E-02 1.061752364E-01 1.400531037E-03
 3.153367937E-01 -1.000000047E-03 2.107696235E-02 9.898944199E-02 1.447507297E-03
 3.037413955E-01 -1.000000047E-03 2.297885716E-02 8.986020088E-02 1.499757171E-03
 2.945697010E-01 -1.000000047E-03 2.446169220E-02 8.248403668E-02 1.541986479E-03
 2.840380371E-01 -1.000000047E-03 2.614719979E-02 7.355749607E-02 1.590112923E-03
 2.766094506E-01 -1.000000047E-03 2.731906809E-02 6.732939929E-02 1.630068291E-03
 2.666034400E-01 -1.000000047E-03 2.888177149E-02 5.921476334E-02 1.676279004E-03
 2.591582537E-01 -1.000000047E-03 3.002893552E-02 5.235345662E-02 1.713257981E-03
 2.490606755E-01 -1.000000047E-03 3.156567365E-02 4.337148741E-02 1.758245868E-03
 2.409159243E-01 -1.000000047E-03 3.278775513E-02 3.541577607E-02 1.794507029E-03
 2.309138626E-01 -1.000000047E-03 3.426760808E-02 2.614871040E-02 1.838352298E-03
 2.230211198E-01 -1.000000047E-03 3.541718423E-02 1.972009614E-02 1.875129179E-03
 2.133452445E-01 -1.000000047E-03 3.680654615E-02 1.140530501E-02 1.919551636E-03
 2.059161812E-01 -1.000000047E-03 3.785546869E-02 4.538836423E-03 1.956066582E-03
 1.965585947E-01 -1.000000047E-03 3.915747628E-02 -3.848096821E-03 2.000468550E-03
 1.895172596E-01 -1.000000047E-03 4.012025148E-02 -9.933522902E-03 2.036903519E-03
 1.805351079E-01 -1.000000047E-03 4.132968187E-02 -1.856466942E-02 2.084859181E-03
 1.735001355E-01 -1.000000047E-03 4.225952178E-02 -2.482308447E-02 2.122750506E-03
 1.647654325E-01 -1.000000047E-03 4.339551553E-02 -3.292329609E-02 2.170483815E-03
 1.580799818E-01 -1.000000047E-03 4.424812645E-02 -3.909564018E-02 2.210436855E-03
 1.496360600E-01 -1.000000047E-03 4.530672729E-02 -4.715348035E-02 2.258890541E-03
 1.432439089E-01 -1.000000047E-03 4.609187320E-02 -5.301193148E-02 2.298803069E-03
 1.351760477E-01 -1.000000047E-03 4.706502333E-02 -6.049278006E-02 2.348066773E-03
 1.290079355E-01 -1.000000047E-03 4.779326171E-02 -6.617414206E-02 2.388120862E-03
 1.212117150E-01 -1.000000047E-03 4.869604111E-02 -7.325138897E-02 2.436084207E-03
 1.152109578E-01 -1.000000047E-03 4.937534407E-02 -7.874117047E-02 2.476134570E-03
 1.076705083E-01 -1.000000047E-03 5.021164566E-02 -8.582303673E-02 2.525454387E-03
 1.018579528E-01 -1.000000047E-03 5.084070191E-02 -9.145005792E-02 2.565466333E-03
 9.448921680E-02 -1.000000047E-03 5.162126571E-02 -9.812927991E-02 2.613443416E-03
 8.889937401E-02 -1.000000047E-03 5.219792575E-02 -1.035983637E-01 2.652510768E-03
 8.173832297E-02 -1.000000047E-03 5.292022973E-02 -1.107404232E-01 2.702060621E-03
 7.637102902E-02 -1.000000047E-03 5.344658718E-02 -1.166761369E-01 2.741656266E-03
 6.942373514E-02 -1.000000047E-03 5.411136523E-02 -1.232899874E-01 2.791067120E-03
 6.421450526E-02 -1.000000047E-03 5.459521338E-02 -1.271250844E-01 2.830658108E-03
 5.749201775E-02 -1.000000047E-03 5.520316586E-02 -1.336617619E-01 2.879696665E-03
 5.237231031E-02 -1.000000047E-03 5.565134808E-02 -1.390337050E-01 2.918716753E-03
 4.586238042E-02 -1.000000047E-03 5.620508641E-02 -1.451996565E-01 2.965353662E-03
 4.091569781E-02 -1.000000047E-03 5.661116540E-02 -1.500532180E-01 3.004671074E-03
 3.466688097E-02 -1.000000047E-03 5.710860714E-02 -1.559479982E-01 3.050091676E-03
 2.980091795E-02 -1.000000047E-03 5.748120695E-02 -1.612113118E-01 3.088554833E-03
 2.376870438E-02 -1.000000047E-03 5.792779475E-02 -1.671228558E-01 3.129409626E-03
 1.897218078E-02 -1.000000047E-03 5.826819316E-02 -1.713605672E-01 3.165498842E-03
 1.319094468E-02 -1.000000047E-03 5.866333842E-02 -1.774594635E-01 3.202943364E-03
 8.515293710E-03 -1.000000047E-03 5.896876380E-02 -1.819018722E-01 3.232612740E-03
 2.922663931E-03 -1.000000047E-03 5.931853130E-02 -1.867228448E-01 3.263690276E-03
 -1.658470137E-03 -1.000000047E-03 5.959149450E-02 -1.919214576E-01 3.291209461E-03
 -7.017794065E-03 -1.000000047E-03 5.989506841E-02 -1.976131797E-01 3.325038822E-03
 -1.143954042E-02 -1.000000047E-03 6.013236940E-02 -2.019523978E-01 3.355733817E-03
 -1.667213999E-02 -1.000000047E-03 6.039759889E-02 -2.059824020E-01 3.391271224E-03
 -2.094025351E-02 -1.000000047E-03 6.060070544E-02 -2.101939321E-01 3.423166461E-03
 -2.605391853E-02 -1.000000047E-03 6.082900241E-02 -2.152622640E-01 3.459790023E-03
 -3.020616621E-02 -1.000000047E-03 6.100081280E-02 -2.199253142E-01 3.491933690E-03
 -3.521973640E-02 -1.000000047E-03 6.119332835E-02 -2.249451131E-01 3.524916712E-03
 -3.929555044E-02 -1.000000047E-03 6.133626774E-02 -2.287060767E-01 3.556148848E-03
 -4.413986206E-02 -1.000000047E-03 6.149119139E-02 -2.334672213E-01 3.587105544E-03
 -4.813722521E-02 -1.000000047E-03 6.160574406E-02 -2.376023680E-01 3.615796799E-03
 -5.283994973E-02 -1.000000047E-03 6.172525510E-02 -2.425756603E-01 3.641395364E-03
 -5.669966340E-02 -1.000000047E-03 6.181054935E-02 -2.463056743E-01 3.666304983E-03
 -6.124705076E-02 -1.000000047E-03 6.189560890E-02 -2.502344847E-01 3.689698176E-03
 -6.504745036E-02 -1.000000047E-03 6.195373833E-02 -2.541085184E-01 3.711847123E-03
 -6.950257719E-02 -1.000000047E-03 6.200652197E-02 -2.607453465E-01 3.733926686E-03
 -7.315541804E-02 -1.000000047E-03 6.203674525E-02 -2.637718022E-01 3.754565027E-03
 -7.747071981E-02 -1.000000047E-03 6.205758452E-02 -2.667593956E-01 3.774229670E-03
 -8.105280995E-02 -1.000000047E-03 6.206146628E-02 -2.700220346E-01 3.787853988E-03
 -8.526565880E-02 -1.000000047E-03 6.205134839E-02 -2.751027644E-01 3.800569335E-03
 -8.876276761E-02 -1.000000047E-03 6.202937290E-02 -2.790447176E-01 3.809807356E-03
 -9.281821549E-02 -1.000000047E-03 6.198954582E-02 -2.835563123E-01 3.823136678E-03
 -9.626337886E-02 -1.000000047E-03 6.194208562E-02 -2.876543403E-01 3.829522757E-03
 -1.002249494E-01 -1.000000047E-03 6.187260151E-02 -2.915580273E-01 3.841594560E-03
 -1.036659703E-01 -1.000000047E-03 6.179826334E-02 -2.948770225E-01 3.851213027E-03
 -1.074817330E-01 -1.000000047E-03 6.170073524E-02 -2.998224199E-01 3.864345839E-03
 -1.108453348E-01 -1.000000047E-03 6.160049513E-02 -3.051522374E-01 3.877588315E-03
 -1.145234182E-01 -1.000000047E-03 6.147608161E-02 -3.065554798E-01 3.900115145E-03
 -1.177651808E-01 -1.000000047E-03 6.135198846E-02 -3.108329475E-01 3.898312571E-03
 -1.212400422E-01 -1.000000047E-03 6.120522320E-02 -3.171772361E-01 3.926490899E-03
 -1.249112710E-01 -1.000000047E-03 6.103236601E-02 -3.231326938E-01 3.945312463E-03
 -1.281564683E-01 -1.000000047E-03 6.086493284E-02 -3.241709471E-01 3.964953590E-03
 -1.315257102E-01 -1.000000047E-03 6.067552418E-02 -3.252278864E-01 3.971763887E-03
 -1.346775442E-01 -1.000000047E-03 6.048326939E-02 -3.327422440E-01 3.984387964E-03
 -1.386021972E-01 -1.000000047E-03 6.022461504E-02 -3.410448730E-01 4.002196714E-03
 -1.416596025E-01 -1.000000047E-03 6.000463665E-02 -3.429416120E-01 4.022616427E-03
 -1.449324638E-01 -1.000000047E-03 5.975507200E-02 -3.424641788E-01 4.057288636E-03
 -1.479614973E-01 -1.000000047E-03 5.950553343E-02 -3.469662964E-01 4.092666321E-03
 -1.513066590E-01 -1.000000047E-03 5.921402946E-02 -3.579825163E-01 4.157403950E-03
 -1.541019976E-01 -1.000000047E-03 5.895401165E-02 -3.547560573E-01 4.212488886E-03
 -1.564427167E-01 -1.000000047E-03 5.872317404E-02 -3.512853980E-01 4.223190248E-03
 -1.587730646E-01 -1.000000047E-03 5.848778784E-02 -3.592216969E-01 4.218055867E-03
 -1.613156796E-01 -1.000000047E-03 5.821020529E-02 -3.640813231E-01 4.243183415E-03
 -1.638158858E-01 -1.000000047E-03 5.793347210E-02 -3.720101714E-01 4.311880562E-03
 -1.665131599E-01 -1.000000047E-03 5.761425570E-02 -3.649807274E-01 4.396690056E-03
 -1.680319756E-01 -1.000000047E-03 5.742659792E-02 -3.658737540E-01 4.402879160E-03
 -1.705957502E-01 -1.000000047E-03 5.710253119E-02 -3.795219660E-01 4.401569720E-03
 -1.729334593E-01 -1.000000047E-03 5.678446591E-02 -3.808538616E-01 4.424347077E-03
 -1.755795628E-01 -1.000000047E-03 5.642047524E-02 -3.843625188E-01 4.441538360E-03
 -1.782161444E-01 -1.000000047E-03 5.602895096E-02 -3.884432614E-01 4.484922625E-03
 -1.812048703E-01 -1.000000047E-03 5.557233468E-02 -3.911618292E-01 4.533116706E-03
 -1.838602871E-01 -1.000000047E-03 5.513664335E-02 -3.947165310E-01 4.582762253E-03
 -1.861729771E-01 -1.000000047E-03 5.474710464E-02 -4.006770551E-01 4.655519500E-03
 -1.888019443E-01 -1.000000047E-03 5.427621305E-02 -4.033911228E-01 4.720165394E-03
 -1.905696094E-01 -1.000000047E-03 5.395105481E-02 -4.050023258E-01 4.769321997E-03
 -1.931822747E-01 -1.000000047E-03 5.344420671E-02 -4.055255055E-01 4.834200721E-03
 -1.950058490E-01 -1.000000047E-03 5.307625607E-02 -4.090642035E-01 4.873958416E-03
 -1.975436360E-01 -1.000000047E-03 5.254442990E-02 -4.145882130E-01 4.968389403E-03
 -1.991716772E-01 -1.000000047E-03 5.218287557E-02 -4.137562215E-01 5.020415876E-03
 -2.010702640E-01 -1.000000047E-03 5.175718293E-02 -4.210669994E-01 5.099205766E-03
 -2.030473948E-01 -1.000000047E-03 5.128724501E-02 -4.205558598E-01 5.176902749E-03
 -2.044328749E-01 -1.000000047E-03 5.094986781E-02 -4.238134325E-01 5.239244550E-03
 -2.065871805E-01 -1.000000047E-03 5.040581524E-02 -4.236783981E-01 5.350545514E-03
 -2.076749504E-01 -1.000000047E-03 5.011533201E-02 -4.231600165E-01 5.359595176E-03
 -2.095974535E-01 -1.000000047E-03 4.959926382E-02 -4.290579259E-01 5.383351352E-03
 -2.110257298E-01 -1.000000047E-03 4.919506237E-02 -4.313517809E-01 5.401616916E-03
 -2.133052349E-01 -1.000000047E-03 4.852644727E-02 -4.361841679E-01 5.451993085E-03
 -2.148317397E-01 -1.000000047E-03 4.805948958E-02 -4.379005134E-01 5.504547618E-03
 -2.168965340E-01 -1.000000047E-03 4.739474878E-02 -4.371539950E-01 5.585310515E-03
 -2.183501124E-01 -1.000000047E-03 4.691292346E-02 -4.390429258E-01 5.660475697E-03
 -2.203587443E-01 -1.000000047E-03 4.620294645E-02 -4.414749742E-01 5.755661987E-03
 -2.214928269E-01 -1.000000047E-03 4.579755291E-02 -4.417636096E-01 5.825841799E-03
 -2.226268351E-01 -1.000000047E-03 4.536296427E-02 -4.412077069E-01 5.826881621E-03
 -2.244045585E-01 -1.000000047E-03 4.467152432E-02 -4.367655814E-01 5.901671015E-03
 -2.257869989E-01 -1.000000047E-03 4.409766570E-02 -4.357596040E-01 5.922640208E-03
 -2.273793817E-01 -1.000000047E-03 4.341633990E-02 -4.308181405E-01 6.005220115E-03
 -2.287795842E-01 -1.000000047E-03 4.277886078E-02 -4.311496317E-01 6.038643885E-03
 -2.302497625E-01 -1.000000047E-03 4.208390415E-02 -4.235159755E-01 6.091701332E-03
 -2.315619737E-01 -1.000000047E-03 4.142303020E-02 -4.167584181E-01 6.105531938E-03
 -2.329255491E-01 -1.000000047E-03 4.070773721E-02 -4.091760814E-01 6.133283954E-03
 -2.341827452E-01 -1.000000047E-03 4.000375792E-02 -4.055104554E-01 6.128094625E-03
 -2.354528904E-01 -1.000000047E-03 3.926149383E-02 -3.915873468E-01 6.138985511E-03
 -2.366082221E-01 -1.000000047E-03 3.853821754E-02 -3.835582435E-01 6.107677240E-03
 -2.377576977E-01 -1.000000047E-03 3.778388351E-02 -3.710773289E-01 6.089341827E-03
 -2.388503850E-01 -1.000000047E-03 3.700975701E-02 -3.534031510E-01 6.023855414E-03
 -2.399230897E-01 -1.000000047E-03 3.620971739E-02 -3.309596777E-01 5.960833281E-03
 -2.409286648E-01 -1.000000047E-03 3.539278731E-02 -3.103555739E-01 5.833385047E-03
 -2.418946922E-01 -1.000000047E-03 3.456298634E-02 -2.832381725E-01 5.715659820E-03
 -2.428425848E-01 -1.000000047E-03 3.366697207E-02 -2.536529005E-01 5.530700553E-03
 -2.436918318E-01 -1.000000047E-03 3.281008080E-02 -2.159644663E-01 5.369092338E-03
 -2.445578128E-01 -1.000000047E-03 3.183212131E-02 -1.707970500E-01 5.092013627E-03
 -2.452581376E-01 -1.000000047E-03 3.097602539E-02 -1.263888627E-01 4.863264970E-03
 -2.460488081E-01 -1.000000047E-03 2.987430617E-02 -6.480878592E-02 4.459506832E-03
 -2.465892285E-01 -1.000000047E-03 2.903962880E-02 -7.762754802E-03 4.179032054E-03
 -2.472743541E-01 -1.000000047E-03 2.781069651E-02 7.032995671E-02 3.682445735E-03
 -2.476424575E-01 -1.000000047E-03 2.704792470E-02 1.287355870E-01 3.373214975E-03
 -2.481372207E-01 -1.000000047E-03 2.585106902E-02 2.214745134E-01 2.756282687E-03
 -2.483413965E-01 -1.000000047E-03 2.521313354E-02 2.660006881E-01 2.322220476E-03
 -2.486806810E-01 -1.000000047E-03 2.405330352E-02 3.928909004E-01 1.739232335E-03
 -2.489298135E-01 -1.000000047E-03 2.251598053E-02 4.902087152E-01 1.208260888E-03
 -2.490484715E-01 -1.000000047E-03 2.179136313E-02 5.610305667E-01 1.032624627E-03
 -2.490574270E-01 -1.000000047E-03 2.105708607E-02 5.904977322E-01 7.117391797E-04
 -2.490799576E-01 -1.000000047E-03 1.950416714E-02 7.103832364E-01 2.261069749E-04
 -2.489495128E-01 -1.000000047E-03 1.831190474E-02 7.644985914E-01 -1.890002386E-05
 -2.488577813E-01 -1.000000047E-03 1.763446443E-02 8.092284203E-01 -1.215699594E-04
 -2.485831678E-01 -1.000000047E-03 1.638554223E-02 8.751885891E-01 -2.154762042E-04
 -2.483412176E-01 -1.000000047E-03 1.553107332E-02 8.978935480E-01 -2.517078829E-04
 -2.478838265E-01 -1.000000047E-03 1.421704050E-02 9.359868169E-01 -1.925076795E-04
 -2.474679947E-01 -1.000000047E-03 1.324213110E-02 9.586616755E-01 -1.279910939E-04
 -2.468878329E-01 -1.000000047E-03 1.204149798E-02 9.722847342E-01 3.026830018E-05
 -2.463195920E-01 -1.000000047E-03 1.103580464E-02 9.764261246E-01 1.738154242E-04
 -2.456383407E-01 -1.000000047E-03 9.931917302E-03 9.794408083E-01 3.617489710E-04
 -2.449302375E-01 -1.000000047E-03 8.917286992E-03 9.734189510E-01 5.336776376E-04
 -2.441810519E-01 -1.000000047E-03 7.915178314E-03 9.668431282E-01 7.120922673E-04
 -2.433190197E-01 -1.000000047E-03 6.871250458E-03 9.519631267E-01 8.773726295E-04
 -2.424865514E-01 -1.000000047E-03 5.916683935E-03 9.376178980E-01 1.024673693E-03
 -2.415248901E-01 -1.000000047E-03 4.902673885E-03 9.210187793E-01 1.170033007E-03
 -2.406405210E-01 -1.000000047E-03 4.011805635E-03 9.051027894E-01 1.294438029E-03
 -2.395547926E-01 -1.000000047E-03 2.996979980E-03 8.845145106E-01 1.410667202E-03
 -2.385747135E-01 -1.000000047E-03 2.116628923E-03 8.694170713E-01 1.505080960E-03
 -2.374018133E-01 -1.000000047E-03 1.129045268E-03 8.495406508E-01 1.603243989E-03
 -2.363663316E-01 -1.000000047E-03 2.867504954E-04 8.317909241E-01 1.685113646E-03
 -2.350896299E-01 -1.000000047E-03 -6.936165155E-04 8.074410558E-01 1.764342189E-03
 -2.339564711E-01 -1.000000047E-03 -1.536602853E-03 7.914351821E-01 1.827890403E-03
 -2.325588614E-01 -1.000000047E-03 -2.521821298E-03 7.685566545E-01 1.891267486E-03
 -2.313555181E-01 -1.000000047E-03 -3.345341654E-03 7.520138621E-01 1.947593759E-03
 -2.298527658E-01 -1.000000047E-03 -4.324288573E-03 7.307358980E-01 2.001858084E-03
 -2.285304070E-01 -1.000000047E-03 -5.162120797E-03 7.133899331E-01 2.049316419E-03
 -2.269110382E-01 -1.000000047E-03 -6.143082399E-03 6.923421025E-01 2.098394092E-03
 -2.255244851E-01 -1.000000047E-03 -6.961082108E-03 6.770172119E-01 2.143274294E-03
 -2.238420993E-01 -1.000000047E-03 -7.912743837E-03 6.573057175E-01 2.186236205E-03
 -2.223616987E-01 -1.000000047E-03 -8.729149587E-03 6.434160471E-01 2.224247204E-03
 -2.206422687E-01 -1.000000047E-03 -9.642534889E-03 6.267124414E-01 2.261111978E-03
 -2.191166431E-01 -1.000000047E-03 -1.043350250E-02 6.127575636E-01 2.290405799E-03
 -2.173043936E-01 -1.000000047E-03 -1.134066563E-02 5.976718068E-01 2.314904006E-03
 -2.157035470E-01 -1.000000047E-03 -1.212445553E-02 5.852071643E-01 2.346298192E-03
 -2.134328932E-01 -1.000000047E-03 -1.319306716E-02 5.655717850E-01 2.384352498E-03
 -2.120854408E-01 -1.000000047E-03 -1.382009685E-02 5.549419522E-01 2.417286625E-03
 -2.106335014E-01 -1.000000047E-03 -1.446627546E-02 5.471665859E-01 2.437591320E-03
 -2.081667930E-01 -1.000000047E-03 -1.555595733E-02 5.337865949E-01 2.491380554E-03
 -2.062346041E-01 -1.000000047E-03 -1.637485251E-02 5.219675899E-01 2.510486171E-03
 -2.035863549E-01 -1.000000047E-03 -1.747403108E-02 5.069495440E-01 2.547500189E-03
 -2.015168816E-01 -1.000000047E-03 -1.830544509E-02 4.950330853E-01 2.572951606E-03
 -1.984838098E-01 -1.000000047E-03 -1.948734187E-02 4.826255739E-01 2.605287125E-03
 -1.965222955E-01 -1.000000047E-03 -2.023528889E-02 4.731405079E-01 2.623806009E-03
 -1.938295811E-01 -1.000000047E-03 -2.122421749E-02 4.695507884E-01 2.671186347E-03
 -1.920423359E-01 -1.000000047E-03 -2.187752165E-02 4.616849720E-01 2.694573486E-03
 -1.888798773E-01 -1.000000047E-03 -2.299000882E-02 4.449885786E-01 2.658079378E-03
 -1.864547282E-01 -1.000000047E-03 -2.382107265E-02 4.336054027E-01 2.630661707E-03
 -1.829178631E-01 -1.000000047E-03 -2.500493266E-02 4.181651473E-01 2.627323614E-03
 -1.796067357E-01 -1.000000047E-03 -2.606702223E-02 4.091640115E-01 2.606625902E-03
 -1.768441051E-01 -1.000000047E-03 -2.694743127E-02 3.983238637E-01 2.620093990E-03
 -1.744661182E-01 -1.000000047E-03 -2.767090686E-02 3.908462226E-01 2.624555491E-03
 -1.695444882E-01 -1.000000047E-03 -2.915062010E-02 3.773182034E-01 2.633789554E-03
 -1.661070287E-01 -1.000000047E-03 -3.014005348E-02 3.744346797E-01 2.635185141E-03
 -1.629061997E-01 -1.000000047E-03 -3.104564361E-02 3.666013777E-01 2.644063206E-03
 -1.591815203E-01 -1.000000047E-03 -3.206750378E-02 3.540348411E-01 2.650235780E-03
 -1.549668908E-01 -1.000000047E-03 -3.319255635E-02 3.459092975E-01 2.632955089E-03
 -1.509831399E-01 -1.000000047E-03 -3.422372043E-02 3.399499655E-01 2.627141774E-03
 -1.469001174E-01 -1.000000047E-03 -3.525410220E-02 3.315602243E-01 2.635153709E-03
 -1.430404335E-01 -1.000000047E-03 -3.619920835E-02 3.238939643E-01 2.635809826E-03
 -1.388527602E-01 -1.000000047E-03 -3.720013797E-02 3.170700371E-01 2.636337886E-03
 -1.348899305E-01 -1.000000047E-03 -3.812072799E-02 3.118472397E-01 2.632783493E-03
 -1.307187676E-01 -1.000000047E-03 -3.906697407E-02 3.060657084E-01 2.637187485E-03
 -1.265968680E-01 -1.000000047E-03 -3.997629508E-02 3.013505638E-01 2.634456148E-03
 -1.225758940E-01 -1.000000047E-03 -4.084272683E-02 2.967795730E-01 2.643218264E-03
 -1.181129664E-01 -1.000000047E-03 -4.177860916E-02 2.912662327E-01 2.647782443E-03
 -1.142102480E-01 -1.000000047E-03 -4.257795960E-02 2.869623899E-01 2.655250253E-03
 -1.096719056E-01 -1.000000047E-03 -4.348339513E-02 2.822893858E-01 2.652534982E-03
 -1.057646126E-01 -1.000000047E-03 -4.424462840E-02 2.782999575E-01 2.660103608E-03
 -1.010218561E-01 -1.000000047E-03 -4.514530301E-02 2.729830146E-01 2.657418605E-03
 -9.697849303E-02 -1.000000047E-03 -4.589521512E-02 2.697322369E-01 2.670313697E-03
 -9.207799286E-02 -1.000000047E-03 -4.678034782E-02 2.664356232E-01 2.681390150E-03
 -8.812180161E-02 -1.000000047E-03 -4.747875407E-02 2.625376284E-01 2.695293399E-03
 -8.308518678E-02 -1.000000047E-03 -4.834469780E-02 2.574612498E-01 2.700076438E-03
 -7.909454405E-02 -1.000000047E-03 -4.901491478E-02 2.546758056E-01 2.711448586E-03
 -7.398660481E-02 -1.000000047E-03 -4.985109344E-02 2.517441809E-01 2.715708455E-03
 -6.987496465E-02 -1.000000047E-03 -5.050787330E-02 2.487314194E-01 2.725053113E-03
 -6.469648331E-02 -1.000000047E-03 -5.131482705E-02 2.447857410E-01 2.729102969E-03
 -6.033908203E-02 -1.000000047E-03 -5.197657645E-02 2.418935299E-01 2.737247385E-03
 -5.512816086E-02 -1.000000047E-03 -5.274879932E-02 2.394253165E-01 2.744031837E-03
 -5.062766746E-02 -1.000000047E-03 -5.339858308E-02 2.369391918E-01 2.751536202E-03
 -4.534953833E-02 -1.000000047E-03 -5.414192006E-02 2.340566963E-01 2.758212853E-03
 -4.052333906E-02 -1.000000047E-03 -5.480351672E-02 2.309780717E-01 2.761819400E-03
 -3.519069031E-02 -1.000000047E-03 -5.551635846E-02 2.278687209E-01 2.763121389E-03
 -3.010573797E-02 -1.000000047E-03 -5.617685243E-02 2.256745845E-01 2.764165867E-03
 -2.455767430E-02 -1.000000047E-03 -5.687939376E-02 2.226716280E-01 2.764909528E-03
 -1.934364811E-02 -1.000000047E-03 -5.752035230E-02 2.205456197E-01 2.768174279E-03
 -1.361313183E-02 -1.000000047E-03 -5.820633471E-02 2.188183516E-01 2.771464642E-03
 -8.352547884E-03 -1.000000047E-03 -5.881783366E-02 2.179028988E-01 2.776416251E-03
 -2.323399531E-03 -1.000000047E-03 -5.949899182E-02 2.156162113E-01 2.778993221E-03
 2.973643597E-03 -1.000000047E-03 -6.008063257E-02 2.140477449E-01 2.781569259E-03
 9.244851768E-03 -1.000000047E-03 -6.074840203E-02 2.125670165E-01 2.780224429E-03
 1.455490850E-02 -1.000000047E-03 -6.129822880E-02 2.114688456E-01 2.777285874E-03
 2.108389325E-02 -1.000000047E-03 -6.195257977E-02 2.097413391E-01 2.772030188E-03
 2.652737126E-02 -1.000000047E-03 -6.248268858E-02 2.074319869E-01 2.764922800E-03
 3.321656585E-02 -1.000000047E-03 -6.311264634E-02 2.064866722E-01 2.754280111E-03
 3.875277564E-02 -1.000000047E-03 -6.361845136E-02 2.052523494E-01 2.743252320E-03
 4.564364627E-02 -1.000000047E-03 -6.422702968E-02 2.049602419E-01 2.728725551E-03
 5.154658854E-02 -1.000000047E-03 -6.473150849E-02 2.040037960E-01 2.714649076E-03
 5.868262425E-02 -1.000000047E-03 -6.532042474E-02 2.001363635E-01 2.695797710E-03
 6.490855664E-02 -1.000000047E-03 -6.581632048E-02 1.983186901E-01 2.677595709E-03
 7.229119539E-02 -1.000000047E-03 -6.638347358E-02 1.992612928E-01 2.653709147E-03
 7.860069722E-02 -1.000000047E-03 -6.685081869E-02 1.986650229E-01 2.634831704E-03
 8.618837595E-02 -1.000000047E-03 -6.739129126E-02 1.974301338E-01 2.614420373E-03
 9.256950021E-02 -1.000000047E-03 -6.782969832E-02 1.983089745E-01 2.597500803E-03
 1.005078852E-01 -1.000000047E-03 -6.835208088E-02 1.968283653E-01 2.583034569E-03
 1.072192490E-01 -1.000000047E-03 -6.877735257E-02 1.969674975E-01 2.563795075E-03
 1.154650003E-01 -1.000000047E-03 -6.927630305E-02 1.979451329E-01 2.545486670E-03
 1.222613156E-01 -1.000000047E-03 -6.967113912E-02 1.977920979E-01 2.526067430E-03
 1.308207363E-01 -1.000000047E-03 -7.014504820E-02 1.974919140E-01 2.502001822E-03
 1.376767606E-01 -1.000000047E-03 -7.050833106E-02 1.977013350E-01 2.480263356E-03
 1.465261132E-01 -1.000000047E-03 -7.095440477E-02 1.973230392E-01 2.453288296E-03
 1.536036134E-01 -1.000000047E-03 -7.129458338E-02 1.976558119E-01 2.428060398E-03
 1.627610624E-01 -1.000000047E-03 -7.171157002E-02 1.977466047E-01 2.399774268E-03
 1.703316420E-01 -1.000000047E-03 -7.203906029E-02 1.980600953E-01 2.374683972E-03
 1.799357533E-01 -1.000000047E-03 -7.243014872E-02 1.993646026E-01 2.346289344E-03
 1.878156960E-01 -1.000000047E-03 -7.273335755E-02 1.997566968E-01 2.320078900E-03
 1.977317333E-01 -1.000000047E-03 -7.309012115E-02 2.000408024E-01 2.288889838E-03
 2.057795078E-01 -1.000000047E-03 -7.336220145E-02 2.011230141E-01 2.260563429E-03
 2.160571069E-01 -1.000000047E-03 -7.368459553E-02 2.022862583E-01 2.227998106E-03
 2.244816124E-01 -1.000000047E-03 -7.393093407E-02 2.035913169E-01 2.198587405E-03
 2.351329774E-01 -1.000000047E-03 -7.421702892E-02 2.050384581E-01 2.163972240E-03
 2.439446747E-01 -1.000000047E-03 -7.443520427E-02 2.060632706E-01 2.131859772E-03
 2.553138435E-01 -1.000000047E-03 -7.468970120E-02 2.076295763E-01 2.095799660E-03
 2.657750249E-01 -1.000000047E-03 -7.490038872E-02 2.090208381E-01 2.061139094E-03
 2.776114047E-01 -1.000000047E-03 -7.511217892E-02 2.108486593E-01 2.019801410E-03
 2.877348065E-01 -1.000000047E-03 -7.526975870E-02 2.129994929E-01 1.981974579E-03
 3.000613749E-01 -1.000000047E-03 -7.543551922E-02 2.157285511E-01 1.941478113E-03
 3.106493652E-01 -1.000000047E-03 -7.555449009E-02 2.167350501E-01 1.903911354E-03
 3.233598769E-01 -1.000000047E-03 -7.567001134E-02 2.192218304E-01 1.862947014E-03
 3.342132866E-01 -1.000000047E-03 -7.574567944E-02 2.226450294E-01 1.827458269E-03
 3.472818732E-01 -1.000000047E-03 -7.580956072E-02 2.265723944E-01 1.787942951E-03
 3.580664098E-01 -1.000000047E-03 -7.584050298E-02 2.292999476E-01 1.753620338E-03
 3.715072274E-01 -1.000000047E-03 -7.585150748E-02 2.321761698E-01 1.714503742E-03
 3.830236793E-01 -1.000000047E-03 -7.583841681E-02 2.351874113E-01 1.680531306E-03
 3.971411288E-01 -1.000000047E-03 -7.579332590E-02 2.394857407E-01 1.641866285E-03
 4.090372324E-01 -1.000000047E-03 -7.573194057E-02 2.424148172E-01 1.609330298E-03
 4.236202836E-01 -1.000000047E-03 -7.562682778E-02 2.477105409E-01 1.573969261E-03
 4.357636273E-01 -1.000000047E-03 -7.551566511E-02 2.519528568E-01 1.544991159E-03
 4.508826733E-01 -1.000000047E-03 -7.534621656E-02 2.566554248E-01 1.513792085E-03
 4.635996521E-01 -1.000000047E-03 -7.517901808E-02 2.607148588E-01 1.488192123E-03
 4.791953862E-01 -1.000000047E-03 -7.494150102E-02 2.668563128E-01 1.459636725E-03
 4.921790659E-01 -1.000000047E-03 -7.471897453E-02 2.735100389E-01 1.437300700E-03
 5.084627271E-01 -1.000000047E-03 -7.440460473E-02 2.786430120E-01 1.412818558E-03
 5.218443871E-01 -1.000000047E-03 -7.412112504E-02 2.816756368E-01 1.393365674E-03
 5.388377309E-01 -1.000000047E-03 -7.372187823E-02 2.921211720E-01 1.371969120E-03
 5.522170663E-01 -1.000000047E-03 -7.338102907E-02 2.986558080E-01 1.354491687E-03
 5.700355172E-01 -1.000000047E-03 -7.288561016E-02 3.048972189E-01 1.331112464E-03
 5.841155052E-01 -1.000000047E-03 -7.246164232E-02 3.118145764E-01 1.315001631E-03
 6.026681066E-01 -1.000000047E-03 -7.186120003E-02 3.250618577E-01 1.285657985E-03
 6.198281050E-01 -1.000000047E-03 -7.125321031E-02 3.357744813E-01 1.269267988E-03
 6.371439695E-01 -1.000000047E-03 -7.060919702E-02 3.383288682E-01 1.235119766E-03
 6.526724100E-01 -1.000000047E-03 -6.997768581E-02 3.502312303E-01 1.227354282E-03
 6.661659479E-01 -1.000000047E-03 -6.941298395E-02 3.591706753E-01 1.220889273E-03
 6.770742536E-01 -1.000000047E-03 -6.892563403E-02 3.651619852E-01 1.206484856E-03
 6.881048083E-01 -1.000000047E-03 -6.842076778E-02 3.820061684E-01 1.174395089E-03
 6.964349747E-01 -1.000000047E-03 -6.802369654E-02 3.821714520E-01 1.159819192E-03
 7.048271298E-01 -1.000000047E-03 -6.761880219E-02 4.137979150E-01 1.151977922E-03
 7.081570029E-01 -1.000000047E-03 -6.745233387E-02 4.174195528E-01 1.130700810E-03
 7.151172757E-01 -1.000000047E-03 -6.709627062E-02 3.987433016E-01 1.007347950E-03
 7.184918523E-01 -1.000000047E-03 -6.692202389E-02 4.087563455E-01 9.225203539E-04
 7.236716151E-01 -1.000000047E-03 -6.664831191E-02 4.086135328E-01 8.486651350E-04
 7.285041809E-01 -1.000000047E-03 -6.639254838E-02 4.146494567E-01 8.054442005E-04
 7.320890427E-01 -1.000000047E-03 -6.620071828E-02 4.254033267E-01 7.807471557E-04
 7.349552512E-01 -1.000000047E-03 -6.604567170E-02 4.266963303E-01 7.129998412E-04
 7.374085188E-01 -1.000000047E-03 -6.590902805E-02 4.194435477E-01 6.450274377E-04
 7.399726510E-01 -1.000000047E-03 -6.576825678E-02 4.367817044E-01 6.315673818E-04
 7.417624593E-01 -1.000000047E-03 -6.566987187E-02 4.331704080E-01 6.070470554E-04
 7.429656386E-01 -1.000000047E-03 -6.560301781E-02 4.434592128E-01 6.178873009E-04
 7.449560165E-01 -1.000000047E-03 -6.549018621E-02 4.379314184E-01 7.065294776E-04
 7.460919023E-01 -1.000000047E-03 -6.542579830E-02 4.243204594E-01 7.624081336E-04
 7.471460104E-01 -1.000000047E-03 -6.536680460E-02 4.134508967E-01 7.881211350E-04
ZONE T="Slice: Y=-0.035"
 STRANDID=0, SOLUTIONTIME=0
 I=290, J=1, K=1, ZONETYPE=Ordered
 DATAPACKING=POINT
 DT=(SINGLE SINGLE SINGLE SINGLE SINGLE )
 7.471460104E-01 -3.500000015E-02 -6.536680460E-02 4.082282186E-01 2.265735529E-03
 7.451788783E-01 -3.500000015E-02 -6.490331888E-02 4.332125783E-01 1.236702083E-03
 7.449694872E-01 -3.500000015E-02 -6.485396624E-02 4.353422225E-01 1.113163307E-03
 7.448219657E-01 -3.500000015E-02 -6.481926888E-02 4.361644983E-01 1.072456245E-03
 7.420462966E-01 -3.500000015E-02 -6.416667998E-02 4.321111143E-01 4.501524963E-04
 7.402704358E-01 -3.500000015E-02 -6.375016272E-02 4.292456210E-01 3.447787603E-04
 7.367230654E-01 -3.500000015E-02 -6.291955709E-02 4.237888157E-01 2.648989612E-04
 7.354165316E-01 -3.500000015E-02 -6.261418015E-02 4.218331873E-01 2.614923869E-04
 7.266538143E-01 -3.500000015E-02 -6.057529524E-02 4.125433266E-01 3.314571222E-04
 7.260779738E-01 -3.500000015E-02 -6.044163555E-02 4.119633734E-01 3.349608451E-04
 7.250963449E-01 -3.500000015E-02 -6.021525338E-02 4.109703004E-01 3.459351137E-04
 7.154911757E-01 -3.500000015E-02 -5.799863115E-02 4.005792439E-01 4.522827221E-04
 7.022985220E-01 -3.500000015E-02 -5.498760939E-02 3.869829476E-01 5.462353583E-04
 6.995323896E-01 -3.500000015E-02 -5.435579643E-02 3.839997649E-01 5.660420284E-04
 6.977134347E-01 -3.500000015E-02 -5.394384265E-02 3.825141788E-01 5.778713967E-04
 6.860116124E-01 -3.500000015E-02 -5.132414028E-02 3.718122244E-01 6.406459142E-04
 6.697753668E-01 -3.500000015E-02 -4.768468067E-02 3.571794927E-01 7.234145887E-04
 6.662241817E-01 -3.500000015E-02 -4.689963534E-02 3.540322483E-01 7.375646965E-04
 6.311622262E-01 -3.500000015E-02 -3.925128654E-02 3.241582513E-01 8.919909596E-04
 6.289696693E-01 -3.500000015E-02 -3.877769783E-02 3.221811056E-01 9.020207799E-04
 6.239950657E-01 -3.500000015E-02 -3.772359341E-02 3.182044625E-01 9.218104533E-04
 5.963713527E-01 -3.500000015E-02 -3.185559064E-02 2.955078483E-01 1.043338445E-03
 5.795162320E-01 -3.500000015E-02 -2.835335210E-02 2.830422223E-01 1.101506874E-03
 5.619485378E-01 -3.500000015E-02 -2.472576313E-02 2.702960670E-01 1.154927188E-03
 5.342007279E-01 -3.500000015E-02 -1.911344193E-02 2.497624606E-01 1.229951740E-03
 5.214487910E-01 -3.500000015E-02 -1.656308398E-02 2.406965643E-01 1.266896375E-03
 4.911304712E-01 -3.500000015E-02 -1.061137393E-02 2.200885266E-01 1.344486838E-03
 4.781210124E-01 -3.500000015E-02 -8.105850779E-03 2.108784616E-01 1.376341679E-03
 4.560317397E-01 -3.500000015E-02 -3.884559264E-03 1.946411431E-01 1.440104446E-03
 4.386170506E-01 -3.500000015E-02 -6.284520496E-04 1.819762588E-01 1.483415836E-03
 4.253648818E-01 -3.500000015E-02 1.830834663E-03 1.713637710E-01 1.520307036E-03
 4.110010564E-01 -3.500000015E-02 4.457673524E-03 1.601884812E-01 1.564039383E-03
 3.976173997E-01 -3.500000015E-02 6.877463311E-03 1.508523524E-01 1.606843900E-03
 3.830596507E-01 -3.500000015E-02 9.474968538E-03 1.404380798E-01 1.647432218E-03
 3.646922410E-01 -3.500000015E-02 1.269652788E-02 1.260773987E-01 1.696711988E-03
 3.551696539E-01 -3.500000015E-02 1.435566042E-02 1.180603951E-01 1.728896750E-03
 3.466835320E-01 -3.500000015E-02 1.580163650E-02 1.116319150E-01 1.751807518E-03
 3.272216022E-01 -3.500000015E-02 1.910190098E-02 9.589291364E-02 1.812865376E-03
 3.167935908E-01 -3.500000015E-02 2.083377168E-02 8.772709221E-02 1.846972154E-03
 2.992658913E-01 -3.500000015E-02 2.370311134E-02 7.312187552E-02 1.910526771E-03
 2.915013134E-01 -3.500000015E-02 2.495460585E-02 6.634086370E-02 1.936817076E-03
 2.686358392E-01 -3.500000015E-02 2.856738120E-02 4.833822697E-02 2.018514089E-03
 2.680936456E-01 -3.500000015E-02 2.865209617E-02 4.789884016E-02 2.020517364E-03
 2.673250735E-01 -3.500000015E-02 2.876884304E-02 4.722438008E-02 2.022848232E-03
 2.451450378E-01 -3.500000015E-02 3.215524554E-02 2.722670324E-02 2.100485377E-03
 2.313925326E-01 -3.500000015E-02 3.419060633E-02 1.516645215E-02 2.151601017E-03
 2.218945473E-01 -3.500000015E-02 3.558064252E-02 6.073353812E-03 2.189124003E-03
 2.018554062E-01 -3.500000015E-02 3.841970488E-02 -1.130189840E-02 2.277239924E-03
 1.990482360E-01 -3.500000015E-02 3.881517053E-02 -1.351606287E-02 2.292005811E-03
 1.961417794E-01 -3.500000015E-02 3.921072185E-02 -1.619693451E-02 2.302541165E-03
 1.766131669E-01 -3.500000015E-02 4.185045883E-02 -3.392039239E-02 2.380028833E-03
 1.683803499E-01 -3.500000015E-02 4.292400926E-02 -4.158075899E-02 2.421690384E-03
 1.569849700E-01 -3.500000015E-02 4.438623041E-02 -5.283429101E-02 2.486994024E-03
 1.456390023E-01 -3.500000015E-02 4.579581320E-02 -6.337341666E-02 2.543627983E-03
 1.374893188E-01 -3.500000015E-02 4.678643867E-02 -7.042017579E-02 2.584070666E-03
 1.245167479E-01 -3.500000015E-02 4.831257090E-02 -8.247803897E-02 2.646840177E-03
 1.170518845E-01 -3.500000015E-02 4.916575924E-02 -8.953067660E-02 2.683569444E-03
 1.033181101E-01 -3.500000015E-02 5.068023130E-02 -1.016505659E-01 2.746547572E-03
 9.476260841E-02 -3.500000015E-02 5.158963799E-02 -1.100163534E-01 2.788981656E-03
 8.296208829E-02 -3.500000015E-02 5.279596522E-02 -1.233708858E-01 2.856371691E-03
 7.708581537E-02 -3.500000015E-02 5.337648466E-02 -1.288159937E-01 2.895898884E-03
 6.679906696E-02 -3.500000015E-02 5.435514823E-02 -1.377892047E-01 2.966266125E-03
 6.160406768E-02 -3.500000015E-02 5.483318120E-02 -1.427707672E-01 2.999857068E-03
 5.176048726E-02 -3.500000015E-02 5.570293590E-02 -1.525406837E-01 3.061734606E-03
 4.707092419E-02 -3.500000015E-02 5.610289797E-02 -1.575234681E-01 3.090732498E-03
 3.762740269E-02 -3.500000015E-02 5.687390640E-02 -1.662823111E-01 3.153275466E-03
 3.338356316E-02 -3.500000015E-02 5.720737949E-02 -1.706357598E-01 3.184112255E-03
 2.418976650E-02 -3.500000015E-02 5.789586529E-02 -1.785527915E-01 3.252484137E-03
 1.960730180E-02 -3.500000015E-02 5.822301283E-02 -1.834467202E-01 3.289122367E-03
 1.109616645E-02 -3.500000015E-02 5.880113691E-02 -1.953986883E-01 3.363902681E-03
 5.484315101E-03 -3.500000015E-02 5.915729702E-02 -2.011670172E-01 3.412977327E-03
 -1.488573384E-03 -3.500000015E-02 5.958227441E-02 -2.050454021E-01 3.476644401E-03
 -8.706736378E-03 -3.500000015E-02 5.998573452E-02 -2.145231217E-01 3.551970702E-03
 -1.135084778E-02 -3.500000015E-02 6.012821943E-02 -2.178676724E-01 3.572508693E-03
 -1.932655834E-02 -3.500000015E-02 6.052554026E-02 -2.194111347E-01 3.616659902E-03
 -2.120596543E-02 -3.500000015E-02 6.061278656E-02 -2.213740349E-01 3.626651363E-03
 -3.112933971E-02 -3.500000015E-02 6.103613228E-02 -2.339627594E-01 3.665775061E-03
 -3.399764374E-02 -3.500000015E-02 6.114897504E-02 -2.362842411E-01 3.688878613E-03
 -3.718275949E-02 -3.500000015E-02 6.125396118E-02 -2.397201657E-01 3.703938797E-03
 -4.715222493E-02 -3.500000015E-02 6.157905608E-02 -2.515112758E-01 3.781955922E-03
 -5.237971619E-02 -3.500000015E-02 6.171097234E-02 -2.575198710E-01 3.821119200E-03
 -5.924270675E-02 -3.500000015E-02 6.185806170E-02 -2.642319500E-01 3.882856807E-03
 -6.404919922E-02 -3.500000015E-02 6.193909794E-02 -2.697972357E-01 3.927529324E-03
 -7.262294739E-02 -3.500000015E-02 6.202600524E-02 -2.781929076E-01 3.992811311E-03
 -7.542659342E-02 -3.500000015E-02 6.205107272E-02 -2.806282043E-01 4.026864655E-03
 -7.795517892E-02 -3.500000015E-02 6.205572933E-02 -2.827053368E-01 4.044980742E-03
 -8.950746804E-02 -3.500000015E-02 6.202186644E-02 -2.955504060E-01 4.140662495E-03
 -9.064737707E-02 -3.500000015E-02 6.201456115E-02 -2.966347635E-01 4.148665350E-03
 -9.272865206E-02 -3.500000015E-02 6.197993830E-02 -2.997351587E-01 4.165848717E-03
 -1.030518487E-01 -3.500000015E-02 6.181409582E-02 -3.131665587E-01 4.253990483E-03
 -1.100932285E-01 -3.500000015E-02 6.161270663E-02 -3.212820888E-01 4.324070178E-03
 -1.137091592E-01 -3.500000015E-02 6.150607020E-02 -3.250816762E-01 4.359351937E-03
 -1.214927137E-01 -3.500000015E-02 6.117823720E-02 -3.318595290E-01 4.420907237E-03
 -1.245837361E-01 -3.500000015E-02 6.104977801E-02 -3.345658779E-01 4.444171675E-03
 -1.258972138E-01 -3.500000015E-02 6.097602099E-02 -3.368957043E-01 4.455643706E-03
 -1.353226453E-01 -3.500000015E-02 6.044266000E-02 -3.566466570E-01 4.578779917E-03
 -1.403480619E-01 -3.500000015E-02 6.009862572E-02 -3.584783375E-01 4.616736434E-03
 -1.487207264E-01 -3.500000015E-02 5.943493173E-02 -3.719542623E-01 4.719876684E-03
 -1.501866281E-01 -3.500000015E-02 5.931542814E-02 -3.748416901E-01 4.735742230E-03
 -1.514996737E-01 -3.500000015E-02 5.918978155E-02 -3.771851361E-01 4.754334223E-03
 -1.594837606E-01 -3.500000015E-02 5.841100961E-02 -3.955683112E-01 4.874540959E-03
 -1.639082134E-01 -3.500000015E-02 5.791357160E-02 -4.010296166E-01 4.937448539E-03
 -1.687837839E-01 -3.500000015E-02 5.732834339E-02 -4.053704441E-01 5.002147518E-03
 -1.737767309E-01 -3.500000015E-02 5.666721612E-02 -4.137217999E-01 5.067007151E-03
 -1.792238951E-01 -3.500000015E-02 5.587107688E-02 -4.262141585E-01 5.143934395E-03
 -1.830359250E-01 -3.500000015E-02 5.527289212E-02 -4.360203445E-01 5.212299526E-03
 -1.891169250E-01 -3.500000015E-02 5.421302468E-02 -4.462594688E-01 5.321096629E-03
 -1.911999732E-01 -3.500000015E-02 5.382941291E-02 -4.505797923E-01 5.359402392E-03
 -1.966615617E-01 -3.500000015E-02 5.271440744E-02 -4.692332149E-01 5.475946702E-03
 -1.981526762E-01 -3.500000015E-02 5.241261423E-02 -4.741230309E-01 5.507433787E-03
 -1.986919791E-01 -3.500000015E-02 5.229062214E-02 -4.753640294E-01 5.526019260E-03
 -2.038818300E-01 -3.500000015E-02 5.108487234E-02 -4.882571995E-01 5.677902140E-03
 -2.059184462E-01 -3.500000015E-02 5.057207122E-02 -4.942466915E-01 5.721234251E-03
 -2.092141360E-01 -3.500000015E-02 4.970065504E-02 -5.008519888E-01 5.786686204E-03
 -2.117446363E-01 -3.500000015E-02 4.898481816E-02 -5.080689192E-01 5.832643248E-03
 -2.142289430E-01 -3.500000015E-02 4.824257270E-02 -5.183618069E-01 5.888668820E-03
 -2.169152796E-01 -3.500000015E-02 4.738852009E-02 -5.255435109E-01 5.950110964E-03
 -2.185349315E-01 -3.500000015E-02 4.684882239E-02 -5.292835832E-01 6.022913381E-03
 -2.212327868E-01 -3.500000015E-02 4.588995129E-02 -5.469254255E-01 6.110103801E-03
 -2.217327356E-01 -3.500000015E-02 4.570868239E-02 -5.483749509E-01 6.116279867E-03
 -2.228819132E-01 -3.500000015E-02 4.526124150E-02 -5.500465035E-01 6.156928837E-03
 -2.244659364E-01 -3.500000015E-02 4.464761913E-02 -5.484284759E-01 6.223773584E-03
 -2.250045389E-01 -3.500000015E-02 4.442562163E-02 -5.511142015E-01 6.229391787E-03
 -2.271309197E-01 -3.500000015E-02 4.352577776E-02 -5.521914959E-01 6.215858739E-03
 -2.278042734E-01 -3.500000015E-02 4.322707281E-02 -5.517545938E-01 6.213156506E-03
 -2.300167680E-01 -3.500000015E-02 4.219616950E-02 -5.546742082E-01 6.209380459E-03
 -2.303202301E-01 -3.500000015E-02 4.205192626E-02 -5.552254915E-01 6.199805066E-03
 -2.306796759E-01 -3.500000015E-02 4.186809435E-02 -5.541110039E-01 6.200814620E-03
 -2.326109558E-01 -3.500000015E-02 4.088014737E-02 -5.534431934E-01 6.246552803E-03
 -2.339698523E-01 -3.500000015E-02 4.012592882E-02 -5.570226312E-01 6.259793881E-03
 -2.344126999E-01 -3.500000015E-02 3.987903520E-02 -5.547478795E-01 6.256408989E-03
 -2.351372391E-01 -3.500000015E-02 3.944415599E-02 -5.516104102E-01 6.243671756E-03
 -2.360765338E-01 -3.500000015E-02 3.888171166E-02 -5.441164374E-01 6.236928515E-03
 -2.366032153E-01 -3.500000015E-02 3.854098544E-02 -5.419883132E-01 6.199059077E-03
 -2.376358509E-01 -3.500000015E-02 3.787023947E-02 -5.352066159E-01 6.169025321E-03
 -2.387756556E-01 -3.500000015E-02 3.707180172E-02 -5.232211351E-01 6.142408587E-03
 -2.388822734E-01 -3.500000015E-02 3.699636087E-02 -5.222738981E-01 6.135453004E-03
 -2.402557582E-01 -3.500000015E-02 3.594760597E-02 -4.806082845E-01 5.852425471E-03
 -2.403806299E-01 -3.500000015E-02 3.585234657E-02 -4.768010080E-01 5.826284178E-03
 -2.403898239E-01 -3.500000015E-02 3.584475443E-02 -4.765986800E-01 5.824937019E-03
 -2.420792878E-01 -3.500000015E-02 3.440061584E-02 -4.261092246E-01 5.540461279E-03
 -2.432471514E-01 -3.500000015E-02 3.324571252E-02 -3.781511784E-01 5.310158245E-03
 -2.438121140E-01 -3.500000015E-02 3.268747404E-02 -3.546591997E-01 5.195475649E-03
 -2.443402708E-01 -3.500000015E-02 3.206704184E-02 -3.159988225E-01 5.037900992E-03
 -2.453052849E-01 -3.500000015E-02 3.092328273E-02 -2.407205254E-01 4.736971110E-03
 -2.463886142E-01 -3.500000015E-02 2.935234457E-02 -1.238815114E-01 4.208158702E-03
 -2.465371788E-01 -3.500000015E-02 2.913806215E-02 -1.078716218E-01 4.135677125E-03
 -2.466299683E-01 -3.500000015E-02 2.896941081E-02 -9.266638011E-02 4.059360363E-03
 -2.474646717E-01 -3.500000015E-02 2.744832262E-02 4.568978399E-02 3.359753173E-03
 -2.481724471E-01 -3.500000015E-02 2.574632131E-02 2.218326330E-01 2.459600102E-03
 -2.482139319E-01 -3.500000015E-02 2.564677782E-02 2.322641313E-01 2.407951746E-03
 -2.482454479E-01 -3.500000015E-02 2.553437836E-02 2.439217716E-01 2.350653987E-03
 -2.487626374E-01 -3.500000015E-02 2.369058691E-02 4.347982109E-01 1.390682533E-03
 -2.490540594E-01 -3.500000015E-02 2.166187763E-02 6.313440204E-01 5.097837420E-04
 -2.490653694E-01 -3.500000015E-02 2.158184536E-02 6.388761997E-01 4.745070182E-04
 -2.490652800E-01 -3.500000015E-02 2.147681266E-02 6.467089057E-01 4.444045480E-04
 -2.490714639E-01 -3.500000015E-02 1.937107742E-02 8.020380735E-01 -1.764999906E-04
 -2.489115000E-01 -3.500000015E-02 1.803041808E-02 8.659241796E-01 -4.052336735E-04
 -2.488321215E-01 -3.500000015E-02 1.749849133E-02 8.903718591E-01 -4.652642529E-04
 -2.485232055E-01 -3.500000015E-02 1.612853259E-02 9.566310644E-01 -5.041540135E-04
 -2.480793148E-01 -3.500000015E-02 1.477330830E-02 9.895070195E-01 -3.880599979E-04
 -2.479196787E-01 -3.500000015E-02 1.429079473E-02 9.996650219E-01 -3.389258345E-04
 -2.477779239E-01 -3.500000015E-02 1.396573428E-02 1.002588987E+00 -2.863578266E-04
 -2.470123321E-01 -3.500000015E-02 1.227300987E-02 1.011970282E+00 -2.267914169E-06
 -2.462398708E-01 -3.500000015E-02 1.091569290E-02 1.001626372E+00 2.687570814E-04
 -2.458084226E-01 -3.500000015E-02 1.018771250E-02 9.963514209E-01 4.091759329E-04
 -2.444320172E-01 -3.500000015E-02 8.248878643E-03 9.652621150E-01 7.427862147E-04
 -2.443030924E-01 -3.500000015E-02 8.065482602E-03 9.624083638E-01 7.741069421E-04
 -2.442522049E-01 -3.500000015E-02 8.003154770E-03 9.612451792E-01 7.843757630E-04
 -2.426502705E-01 -3.500000015E-02 6.094513927E-03 9.218164682E-01 1.102359965E-03
 -2.420193702E-01 -3.500000015E-02 5.423490424E-03 9.062325954E-01 1.200040337E-03
 -2.409825772E-01 -3.500000015E-02 4.345296882E-03 8.816108108E-01 1.346634119E-03
 -2.396927625E-01 -3.500000015E-02 3.121098038E-03 8.491153717E-01 1.473591314E-03
 -2.392910570E-01 -3.500000015E-02 2.747994848E-03 8.392208815E-01 1.510656555E-03
 -2.382363975E-01 -3.500000015E-02 1.838141819E-03 8.211497068E-01 1.603145152E-03
 -2.375829965E-01 -3.500000015E-02 1.271241810E-03 8.096293211E-01 1.662020688E-03
 -2.372869104E-01 -3.500000015E-02 1.030469546E-03 8.031213880E-01 1.684120158E-03
 -2.359201610E-01 -3.500000015E-02 -6.515504356E-05 7.708034515E-01 1.782150939E-03
 -2.346513271E-01 -3.500000015E-02 -1.021501143E-03 7.517141700E-01 1.808696194E-03
 -2.341314256E-01 -3.500000015E-02 -1.412039390E-03 7.442748547E-01 1.814119867E-03
 -2.334419638E-01 -3.500000015E-02 -1.896526781E-03 7.334547639E-01 1.833312097E-03
 -2.318615466E-01 -3.500000015E-02 -3.007067367E-03 7.088559270E-01 1.871678163E-03
 -2.306242883E-01 -3.500000015E-02 -3.816986689E-03 6.916164756E-01 1.915157656E-03
 -2.292679250E-01 -3.500000015E-02 -4.702956881E-03 6.724315882E-01 1.961132744E-03
 -2.271180302E-01 -3.500000015E-02 -6.015138235E-03 6.474290490E-01 2.038602252E-03
 -2.264944613E-01 -3.500000015E-02 -6.396497600E-03 6.401546001E-01 2.062723506E-03
 -2.260863930E-01 -3.500000015E-02 -6.630560849E-03 6.357041597E-01 2.072138013E-03
 -2.231655121E-01 -3.500000015E-02 -8.292156272E-03 6.056461930E-01 2.136014402E-03
 -2.211102098E-01 -3.500000015E-02 -9.385343641E-03 5.886088014E-01 2.172742505E-03
 -2.189665139E-01 -3.500000015E-02 -1.051022951E-02 5.711025000E-01 2.220023423E-03
 -2.151683718E-01 -3.500000015E-02 -1.236551628E-02 5.420019627E-01 2.295946237E-03
 -2.135791481E-01 -3.500000015E-02 -1.313103829E-02 5.306125283E-01 2.329223789E-03
 -2.071464062E-01 -3.500000015E-02 -1.597487740E-02 4.946547747E-01 2.435668372E-03
 -2.060095966E-01 -3.500000015E-02 -1.647454500E-02 4.883431494E-01 2.457503695E-03
 -2.044065744E-01 -3.500000015E-02 -1.712049730E-02 4.798621237E-01 2.486333251E-03
 -1.974210888E-01 -3.500000015E-02 -1.989207976E-02 4.473017454E-01 2.599858679E-03
 -1.923668385E-01 -3.500000015E-02 -2.174369991E-02 4.285234809E-01 2.662556246E-03
 -1.880601496E-01 -3.500000015E-02 -2.326980792E-02 4.129411876E-01 2.708162647E-03
 -1.796151996E-01 -3.500000015E-02 -2.606108040E-02 3.870711625E-01 2.776456764E-03
 -1.769693345E-01 -3.500000015E-02 -2.690300904E-02 3.793734610E-01 2.797443420E-03
 -1.627893746E-01 -3.500000015E-02 -3.107964993E-02 3.469536901E-01 2.872643294E-03
 -1.627439409E-01 -3.500000015E-02 -3.109310195E-02 3.468512297E-01 2.872883808E-03
 -1.627376974E-01 -3.500000015E-02 -3.109486029E-02 3.468348980E-01 2.872923156E-03
 -1.627190709E-01 -3.500000015E-02 -3.109971620E-02 3.468025625E-01 2.872988582E-03
 -1.480100453E-01 -3.500000015E-02 -3.497622535E-02 3.203292191E-01 2.929267008E-03
 -1.401450932E-01 -3.500000015E-02 -3.687914088E-02 3.106658757E-01 2.945711371E-03
 -1.343320310E-01 -3.500000015E-02 -3.824242949E-02 3.015798032E-01 2.949463436E-03
 -1.244679615E-01 -3.500000015E-02 -4.043698311E-02 2.842638791E-01 2.951511415E-03
 -1.155125797E-01 -3.500000015E-02 -4.229291156E-02 2.751106620E-01 2.954162424E-03
 -1.108167171E-01 -3.500000015E-02 -4.325962067E-02 2.703910172E-01 2.957839984E-03
 -1.065355539E-01 -3.500000015E-02 -4.408505559E-02 2.648342252E-01 2.958804602E-03
 -9.711201489E-02 -3.500000015E-02 -4.586352780E-02 2.565459013E-01 2.961512422E-03
 -9.019581228E-02 -3.500000015E-02 -4.711502790E-02 2.515649199E-01 2.946743043E-03
 -7.731998712E-02 -3.500000015E-02 -4.929279163E-02 2.444722354E-01 2.937789774E-03
 -7.481020689E-02 -3.500000015E-02 -4.971978813E-02 2.428020388E-01 2.936702687E-03
 -7.255749404E-02 -3.500000015E-02 -5.007284507E-02 2.414207458E-01 2.933030715E-03
 -6.140682474E-02 -3.500000015E-02 -5.181810632E-02 2.326222658E-01 2.918051323E-03
 -5.203363672E-02 -3.500000015E-02 -5.318769813E-02 2.261249870E-01 2.892973367E-03
 -4.868883640E-02 -3.500000015E-02 -5.367616937E-02 2.231743485E-01 2.885129070E-03
 -4.411968216E-02 -3.500000015E-02 -5.429917946E-02 2.226838619E-01 2.875886625E-03
 -3.578482941E-02 -3.500000015E-02 -5.543939397E-02 2.203122973E-01 2.860182663E-03
 -2.739452012E-02 -3.500000015E-02 -5.650989339E-02 2.165649980E-01 2.848733915E-03
 -2.121476084E-02 -3.500000015E-02 -5.729426071E-02 2.122563422E-01 2.843976719E-03
 -1.564158127E-02 -3.500000015E-02 -5.795701966E-02 2.112982720E-01 2.844016068E-03
 -8.213722147E-03 -3.500000015E-02 -5.883510038E-02 2.079931349E-01 2.843859838E-03
 -5.540216225E-04 -3.500000015E-02 -5.969409645E-02 2.028480172E-01 2.832101425E-03
 3.468333511E-03 -3.500000015E-02 -6.013333425E-02 2.020799965E-01 2.824940020E-03
 1.281363331E-02 -3.500000015E-02 -6.111842394E-02 2.014881670E-01 2.800366376E-03
 1.995364949E-02 -3.500000015E-02 -6.183649227E-02 1.990870833E-01 2.790110186E-03
 3.108866327E-02 -3.500000015E-02 -6.291268021E-02 1.951865107E-01 2.781507792E-03
 3.984066844E-02 -3.500000015E-02 -6.371064484E-02 1.944911629E-01 2.769471379E-03
 4.887644947E-02 -3.500000015E-02 -6.450343877E-02 1.945786476E-01 2.755382331E-03
 6.053455919E-02 -3.500000015E-02 -6.546648592E-02 1.917520165E-01 2.739286050E-03
 6.786310673E-02 -3.500000015E-02 -6.604313850E-02 1.901728660E-01 2.726720879E-03
 8.146971464E-02 -3.500000015E-02 -6.705694646E-02 1.890567392E-01 2.713910770E-03
 8.832235634E-02 -3.500000015E-02 -6.753396988E-02 1.884334683E-01 2.706565661E-03
 9.974905849E-02 -3.500000015E-02 -6.830526888E-02 1.867178530E-01 2.702330239E-03
 1.123827100E-01 -3.500000015E-02 -6.908416748E-02 1.865054518E-01 2.677265787E-03
 1.167629436E-01 -3.500000015E-02 -6.935458630E-02 1.864828616E-01 2.667593304E-03
 1.207854971E-01 -3.500000015E-02 -6.958173215E-02 1.864187866E-01 2.658277750E-03
 1.367889494E-01 -3.500000015E-02 -7.046158612E-02 1.863365918E-01 2.627104288E-03
 1.519634575E-01 -3.500000015E-02 -7.121245563E-02 1.869225502E-01 2.594864229E-03
 1.589870602E-01 -3.500000015E-02 -7.154115289E-02 1.866830140E-01 2.579270164E-03
 1.785373241E-01 -3.500000015E-02 -7.237523794E-02 1.875064522E-01 2.537133405E-03
 1.840583533E-01 -3.500000015E-02 -7.258214056E-02 1.881350726E-01 2.526145196E-03
 2.002044171E-01 -3.500000015E-02 -7.317648828E-02 1.906676590E-01 2.505847253E-03
 2.127211392E-01 -3.500000015E-02 -7.358356565E-02 1.894680411E-01 2.479888964E-03
 2.273579985E-01 -3.500000015E-02 -7.400046289E-02 1.922717690E-01 2.450119937E-03
 2.345023304E-01 -3.500000015E-02 -7.420267165E-02 1.938734353E-01 2.435552655E-03
 2.390261441E-01 -3.500000015E-02 -7.431229949E-02 1.944373399E-01 2.427661791E-03
 2.616437674E-01 -3.500000015E-02 -7.482026517E-02 1.975268424E-01 2.392407740E-03
 2.731415927E-01 -3.500000015E-02 -7.503092289E-02 1.996737719E-01 2.373568248E-03
 2.891826928E-01 -3.500000015E-02 -7.528997213E-02 2.023341954E-01 2.346678171E-03
 3.037077785E-01 -3.500000015E-02 -7.547546923E-02 2.052097470E-01 2.318362473E-03
 3.167375028E-01 -3.500000015E-02 -7.561200112E-02 2.079101056E-01 2.290958771E-03
 3.342186511E-01 -3.500000015E-02 -7.574301958E-02 2.122573107E-01 2.254724037E-03
 3.456647396E-01 -3.500000015E-02 -7.580105960E-02 2.153057158E-01 2.231181599E-03
 3.669763505E-01 -3.500000015E-02 -7.584787905E-02 2.207099497E-01 2.193467459E-03
 3.802497685E-01 -3.500000015E-02 -7.584090531E-02 2.244874537E-01 2.172024455E-03
 4.053137302E-01 -3.500000015E-02 -7.575210929E-02 2.318161577E-01 2.132794820E-03
 4.142854214E-01 -3.500000015E-02 -7.569638640E-02 2.346007377E-01 2.118931385E-03
 4.401641488E-01 -3.500000015E-02 -7.547081262E-02 2.427933663E-01 2.079018392E-03
 4.464420378E-01 -3.500000015E-02 -7.539968938E-02 2.446016222E-01 2.067294437E-03
 4.760911167E-01 -3.500000015E-02 -7.499403507E-02 2.542874217E-01 2.001733053E-03
 4.781945050E-01 -3.500000015E-02 -7.496088743E-02 2.550627887E-01 1.997218933E-03
 5.195563436E-01 -3.500000015E-02 -7.417318970E-02 2.700301111E-01 1.921768649E-03
 5.201603174E-01 -3.500000015E-02 -7.415971160E-02 2.702785432E-01 1.920645009E-03
 5.235270858E-01 -3.500000015E-02 -7.407397032E-02 2.717140317E-01 1.914589666E-03
 5.639062524E-01 -3.500000015E-02 -7.305859774E-02 2.891796231E-01 1.845310675E-03
 5.722662210E-01 -3.500000015E-02 -7.281643897E-02 2.928969264E-01 1.827214495E-03
 6.079087853E-01 -3.500000015E-02 -7.167484611E-02 3.108368814E-01 1.743659843E-03
 6.184115410E-01 -3.500000015E-02 -7.131212205E-02 3.166626394E-01 1.719412161E-03
 6.451306939E-01 -3.500000015E-02 -7.026803493E-02 3.323346972E-01 1.643331721E-03
 6.569214463E-01 -3.500000015E-02 -6.981386244E-02 3.393025100E-01 1.610858599E-03
 6.602237821E-01 -3.500000015E-02 -6.967376173E-02 3.415709734E-01 1.597688068E-03
 6.903249025E-01 -3.500000015E-02 -6.832678616E-02 3.647928834E-01 1.472704229E-03
 6.908507943E-01 -3.500000015E-02 -6.830218434E-02 3.652342856E-01 1.470033778E-03
 7.091486454E-01 -3.500000015E-02 -6.740798801E-02 3.828235269E-01 1.369633479E-03
 7.104214430E-01 -3.500000015E-02 -6.734354049E-02 3.843924105E-01 1.357747358E-03
 7.194857597E-01 -3.500000015E-02 -6.687754393E-02 3.956695497E-01 1.265514293E-03
 7.257021070E-01 -3.500000015E-02 -6.654917449E-02 4.046498835E-01 1.185280038E-03
 7.307213545E-01 -3.500000015E-02 -6.628052145E-02 4.124336839E-01 1.105844975E-03
 7.370516062E-01 -3.500000015E-02 -6.593421847E-02 4.250078499E-01 9.730542079E-04
 7.370824218E-01 -3.500000015E-02 -6.593253464E-02 4.250645638E-01 9.724650299E-04
 7.371016145E-01 -3.500000015E-02 -6.593146175E-02 4.251098931E-01 9.725478012E-04
 7.421543002E-01 -3.500000015E-02 -6.564972550E-02 4.368532300E-01 1.022459939E-03
 7.446042895E-01 -3.500000015E-02 -6.551138312E-02 4.472509325E-01 1.649306854E-03
 7.449792027E-01 -3.500000015E-02 -6.549018621E-02 4.485570192E-01 1.754270401E-03
 7.453871965E-01 -3.500000015E-02 -6.546694785E-02 4.400015771E-01 1.855271170E-03
 7.471460104E-01 -3.500000015E-02 -6.536680460E-02 4.082282186E-01 2.265735529E-03
ZONE T="Slice: Y=-0.73"
 STRANDID=0, SOLUTIONTIME=0
 I=337, J=1, K=1, ZONETYPE=Ordered
 DATAPACKING=POINT
 DT=(SINGLE SINGLE SINGLE SINGLE SINGLE )
 7.471460104E-01 -7.300000191E-01 -6.536680460E-02 2.169444114E-01 4.059570376E-03
 7.462587953E-01 -7.300000191E-01 -6.515774131E-02 2.145081460E-01 3.096033819E-03
 7.452444434E-01 -7.300000191E-01 -6.491870433E-02 2.114059627E-01 2.034171484E-03
 7.440695763E-01 -7.300000191E-01 -6.464229524E-02 1.957643479E-01 1.686908887E-03
 7.431975603E-01 -7.300000191E-01 -6.443712115E-02 1.847628206E-01 1.424894319E-03
 7.422886491E-01 -7.300000191E-01 -6.422371417E-02 1.761341840E-01 1.421347726E-03
 7.407830954E-01 -7.300000191E-01 -6.387019902E-02 1.610566676E-01 1.425890019E-03
 7.390075922E-01 -7.300000191E-01 -6.345415860E-02 1.430682540E-01 1.587216044E-03
 7.380650640E-01 -7.300000191E-01 -6.323332340E-02 1.353615671E-01 1.660612179E-03
 7.369087338E-01 -7.300000191E-01 -6.296306103E-02 1.268083304E-01 1.753735356E-03
 7.347295880E-01 -7.300000191E-01 -6.245370582E-02 1.125087440E-01 1.920091570E-03
 7.325047255E-01 -7.300000191E-01 -6.193521991E-02 9.880338609E-02 2.059926745E-03
 7.308209538E-01 -7.300000191E-01 -6.154287979E-02 8.975272626E-02 2.151242923E-03
 7.282392383E-01 -7.300000191E-01 -6.094336137E-02 7.620337605E-02 2.266030293E-03
 7.263370752E-01 -7.300000191E-01 -6.050161272E-02 6.722408533E-02 2.343429020E-03
 7.247599363E-01 -7.300000191E-01 -6.013676897E-02 6.069688126E-02 2.395619173E-03
 7.211343646E-01 -7.300000191E-01 -5.929819494E-02 4.880892858E-02 2.497659530E-03
 7.165467739E-01 -7.300000191E-01 -5.824192613E-02 3.433846310E-02 2.612050623E-03
 7.150522470E-01 -7.300000191E-01 -5.789779872E-02 3.067410924E-02 2.643528162E-03
 7.131263018E-01 -7.300000191E-01 -5.745673552E-02 2.667178772E-02 2.672322560E-03
 7.077694535E-01 -7.300000191E-01 -5.622998253E-02 1.762793399E-02 2.741537057E-03
 7.026621699E-01 -7.300000191E-01 -5.506797880E-02 1.219283510E-02 2.810073784E-03
 6.988524199E-01 -7.300000191E-01 -5.420106649E-02 1.036361884E-02 2.848958131E-03
 6.935015917E-01 -7.300000191E-01 -5.299254134E-02 6.700540427E-03 2.892645542E-03
 6.891622543E-01 -7.300000191E-01 -5.201243237E-02 3.953195177E-03 2.929000184E-03
 6.859739423E-01 -7.300000191E-01 -5.129843205E-02 4.334818106E-03 2.936164616E-03
 6.768248677E-01 -7.300000191E-01 -4.924980924E-02 1.002749894E-02 2.926551038E-03
 6.639346480E-01 -7.300000191E-01 -4.639540240E-02 1.496385876E-02 2.919055754E-03
 6.599975228E-01 -7.300000191E-01 -4.552396387E-02 1.914088987E-02 2.907250542E-03
 6.428940296E-01 -7.300000191E-01 -4.178670049E-02 3.873031214E-02 2.813996049E-03
 6.417766809E-01 -7.300000191E-01 -4.154298827E-02 4.005891457E-02 2.807141747E-03
 6.336182952E-01 -7.300000191E-01 -3.978619725E-02 4.808601737E-02 2.757923212E-03
 6.215681434E-01 -7.300000191E-01 -3.719082847E-02 6.049747765E-02 2.680686768E-03
 6.195616722E-01 -7.300000191E-01 -3.676510230E-02 6.239056960E-02 2.669302048E-03
 6.038358808E-01 -7.300000191E-01 -3.342565522E-02 8.162633330E-02 2.559503773E-03
 5.877548456E-01 -7.300000191E-01 -3.005284630E-02 9.696929902E-02 2.447601641E-03
 5.875793695E-01 -7.300000191E-01 -3.001600504E-02 9.715067595E-02 2.446184168E-03
 5.875124931E-01 -7.300000191E-01 -3.000207618E-02 9.720139205E-02 2.445729915E-03
 5.698599219E-01 -7.300000191E-01 -2.634694986E-02 1.124137491E-01 2.307020593E-03
 5.663101673E-01 -7.300000191E-01 -2.561686374E-02 1.148449481E-01 2.283502836E-03
 5.493701696E-01 -7.300000191E-01 -2.216319367E-02 1.249501333E-01 2.172740875E-03
 5.465474725E-01 -7.300000191E-01 -2.158899605E-02 1.265179068E-01 2.152150730E-03
 5.428765416E-01 -7.300000191E-01 -2.085133828E-02 1.279590726E-01 2.135696355E-03
 5.277644396E-01 -7.300000191E-01 -1.781520061E-02 1.342485994E-01 2.062167972E-03
 5.192080736E-01 -7.300000191E-01 -1.611553505E-02 1.389277875E-01 2.019785345E-03
 5.133935213E-01 -7.300000191E-01 -1.496401522E-02 1.406016201E-01 1.995211933E-03
 5.056636930E-01 -7.300000191E-01 -1.344215497E-02 1.428565085E-01 1.949778525E-03
 4.979115129E-01 -7.300000191E-01 -1.192582026E-02 1.451692730E-01 1.921083080E-03
 4.931736290E-01 -7.300000191E-01 -1.100264769E-02 1.466358304E-01 1.901437878E-03
 4.847262502E-01 -7.300000191E-01 -9.365980513E-03 1.473646909E-01 1.863406156E-03
 4.773295224E-01 -7.300000191E-01 -7.942025550E-03 1.484541148E-01 1.840144163E-03
 4.685259759E-01 -7.300000191E-01 -6.257107947E-03 1.493822783E-01 1.816052594E-03
 4.584328234E-01 -7.300000191E-01 -4.339910578E-03 1.508320868E-01 1.794497715E-03
 4.512166679E-01 -7.300000191E-01 -2.978630364E-03 1.507743448E-01 1.781561645E-03
 4.367026389E-01 -7.300000191E-01 -2.643906046E-04 1.514572203E-01 1.757631893E-03
 4.336844385E-01 -7.300000191E-01 2.964184096E-04 1.511856616E-01 1.752868295E-03
 4.219568074E-01 -7.300000191E-01 2.451982582E-03 1.500924677E-01 1.746204915E-03
 4.145263135E-01 -7.300000191E-01 3.819352482E-03 1.492596418E-01 1.739428961E-03
 4.123584330E-01 -7.300000191E-01 4.214426968E-03 1.490906924E-01 1.738831052E-03
 3.911757767E-01 -7.300000191E-01 8.032348007E-03 1.447324306E-01 1.736959210E-03
 3.877129555E-01 -7.300000191E-01 8.651985787E-03 1.444443464E-01 1.739426632E-03
 3.759475350E-01 -7.300000191E-01 1.071308181E-02 1.422209293E-01 1.750273863E-03
 3.584647477E-01 -7.300000191E-01 1.378268097E-02 1.387477070E-01 1.758523984E-03
 3.538441062E-01 -7.300000191E-01 1.458257437E-02 1.372605860E-01 1.762114349E-03
 3.440564871E-01 -7.300000191E-01 1.623760164E-02 1.342248619E-01 1.777461148E-03
 3.236480355E-01 -7.300000191E-01 1.970075443E-02 1.270602643E-01 1.797195058E-03
 3.104477525E-01 -7.300000191E-01 2.187604271E-02 1.235170439E-01 1.828276436E-03
 3.003922701E-01 -7.300000191E-01 2.352268249E-02 1.196280494E-01 1.848706976E-03
 2.803738415E-01 -7.300000191E-01 2.672398835E-02 1.119605526E-01 1.898549148E-03
 2.752296031E-01 -7.300000191E-01 2.753647044E-02 1.099115685E-01 1.910335734E-03
 2.547164261E-01 -7.300000191E-01 3.070681170E-02 1.007656902E-01 1.970234560E-03
 2.493189573E-01 -7.300000191E-01 3.152453899E-02 9.840562195E-02 1.983809518E-03
 2.340262085E-01 -7.300000191E-01 3.381117061E-02 9.309416264E-02 2.036278369E-03
 2.192385197E-01 -7.300000191E-01 3.595770150E-02 8.655664325E-02 2.082440769E-03
 2.152513117E-01 -7.300000191E-01 3.653604910E-02 8.459207416E-02 2.092302078E-03
 1.961624175E-01 -7.300000191E-01 3.921185061E-02 7.644129544E-02 2.149356762E-03
 1.948832124E-01 -7.300000191E-01 3.938926384E-02 7.594706863E-02 2.152750269E-03
 1.748913080E-01 -7.300000191E-01 4.207839817E-02 6.775320321E-02 2.213052474E-03
 1.741711348E-01 -7.300000191E-01 4.217370600E-02 6.735255569E-02 2.214724198E-03
 1.526805460E-01 -7.300000191E-01 4.492595419E-02 5.587906018E-02 2.277855529E-03
 1.501037329E-01 -7.300000191E-01 4.524949938E-02 5.462488532E-02 2.284175949E-03
 1.350684911E-01 -7.300000191E-01 4.706278443E-02 4.808618873E-02 2.331280615E-03
 1.292164028E-01 -7.300000191E-01 4.777030647E-02 4.549013451E-02 2.349394374E-03
 1.282183826E-01 -7.300000191E-01 4.788642004E-02 4.502537847E-02 2.352769254E-03
 1.070408225E-01 -7.300000191E-01 5.028014258E-02 3.357939422E-02 2.419563476E-03
 1.066109315E-01 -7.300000191E-01 5.032877997E-02 3.334642947E-02 2.420909237E-03
 1.065931618E-01 -7.300000191E-01 5.033075064E-02 3.333691135E-02 2.420966281E-03
 1.064753383E-01 -7.300000191E-01 5.034312233E-02 3.327497840E-02 2.421375131E-03
 8.716537058E-02 -7.300000191E-01 5.237605050E-02 2.331648208E-02 2.490380546E-03
 8.435704559E-02 -7.300000191E-01 5.265729874E-02 2.186686546E-02 2.500133123E-03
 6.795711070E-02 -7.300000191E-01 5.424820632E-02 1.362214237E-02 2.569163917E-03
 6.629468501E-02 -7.300000191E-01 5.440501496E-02 1.286123507E-02 2.577540465E-03
 6.457257271E-02 -7.300000191E-01 5.455838516E-02 1.188355405E-02 2.582410583E-03
 4.853243008E-02 -7.300000191E-01 5.597983301E-02 3.971766215E-03 2.650750568E-03
 4.346516356E-02 -7.300000191E-01 5.640276521E-02 2.471839543E-03 2.676012693E-03
 3.730629757E-02 -7.300000191E-01 5.688350275E-02 -1.121465350E-03 2.692836802E-03
 2.661103196E-02 -7.300000191E-01 5.772031471E-02 -6.187424995E-03 2.739120740E-03
 1.862025261E-02 -7.300000191E-01 5.828774720E-02 -1.032121107E-02 2.774709836E-03
 9.275475517E-03 -7.300000191E-01 5.891634151E-02 -1.763843931E-02 2.824435011E-03
 4.336070269E-03 -7.300000191E-01 5.923336744E-02 -1.969722658E-02 2.859706990E-03
 -4.251086502E-04 -7.300000191E-01 5.951100588E-02 -2.132175490E-02 2.876854734E-03
 -8.341948502E-03 -7.300000191E-01 5.996796116E-02 -2.355756983E-02 2.921832725E-03
 -1.423170697E-02 -7.300000191E-01 6.027266011E-02 -2.755632810E-02 2.952162176E-03
 -1.959656179E-02 -7.300000191E-01 6.053711474E-02 -3.102687560E-02 2.982462756E-03
 -2.630943432E-02 -7.300000191E-01 6.084014848E-02 -3.449876234E-02 3.025916871E-03
 -3.328162804E-02 -7.300000191E-01 6.111135334E-02 -3.660545126E-02 3.050662810E-03
 -3.904550150E-02 -7.300000191E-01 6.132549793E-02 -4.061960056E-02 3.085010219E-03
 -4.558200762E-02 -7.300000191E-01 6.153500453E-02 -4.458034411E-02 3.135348903E-03
 -5.179686099E-02 -7.300000191E-01 6.169207022E-02 -4.881267995E-02 3.166770097E-03
 -5.625989661E-02 -7.300000191E-01 6.180151552E-02 -5.082827806E-02 3.201231360E-03
 -6.417517364E-02 -7.300000191E-01 6.193952262E-02 -5.487746000E-02 3.252627328E-03
 -6.895338744E-02 -7.300000191E-01 6.199483201E-02 -5.825334415E-02 3.288633190E-03
 -7.445464283E-02 -7.300000191E-01 6.204625964E-02 -6.028603762E-02 3.336649388E-03
 -7.924498618E-02 -7.300000191E-01 6.205647066E-02 -6.287333369E-02 3.361273557E-03
 -8.537802100E-02 -7.300000191E-01 6.204523519E-02 -6.666808575E-02 3.404163290E-03
 -8.983157575E-02 -7.300000191E-01 6.202230230E-02 -6.894081086E-02 3.444112837E-03
 -9.395723790E-02 -7.300000191E-01 6.197120249E-02 -7.241636515E-02 3.473952878E-03
 -9.894492477E-02 -7.300000191E-01 6.189574674E-02 -7.328615338E-02 3.521585371E-03
 -1.033252031E-01 -7.300000191E-01 6.180593371E-02 -7.656291872E-02 3.557610558E-03
 -1.081366912E-01 -7.300000191E-01 6.167694926E-02 -8.025807142E-02 3.591833403E-03
 -1.118356138E-01 -7.300000191E-01 6.157006696E-02 -7.990965992E-02 3.624693723E-03
 -1.155444905E-01 -7.300000191E-01 6.143304706E-02 -8.489770442E-02 3.639987903E-03
 -1.228464544E-01 -7.300000191E-01 6.112186611E-02 -9.175881743E-02 3.692585276E-03
 -1.261812896E-01 -7.300000191E-01 6.096978486E-02 -9.233042598E-02 3.736230545E-03
 -1.281858534E-01 -7.300000191E-01 6.086403877E-02 -9.273410589E-02 3.757328494E-03
 -1.306138784E-01 -7.300000191E-01 6.071779504E-02 -9.164699167E-02 3.756861435E-03
 -1.395023912E-01 -7.300000191E-01 6.016184390E-02 -1.041650400E-01 3.829947906E-03
 -1.400432885E-01 -7.300000191E-01 6.012399122E-02 -1.053324640E-01 3.835243173E-03
 -1.407222301E-01 -7.300000191E-01 6.007115170E-02 -1.062716693E-01 3.848082153E-03
 -1.472964436E-01 -7.300000191E-01 5.956368893E-02 -1.103711501E-01 3.957300447E-03
 -1.513813734E-01 -7.300000191E-01 5.920260772E-02 -1.095065922E-01 3.994775936E-03
 -1.546406746E-01 -7.300000191E-01 5.890003964E-02 -1.128863692E-01 4.033897538E-03
 -1.584010869E-01 -7.300000191E-01 5.852474645E-02 -1.160826609E-01 4.074831493E-03
 -1.634962857E-01 -7.300000191E-01 5.796400458E-02 -1.239929423E-01 4.148527514E-03
 -1.649682522E-01 -7.300000191E-01 5.779973418E-02 -1.254668087E-01 4.175578244E-03
 -1.661542803E-01 -7.300000191E-01 5.765541643E-02 -1.253744513E-01 4.185182508E-03
 -1.711061150E-01 -7.300000191E-01 5.703365430E-02 -1.256655753E-01 4.240386654E-03
 -1.720409989E-01 -7.300000191E-01 5.690931529E-02 -1.270751804E-01 4.248608835E-03
 -1.766866595E-01 -7.300000191E-01 5.625713244E-02 -1.332766712E-01 4.285510629E-03
 -1.779128462E-01 -7.300000191E-01 5.607948825E-02 -1.341303736E-01 4.302845802E-03
 -1.792612374E-01 -7.300000191E-01 5.586859956E-02 -1.349118948E-01 4.311749712E-03
 -1.836807579E-01 -7.300000191E-01 5.516969785E-02 -1.413490027E-01 4.372063093E-03
 -1.861603856E-01 -7.300000191E-01 5.474631488E-02 -1.440201998E-01 4.400908947E-03
 -1.895194203E-01 -7.300000191E-01 5.414408445E-02 -1.459903717E-01 4.457861651E-03
 -1.914146394E-01 -7.300000191E-01 5.378986523E-02 -1.481199414E-01 4.497958347E-03
 -1.948129684E-01 -7.300000191E-01 5.311770737E-02 -1.605382562E-01 4.618618172E-03
 -1.951274723E-01 -7.300000191E-01 5.305360258E-02 -1.612001657E-01 4.627805669E-03
 -1.983057112E-01 -7.300000191E-01 5.237920210E-02 -1.507549733E-01 4.693489522E-03
 -1.984661371E-01 -7.300000191E-01 5.234366655E-02 -1.507227868E-01 4.695162643E-03
 -2.019145936E-01 -7.300000191E-01 5.155888945E-02 -1.592753232E-01 4.664123990E-03
 -2.035164386E-01 -7.300000191E-01 5.117175356E-02 -1.589515656E-01 4.669380840E-03
 -2.069974691E-01 -7.300000191E-01 5.029573664E-02 -1.621742398E-01 4.721232690E-03
 -2.086015493E-01 -7.300000191E-01 4.986946285E-02 -1.646253020E-01 4.743108060E-03
 -2.124872804E-01 -7.300000191E-01 4.876839370E-02 -1.650849432E-01 4.788067192E-03
 -2.133723199E-01 -7.300000191E-01 4.850784317E-02 -1.648406982E-01 4.799801391E-03
 -2.159677744E-01 -7.300000191E-01 4.767503589E-02 -1.686883867E-01 4.813021515E-03
 -2.181684375E-01 -7.300000191E-01 4.697457701E-02 -1.713777184E-01 4.824094009E-03
 -2.187103629E-01 -7.300000191E-01 4.678677395E-02 -1.705237031E-01 4.828441422E-03
 -2.224933803E-01 -7.300000191E-01 4.541967064E-02 -1.786505729E-01 4.889013246E-03
 -2.233895510E-01 -7.300000191E-01 4.507082328E-02 -1.793722063E-01 4.913173616E-03
 -2.256839126E-01 -7.300000191E-01 4.414528981E-02 -1.665466875E-01 4.941108637E-03
 -2.270732522E-01 -7.300000191E-01 4.354527965E-02 -1.648634076E-01 4.938272294E-03
 -2.286413461E-01 -7.300000191E-01 4.284714162E-02 -1.610652506E-01 4.905420355E-03
 -2.301814407E-01 -7.300000191E-01 4.211077094E-02 -1.521522254E-01 4.853198770E-03
 -2.315969616E-01 -7.300000191E-01 4.140906036E-02 -1.426915526E-01 4.815731198E-03
 -2.331266701E-01 -7.300000191E-01 4.059285671E-02 -1.365336478E-01 4.774149973E-03
 -2.345158756E-01 -7.300000191E-01 3.981596604E-02 -1.260145158E-01 4.735364113E-03
 -2.355148792E-01 -7.300000191E-01 3.922024742E-02 -1.125933304E-01 4.685838707E-03
 -2.368761003E-01 -7.300000191E-01 3.837103769E-02 -1.006756723E-01 4.570939112E-03
 -2.376778275E-01 -7.300000191E-01 3.783393279E-02 -8.945765346E-02 4.503087141E-03
 -2.387750894E-01 -7.300000191E-01 3.707281128E-02 -6.759940088E-02 4.381913692E-03
 -2.396062016E-01 -7.300000191E-01 3.644805402E-02 -4.781258106E-02 4.284469876E-03
 -2.404366434E-01 -7.300000191E-01 3.580595553E-02 -2.824017778E-02 4.172506742E-03
 -2.415438294E-01 -7.300000191E-01 3.487065807E-02 7.387804799E-03 4.015745129E-03
 -2.419455647E-01 -7.300000191E-01 3.452054411E-02 2.124182880E-02 3.956577275E-03
 -2.433487028E-01 -7.300000191E-01 3.317326680E-02 8.254138380E-02 3.738202387E-03
 -2.433870137E-01 -7.300000191E-01 3.313498199E-02 8.446276188E-02 3.733539023E-03
 -2.435647100E-01 -7.300000191E-01 3.293593228E-02 9.587682784E-02 3.704265459E-03
 -2.447708994E-01 -7.300000191E-01 3.159295022E-02 1.729671806E-01 3.504522145E-03
 -2.449780703E-01 -7.300000191E-01 3.132995218E-02 1.884787679E-01 3.461403539E-03
 -2.459902465E-01 -7.300000191E-01 2.997461893E-02 2.764301896E-01 3.210092196E-03
 -2.463650852E-01 -7.300000191E-01 2.939989604E-02 3.183618486E-01 3.068091581E-03
 -2.470355332E-01 -7.300000191E-01 2.825679816E-02 4.065897763E-01 2.690066351E-03
 -2.473834157E-01 -7.300000191E-01 2.761222422E-02 4.599686563E-01 2.437958494E-03
 -2.479395121E-01 -7.300000191E-01 2.629016154E-02 5.593699217E-01 1.954503125E-03
 -2.482154667E-01 -7.300000191E-01 2.564236522E-02 6.065578461E-01 1.718905405E-03
 -2.483835667E-01 -7.300000191E-01 2.504799888E-02 6.482222080E-01 1.496038400E-03
 -2.487512827E-01 -7.300000191E-01 2.374326065E-02 7.388858199E-01 9.946561186E-04
 -2.489914149E-01 -7.300000191E-01 2.219068073E-02 8.313077688E-01 5.033449852E-04
 -2.490414083E-01 -7.300000191E-01 2.186943963E-02 8.494591117E-01 4.020777124E-04
 -2.490524352E-01 -7.300000191E-01 2.162650600E-02 8.606120944E-01 3.436618135E-04
 -2.491010725E-01 -7.300000191E-01 2.013884485E-02 9.235984087E-01 2.758907976E-05
 -2.490450442E-01 -7.300000191E-01 1.912585087E-02 9.537526369E-01 -5.965141099E-05
 -2.489081919E-01 -7.300000191E-01 1.798591390E-02 9.782992601E-01 -9.432281513E-05
 -2.487720549E-01 -7.300000191E-01 1.718592085E-02 9.879747629E-01 -6.492828834E-05
 -2.484476864E-01 -7.300000191E-01 1.587909833E-02 9.901271462E-01 7.854496653E-05
 -2.482968718E-01 -7.300000191E-01 1.537161786E-02 9.880045056E-01 1.523330284E-04
 -2.477794439E-01 -7.300000191E-01 1.395228691E-02 9.709894061E-01 4.069044662E-04
 -2.475789189E-01 -7.300000191E-01 1.347413566E-02 9.626185298E-01 5.024090060E-04
 -2.468771487E-01 -7.300000191E-01 1.202113181E-02 9.311992526E-01 7.976096822E-04
 -2.466152012E-01 -7.300000191E-01 1.153742801E-02 9.182842970E-01 8.955741068E-04
 -2.457744926E-01 -7.300000191E-01 1.013907138E-02 8.790936470E-01 1.173640369E-03
 -2.455013096E-01 -7.300000191E-01 9.725688025E-03 8.665556908E-01 1.250439440E-03
 -2.445786595E-01 -7.300000191E-01 8.430515416E-03 8.252592683E-01 1.476065838E-03
 -2.441914827E-01 -7.300000191E-01 7.929632440E-03 8.091047406E-01 1.551995520E-03
 -2.432490438E-01 -7.300000191E-01 6.780242082E-03 7.739020586E-01 1.706434297E-03
 -2.426363379E-01 -7.300000191E-01 6.085710600E-03 7.520415783E-01 1.780968974E-03
 -2.417589873E-01 -7.300000191E-01 5.137371365E-03 7.231205106E-01 1.872609952E-03
 -2.408629358E-01 -7.300000191E-01 4.234110471E-03 6.965898871E-01 1.936385757E-03
 -2.401228696E-01 -7.300000191E-01 3.516181139E-03 6.729717255E-01 1.980899135E-03
 -2.388722748E-01 -7.300000191E-01 2.380196704E-03 6.426993608E-01 2.036669292E-03
 -2.383139879E-01 -7.300000191E-01 1.890585525E-03 6.319904327E-01 2.059454098E-03
 -2.366245538E-01 -7.300000191E-01 4.931462463E-04 5.902704000E-01 2.110234695E-03
 -2.362912744E-01 -7.300000191E-01 2.266984084E-04 5.827507377E-01 2.116482006E-03
 -2.341721058E-01 -7.300000191E-01 -1.380480477E-03 5.486265421E-01 2.158488845E-03
 -2.339664847E-01 -7.300000191E-01 -1.530681388E-03 5.451526046E-01 2.161540557E-03
 -2.313434780E-01 -7.300000191E-01 -3.351010615E-03 5.048183799E-01 2.235942986E-03
 -2.308563888E-01 -7.300000191E-01 -3.677780740E-03 4.981164932E-01 2.259645611E-03
 -2.290238142E-01 -7.300000191E-01 -4.838346969E-03 4.771774709E-01 2.354395343E-03
 -2.278186381E-01 -7.300000191E-01 -5.601770710E-03 4.640040696E-01 2.414559247E-03
 -2.273270786E-01 -7.300000191E-01 -5.891187582E-03 4.574761987E-01 2.446926199E-03
 -2.248156518E-01 -7.300000191E-01 -7.369593717E-03 4.346625507E-01 2.571905730E-03
 -2.228327692E-01 -7.300000191E-01 -8.462236263E-03 4.194040298E-01 2.643216401E-03
 -2.212621272E-01 -7.300000191E-01 -9.319748729E-03 4.016898572E-01 2.703736536E-03
 -2.180830836E-01 -7.300000191E-01 -1.094309799E-02 3.831034303E-01 2.778861439E-03
 -2.169776261E-01 -7.300000191E-01 -1.150552370E-02 3.765481412E-01 2.805288183E-03
 -2.113623619E-01 -7.300000191E-01 -1.414433774E-02 3.477416337E-01 2.913435455E-03
 -2.111510485E-01 -7.300000191E-01 -1.424275525E-02 3.464439213E-01 2.918774728E-03
 -2.043884844E-01 -7.300000191E-01 -1.714106090E-02 3.150346279E-01 3.019496566E-03
 -2.037264258E-01 -7.300000191E-01 -1.741792820E-02 3.127897680E-01 3.024885897E-03
 -1.958518773E-01 -7.300000191E-01 -2.046159282E-02 2.908430994E-01 3.068761900E-03
 -1.927814186E-01 -7.300000191E-01 -2.161061950E-02 2.804174423E-01 3.093564650E-03
 -1.858015358E-01 -7.300000191E-01 -2.402489074E-02 2.642392814E-01 3.149991855E-03
 -1.826713234E-01 -7.300000191E-01 -2.508568764E-02 2.573940754E-01 3.185322974E-03
 -1.765706837E-01 -7.300000191E-01 -2.701194771E-02 2.447569072E-01 3.206002992E-03
 -1.733181030E-01 -7.300000191E-01 -2.802811377E-02 2.374216765E-01 3.205658169E-03
 -1.636243761E-01 -7.300000191E-01 -3.081123717E-02 2.276619375E-01 3.214362776E-03
 -1.587285399E-01 -7.300000191E-01 -3.218980879E-02 2.225358635E-01 3.223414533E-03
 -1.471514255E-01 -7.300000191E-01 -3.517751768E-02 2.087679356E-01 3.260341240E-03
 -1.437161714E-01 -7.300000191E-01 -3.603634983E-02 2.049944103E-01 3.275282448E-03
 -1.337737441E-01 -7.300000191E-01 -3.837231547E-02 1.929636449E-01 3.285269719E-03
 -1.319074184E-01 -7.300000191E-01 -3.880135715E-02 1.908835024E-01 3.282541176E-03
 -1.203920990E-01 -7.300000191E-01 -4.129767418E-02 1.867136061E-01 3.263631137E-03
 -1.169822440E-01 -7.300000191E-01 -4.200624675E-02 1.851115674E-01 3.257895587E-03
 -1.072420701E-01 -7.300000191E-01 -4.396080598E-02 1.743603349E-01 3.260865808E-03
 -9.626124054E-02 -7.300000191E-01 -4.602140933E-02 1.691204309E-01 3.242613748E-03
 -9.485712647E-02 -7.300000191E-01 -4.628303275E-02 1.681248695E-01 3.241811180E-03
 -7.909356803E-02 -7.300000191E-01 -4.900528118E-02 1.616695821E-01 3.216258017E-03
 -7.659938931E-02 -7.300000191E-01 -4.942776635E-02 1.604695320E-01 3.212268231E-03
 -6.116085500E-02 -7.300000191E-01 -5.182556063E-02 1.585813612E-01 3.189800307E-03
 -5.693230405E-02 -7.300000191E-01 -5.248509347E-02 1.580442488E-01 3.183975583E-03
 -5.639183894E-02 -7.300000191E-01 -5.256544426E-02 1.574227661E-01 3.184392583E-03
 -5.580580235E-02 -7.300000191E-01 -5.264844000E-02 1.574758887E-01 3.183025401E-03
 -3.824558854E-02 -7.300000191E-01 -5.511219800E-02 1.466763020E-01 3.163764253E-03
 -3.808523342E-02 -7.300000191E-01 -5.513379350E-02 1.466040909E-01 3.163803602E-03
 -3.787289932E-02 -7.300000191E-01 -5.516104773E-02 1.466045380E-01 3.163185436E-03
 -2.312001958E-02 -7.300000191E-01 -5.705881119E-02 1.466340870E-01 3.144011367E-03
 -1.660700329E-02 -7.300000191E-01 -5.784562603E-02 1.437077820E-01 3.136712825E-03
 -2.994482871E-03 -7.300000191E-01 -5.942416191E-02 1.418549865E-01 3.131845966E-03
 -2.023557667E-03 -7.300000191E-01 -5.953466147E-02 1.417197436E-01 3.132903483E-03
 -1.078492147E-03 -7.300000191E-01 -5.963657424E-02 1.414166093E-01 3.129716264E-03
 1.223543007E-02 -7.300000191E-01 -6.106024608E-02 1.362505555E-01 3.103815252E-03
 1.774566807E-02 -7.300000191E-01 -6.161841005E-02 1.366191208E-01 3.090753453E-03
 3.096777573E-02 -7.300000191E-01 -6.289547682E-02 1.350346953E-01 3.060114570E-03
 3.534540534E-02 -7.300000191E-01 -6.331069022E-02 1.337691993E-01 3.057993716E-03
 3.982826322E-02 -7.300000191E-01 -6.371001899E-02 1.338181049E-01 3.044904908E-03
 5.648807064E-02 -7.300000191E-01 -6.513325125E-02 1.343829632E-01 3.014867427E-03
 6.080411375E-02 -7.300000191E-01 -6.549327821E-02 1.340776384E-01 3.014632966E-03
 6.519251317E-02 -7.300000191E-01 -6.583552063E-02 1.330503672E-01 3.006651998E-03
 7.915197313E-02 -7.300000191E-01 -6.688975543E-02 1.340080649E-01 3.000876866E-03
 8.355288953E-02 -7.300000191E-01 -6.720592082E-02 1.346602440E-01 2.996005584E-03
 9.521397948E-02 -7.300000191E-01 -6.800638884E-02 1.291260868E-01 2.980087884E-03
 1.015403345E-01 -7.300000191E-01 -6.841482967E-02 1.294943094E-01 2.967574401E-03
 1.128993034E-01 -7.300000191E-01 -6.912308931E-02 1.320369393E-01 2.937892918E-03
 1.237452775E-01 -7.300000191E-01 -6.975127012E-02 1.315494478E-01 2.913698554E-03
 1.397637129E-01 -7.300000191E-01 -7.060089707E-02 1.318740249E-01 2.878936473E-03
 1.472884268E-01 -7.300000191E-01 -7.099284977E-02 1.329956055E-01 2.872753656E-03
 1.519289315E-01 -7.300000191E-01 -7.121637464E-02 1.314675659E-01 2.861763816E-03
 1.593195051E-01 -7.300000191E-01 -7.154371589E-02 1.331345290E-01 2.840465400E-03
 1.777242869E-01 -7.300000191E-01 -7.233752310E-02 1.344656199E-01 2.807242097E-03
 1.870035231E-01 -7.300000191E-01 -7.270470262E-02 1.339259744E-01 2.797450637E-03
 1.973868459E-01 -7.300000191E-01 -7.306884974E-02 1.349026859E-01 2.769141225E-03
 2.097469866E-01 -7.300000191E-01 -7.348736376E-02 1.357561946E-01 2.742563374E-03
 2.232943028E-01 -7.300000191E-01 -7.389698178E-02 1.376637518E-01 2.711375011E-03
 2.381458730E-01 -7.300000191E-01 -7.428152114E-02 1.402530670E-01 2.679886762E-03
 2.470551133E-01 -7.300000191E-01 -7.450924814E-02 1.415279359E-01 2.673354233E-03
 2.552449703E-01 -7.300000191E-01 -7.468798012E-02 1.421399713E-01 2.661376959E-03
 2.700796723E-01 -7.300000191E-01 -7.497918606E-02 1.455438435E-01 2.642568899E-03
 2.781108618E-01 -7.300000191E-01 -7.512134314E-02 1.464348882E-01 2.631267300E-03
 2.934025824E-01 -7.300000191E-01 -7.534587383E-02 1.466257274E-01 2.612039447E-03
 3.029499054E-01 -7.300000191E-01 -7.547128201E-02 1.482676566E-01 2.601802349E-03
 3.201557696E-01 -7.300000191E-01 -7.564391196E-02 1.517739445E-01 2.587204101E-03
 3.233260214E-01 -7.300000191E-01 -7.567126304E-02 1.522658169E-01 2.583618974E-03
 3.419353962E-01 -7.300000191E-01 -7.578647882E-02 1.552183628E-01 2.551775891E-03
 3.476934135E-01 -7.300000191E-01 -7.581235468E-02 1.562055051E-01 2.544279676E-03
 3.666774631E-01 -7.300000191E-01 -7.585304976E-02 1.597517729E-01 2.524632728E-03
 3.683339357E-01 -7.300000191E-01 -7.585415244E-02 1.600607336E-01 2.522422466E-03
 3.875134885E-01 -7.300000191E-01 -7.582822442E-02 1.635351181E-01 2.491218736E-03
 3.934259415E-01 -7.300000191E-01 -7.580977678E-02 1.645896733E-01 2.483648947E-03
 4.158377647E-01 -7.300000191E-01 -7.568760961E-02 1.691872776E-01 2.457883209E-03
 4.194357693E-01 -7.300000191E-01 -7.566300780E-02 1.698764712E-01 2.454310423E-03
 4.439114332E-01 -7.300000191E-01 -7.543090731E-02 1.756756902E-01 2.425485058E-03
 4.451762438E-01 -7.300000191E-01 -7.541755587E-02 1.759432703E-01 2.424137667E-03
 4.535134435E-01 -7.300000191E-01 -7.530573756E-02 1.779329181E-01 2.410505200E-03
 4.715681970E-01 -7.300000191E-01 -7.506550103E-02 1.821151227E-01 2.382301958E-03
 4.746543765E-01 -7.300000191E-01 -7.501444966E-02 1.829361171E-01 2.377401805E-03
 4.994071722E-01 -7.300000191E-01 -7.458732277E-02 1.887284815E-01 2.347111702E-03
 5.094543695E-01 -7.300000191E-01 -7.437647134E-02 1.914754212E-01 2.335535130E-03
 5.291246772E-01 -7.300000191E-01 -7.395716012E-02 1.960296184E-01 2.316396916E-03
 5.489445925E-01 -7.300000191E-01 -7.345239818E-02 2.009533942E-01 2.289969474E-03
 5.614557266E-01 -7.300000191E-01 -7.313107699E-02 2.034128159E-01 2.280137734E-03
 5.943279862E-01 -7.300000191E-01 -7.213045657E-02 2.135232538E-01 2.239941387E-03
 5.981885791E-01 -7.300000191E-01 -7.201316208E-02 2.142472565E-01 2.237481298E-03
 6.022095084E-01 -7.300000191E-01 -7.187402993E-02 2.156503946E-01 2.229847014E-03
 6.312307715E-01 -7.300000191E-01 -7.083453238E-02 2.247438729E-01 2.172325971E-03
 6.412231326E-01 -7.300000191E-01 -7.045277208E-02 2.276148945E-01 2.149532083E-03
 6.651265025E-01 -7.300000191E-01 -6.946300715E-02 2.408812791E-01 2.064849716E-03
 6.666533947E-01 -7.300000191E-01 -6.940001249E-02 2.416645885E-01 2.059731632E-03
 6.676827073E-01 -7.300000191E-01 -6.935346872E-02 2.424168885E-01 2.055085730E-03
 6.875195503E-01 -7.300000191E-01 -6.845898181E-02 2.550802231E-01 1.971964957E-03
 6.972489357E-01 -7.300000191E-01 -6.799201667E-02 2.624320984E-01 1.903942553E-03
 7.033786774E-01 -7.300000191E-01 -6.769626588E-02 2.671550810E-01 1.867904211E-03
 7.156593800E-01 -7.300000191E-01 -6.707537919E-02 2.792931497E-01 1.787303365E-03
 7.166464329E-01 -7.300000191E-01 -6.702556461E-02 2.802686989E-01 1.781094819E-03
 7.168706656E-01 -7.300000191E-01 -6.701389700E-02 2.805207372E-01 1.779569895E-03
 7.173114419E-01 -7.300000191E-01 -6.699061394E-02 2.809051871E-01 1.776407473E-03
 7.266823053E-01 -7.300000191E-01 -6.649794430E-02 2.881815135E-01 1.712470199E-03
 7.339331508E-01 -7.300000191E-01 -6.610564888E-02 2.925788164E-01 1.667412464E-03
 7.341568470E-01 -7.300000191E-01 -6.609356403E-02 2.926934361E-01 1.665671938E-03
 7.343268991E-01 -7.300000191E-01 -6.608417630E-02 2.925687134E-01 1.664577518E-03
 7.393205166E-01 -7.300000191E-01 -6.580828875E-02 2.885413468E-01 1.636105590E-03
 7.407636642E-01 -7.300000191E-01 -6.572753936E-02 2.907970548E-01 1.753106597E-03
 7.423156500E-01 -7.300000191E-01 -6.564065814E-02 2.921134531E-01 1.894570771E-03
 7.436009645E-01 -7.300000191E-01 -6.556806713E-02 2.900342047E-01 2.698880853E-03
 7.448477149E-01 -7.300000191E-01 -6.549765170E-02 2.865977287E-01 3.474766156E-03
 7.459844947E-01 -7.300000191E-01 -6.543292850E-02 2.513511479E-01 3.768529277E-03
 7.471460104E-01 -7.300000191E-01 -6.536680460E-02 2.169444114E-01 4.059570376E-03
