TITLE     = "Surface mesh and solution"
VARIABLES = "x"
"y"
"z"
"cfx"
"Cp"
ZONE T="Slice: Y=-0.001"
STRANDID=0, SOLUTIONTIME=0
Nodes=239, Elements=238, ZONETYPE=FELineSeg
DATAPACKING=POINT
DT=(DOUBLE DOUBLE DOUBLE DOUBLE DOUBLE )
0.1067953900	-0.0009999500	0.0503061120	0.0015679077	-0.1079667700
0.1144825400	-0.0009999500	0.0494445340	0.0015855342	-0.0984453930
0.1418796000	-0.0009999500	0.0462542660	0.0016568711	-0.0726174120
0.1785946800	-0.0009999500	0.0415722390	0.0014656765	-0.0367907210
0.1803412600	-0.0009999500	0.0413562210	0.0014686809	-0.0352877560
0.1828147200	-0.0009999500	0.0410174650	0.0014537969	-0.0328763570
0.2538148800	-0.0009999500	0.0308248570	0.0009572697	0.0234692880
0.2600306900	-0.0009999500	0.0298940930	0.0009171194	0.0292665210
0.2683284900	-0.0009999500	0.0285530910	0.0009461004	0.0341607560
0.3130493800	-0.0009999500	0.0213961210	0.0011275870	0.0716707260
0.3396763500	-0.0009999500	0.0169914890	0.0011016505	0.0982285220
0.3616387500	-0.0009999500	0.0131960710	0.0010731467	0.1186757200
0.4024040400	-0.0009999500	0.0059967120	0.0009839239	0.1478709100
0.4287618400	-0.0009999500	0.0011739291	0.0009769997	0.1677344700
0.4560491100	-0.0009999500	-0.0039014556	0.0009820575	0.1878688000
0.4795424600	-0.0009999500	-0.0083899898	0.0010295706	0.2073759400
0.4957442900	-0.0009999500	-0.0115176610	0.0009737757	0.2192433300
0.5207666200	-0.0009999500	-0.0164454260	0.0008333147	0.2374997700
0.5361290000	-0.0009999500	-0.0195039850	0.0007230713	0.2493863600
0.5569816200	-0.0009999500	-0.0237238820	0.0006406016	0.2684507400
0.5687177200	-0.0009999500	-0.0261280980	0.0005508000	0.2776808100
0.5917288100	-0.0009999500	-0.0308949260	0.0006094327	0.2954496700
0.6021394100	-0.0009999500	-0.0331022290	0.0005683597	0.3027857800
0.6343044600	-0.0009999500	-0.0399417130	0.0004083001	0.3220183800
0.6586443200	-0.0009999500	-0.0452553330	0.0004687295	0.3433363400
0.6653186100	-0.0009999500	-0.0467210560	0.0004238506	0.3493745900
0.6872221800	-0.0009999500	-0.0516019990	0.0004725055	0.3719829600
0.6904229500	-0.0009999500	-0.0523243360	0.0004530923	0.3750683100
0.7205143600	-0.0009999500	-0.0591757480	0.0003881234	0.4026162900
0.7219075000	-0.0009999500	-0.0594968870	0.0003470297	0.4045779700
0.7225156400	-0.0009999500	-0.0596374460	0.0003403362	0.4054685200
0.7383090900	-0.0009999500	-0.0632991790	0.0001838935	0.4333214200
0.7386007300	-0.0009999500	-0.0633675980	0.0001738809	0.4338733900
0.7444163000	-0.0009999500	-0.0647267920	0.0000981221	0.4519836300
0.7444462800	-0.0009999500	-0.0647338550	0.0000964719	0.4520835000
0.7465236200	-0.0009999500	-0.0652207730	0.0000385884	0.4600557100
0.7465285100	-0.0009999500	-0.0652219360	0.0000381809	0.4600761800
0.7469840000	-0.0009999500	-0.0653287990	0.0000066039	0.4628232400
0.7469862700	-0.0009999500	-0.0653293280	0.0000067415	0.4628378200
0.7469869900	-0.0009999500	-0.0653294920	0.0000064085	0.4628326900
0.7471185900	-0.0009999500	-0.0653603750	0.0000371923	0.4647766900
0.7471188300	-0.0009999500	-0.0653604270	0.0000376268	0.4647814600
0.7471189500	-0.0009999500	-0.0653604570	0.0000390467	0.4647798500
0.7471460100	-0.0009999500	-0.0653668050	0.0000687156	0.4654067200
0.7471307500	-0.0009999500	-0.0653676690	0.0001753160	0.4657126100
0.7471306300	-0.0009999500	-0.0653676760	0.0001754638	0.4657076900
0.7470639300	-0.0009999500	-0.0653714540	0.0001091888	0.4642747600
0.7470634000	-0.0009999500	-0.0653714840	0.0001090244	0.4642698800
0.7467935700	-0.0009999500	-0.0653867500	0.0000980214	0.4611379200
0.7467898100	-0.0009999500	-0.0653869660	0.0000996175	0.4611042400
0.7460237700	-0.0009999500	-0.0654302610	0.0000773373	0.4566659900
0.7445622100	-0.0009999500	-0.0655125900	0.0001628725	0.4487392600
0.7445396800	-0.0009999500	-0.0655138720	0.0001648330	0.4486248200
0.7410234800	-0.0009999500	-0.0657104030	0.0003025742	0.4365468300
0.7409538600	-0.0009999500	-0.0657143150	0.0003053085	0.4363398800
0.7362904000	-0.0009999500	-0.0659717400	0.0002006664	0.4252650400
0.7254770400	-0.0009999500	-0.0665544050	0.0003263815	0.4110747600
0.7252432100	-0.0009999500	-0.0665670340	0.0003278651	0.4107525900
0.7071646500	-0.0009999500	-0.0674974840	0.0005559127	0.3890234200
0.7070172400	-0.0009999500	-0.0675050020	0.0005549972	0.3888190400
0.7068393200	-0.0009999500	-0.0675138240	0.0005588764	0.3886213300
0.6920138600	-0.0009999500	-0.0682367610	0.0004018855	0.3729626200
0.6757056700	-0.0009999500	-0.0689910500	0.0006668945	0.3570464600
0.6755321600	-0.0009999500	-0.0689990590	0.0006640172	0.3568654700
0.6753765300	-0.0009999500	-0.0690059810	0.0006671666	0.3567364800
0.6533823000	-0.0009999500	-0.0699566300	0.0005946489	0.3392435300
0.6531673100	-0.0009999500	-0.0699654150	0.0005950440	0.3390831600
0.6375324700	-0.0009999500	-0.0705954950	0.0004483926	0.3270198400
0.6202278100	-0.0009999500	-0.0712492990	0.0006087022	0.3164082800
0.6200611000	-0.0009999500	-0.0712555800	0.0006076996	0.3163032200
0.6014577200	-0.0009999500	-0.0719081090	0.0008826962	0.3084272700
0.6013492300	-0.0009999500	-0.0719119310	0.0008816699	0.3083681800
0.5865285400	-0.0009999500	-0.0723949820	0.0009094215	0.2983704500
0.5864587400	-0.0009999500	-0.0723972920	0.0009105101	0.2983275900
0.5863350600	-0.0009999500	-0.0724010390	0.0009114367	0.2982751100
0.5671335500	-0.0009999500	-0.0729788620	0.0007240672	0.2875413900
0.5669867400	-0.0009999500	-0.0729829220	0.0007256399	0.2874714400
0.5426586900	-0.0009999500	-0.0736377980	0.0006213684	0.2779283200
0.5425235000	-0.0009999500	-0.0736412110	0.0006235535	0.2778639800
0.5234219400	-0.0009999500	-0.0740952720	0.0009339127	0.2674115000
0.5232630400	-0.0009999500	-0.0740989970	0.0009330323	0.2673489700
0.5231397700	-0.0009999500	-0.0741015820	0.0009330518	0.2672896700
0.4920057400	-0.0009999500	-0.0747290550	0.0008112480	0.2568216900
0.4918651000	-0.0009999500	-0.0747316700	0.0008093406	0.2567675400
0.4757115500	-0.0009999500	-0.0750024320	0.0008331439	0.2491345700
0.4756130300	-0.0009999500	-0.0750039740	0.0008321644	0.2490919200
0.4584035300	-0.0009999500	-0.0752512660	0.0008922590	0.2436185800
0.4583087300	-0.0009999500	-0.0752525030	0.0008967490	0.2435858200
0.4438517700	-0.0009999500	-0.0754272940	0.0008926825	0.2377979000
0.4437131000	-0.0009999500	-0.0754288060	0.0008926475	0.2377602200
0.4300566000	-0.0009999500	-0.0755660910	0.0008120691	0.2331123400
0.4299040100	-0.0009999500	-0.0755674320	0.0008148115	0.2330676300
0.4060256200	-0.0009999500	-0.0757419020	0.0009925583	0.2270244200
0.4058854300	-0.0009999500	-0.0757427740	0.0009881134	0.2269701800
0.4057453000	-0.0009999500	-0.0757435410	0.0009942676	0.2269243400
0.3832161100	-0.0009999500	-0.0758306680	0.0009544304	0.2204835900
0.3830552100	-0.0009999500	-0.0758311000	0.0009497985	0.2204430100
0.3829021800	-0.0009999500	-0.0758312640	0.0009537971	0.2203932900
0.3641172300	-0.0009999500	-0.0758445780	0.0011775371	0.2142259900
0.3638685300	-0.0009999500	-0.0758442060	0.0011822018	0.2141628100
0.3497415800	-0.0009999500	-0.0758166690	0.0008638434	0.2105672400
0.3486592200	-0.0009999500	-0.0758108120	0.0008845459	0.2103893800
0.3243115500	-0.0009999500	-0.0756817090	0.0007036589	0.2074860500
0.3102802600	-0.0009999500	-0.0755574260	0.0012054044	0.2031487800
0.3097866800	-0.0009999500	-0.0755530970	0.0011857527	0.2030234300
0.3097103200	-0.0009999500	-0.0755523220	0.0011851214	0.2030018600
0.2933846700	-0.0009999500	-0.0753600900	0.0010781771	0.1993879700
0.2932543200	-0.0009999500	-0.0753583760	0.0010811666	0.1993571800
0.2756744900	-0.0009999500	-0.0750922040	0.0012114803	0.1966241000
0.2755055700	-0.0009999500	-0.0750894470	0.0012094714	0.1966023100
0.2751506600	-0.0009999500	-0.0750826150	0.0012272024	0.1965551100
0.2442920700	-0.0009999500	-0.0744551270	0.0013548257	0.1931526200
0.2438991700	-0.0009999500	-0.0744468050	0.0013421868	0.1931002900
0.2435735900	-0.0009999500	-0.0744387060	0.0013453479	0.1930517900
0.2417021700	-0.0009999500	-0.0743882510	0.0014098092	0.1928118300
0.2219663600	-0.0009999500	-0.0738685280	0.0012182439	0.1920612200
0.2066697300	-0.0009999500	-0.0733950510	0.0014185458	0.1903121000
0.2054329400	-0.0009999500	-0.0733571050	0.0013803686	0.1902375200
0.2025944400	-0.0009999500	-0.0732546520	0.0014297769	0.1900307800
0.1810267000	-0.0009999500	-0.0724746360	0.0012632862	0.1887357400
0.1640364500	-0.0009999500	-0.0717613620	0.0014999749	0.1871042500
0.1624237300	-0.0009999500	-0.0716935320	0.0014429764	0.1870277200
0.1620648700	-0.0009999500	-0.0716776850	0.0014388099	0.1870269200
0.1476297800	-0.0009999500	-0.0710022520	0.0013578859	0.1864635200
0.1471206400	-0.0009999500	-0.0709772110	0.0013665435	0.1864922500
0.1302127500	-0.0009999500	-0.0701045100	0.0012058142	0.1880324900
0.1293724600	-0.0009999500	-0.0700586960	0.0012570982	0.1879775800
0.1062737500	-0.0009999500	-0.0687110280	0.0013638779	0.1896718600
0.1049387800	-0.0009999500	-0.0686303600	0.0013619684	0.1897962500
0.0911416190	-0.0009999500	-0.0677312390	0.0017514803	0.1897941400
0.0905131250	-0.0009999500	-0.0676897620	0.0017167856	0.1898885200
0.0903040620	-0.0009999500	-0.0676752780	0.0017123300	0.1899097300
0.0891512190	-0.0009999500	-0.0675939470	0.0017585113	0.1900426000
0.0716802480	-0.0009999500	-0.0663421900	0.0014461653	0.1934378900
0.0704887210	-0.0009999500	-0.0662521270	0.0014316253	0.1936110000
0.0651609670	-0.0009999500	-0.0658265280	0.0017078355	0.1942428100
0.0561900660	-0.0009999500	-0.0651232970	0.0017141589	0.1976039900
0.0448743630	-0.0009999500	-0.0641545730	0.0022519514	0.1992409800
0.0354829280	-0.0009999500	-0.0633141700	0.0022726496	0.2013559800
0.0290687440	-0.0009999500	-0.0627262520	0.0021025617	0.2032146500
0.0227636120	-0.0009999500	-0.0621058790	0.0022470313	0.2048969300
0.0137705640	-0.0009999500	-0.0612197330	0.0021704419	0.2072831400
0.0084110973	-0.0009999500	-0.0606473090	0.0022095860	0.2090837500
-0.0026499191	-0.0009999500	-0.0594639070	0.0019666075	0.2127630000
-0.0212393780	-0.0009999500	-0.0572789350	0.0022628811	0.2196230600
-0.0240599740	-0.0009999500	-0.0569429250	0.0022467006	0.2207234200
-0.0300745130	-0.0009999500	-0.0561682400	0.0022930735	0.2241527600
-0.0376971400	-0.0009999500	-0.0551856380	0.0021154796	0.2282772200
-0.0433966630	-0.0009999500	-0.0543955940	0.0020170027	0.2321521000
-0.0560409240	-0.0009999500	-0.0526122150	0.0019937429	0.2379829300
-0.0652340430	-0.0009999500	-0.0512102360	0.0021657260	0.2426991600
-0.0742885400	-0.0009999500	-0.0498038490	0.0019539059	0.2491200900
-0.0800744590	-0.0009999500	-0.0488408730	0.0020875107	0.2541105200
-0.0877273750	-0.0009999500	-0.0475446470	0.0020793944	0.2606115300
-0.0956117440	-0.0009999500	-0.0461103210	0.0022009479	0.2697561400
-0.1020155700	-0.0009999500	-0.0449593590	0.0021726712	0.2763262700
-0.1033200200	-0.0009999500	-0.0447128080	0.0022032019	0.2775610700
-0.1148673700	-0.0009999500	-0.0423778930	0.0023609905	0.2893891600
-0.1245238800	-0.0009999500	-0.0404281210	0.0021998865	0.2998791000
-0.1408062700	-0.0009999500	-0.0367176120	0.0021686085	0.3213177000
-0.1435125300	-0.0009999500	-0.0360830580	0.0021767609	0.3255453100
-0.1523468800	-0.0009999500	-0.0338766540	0.0019688513	0.3450767100
-0.1587558100	-0.0009999500	-0.0321558970	0.0020749313	0.3572541200
-0.1695051000	-0.0009999500	-0.0291386620	0.0022130523	0.3815485200
-0.1723045100	-0.0009999500	-0.0283279750	0.0021099133	0.3888663900
-0.1726821400	-0.0009999500	-0.0282196830	0.0020888210	0.3898029000
-0.1727442100	-0.0009999500	-0.0282014370	0.0020870581	0.3899954900
-0.1728134300	-0.0009999500	-0.0281799730	0.0020878953	0.3901372000
-0.1731049600	-0.0009999500	-0.0280878100	0.0021011989	0.3908743900
-0.1798232900	-0.0009999500	-0.0259114000	0.0019358942	0.4162949000
-0.1905569300	-0.0009999500	-0.0224013070	0.0014647734	0.4509968800
-0.1949202000	-0.0009999500	-0.0206958430	0.0013682367	0.4751818800
-0.2055147100	-0.0009999500	-0.0166287120	0.0007403874	0.5277854800
-0.2067133000	-0.0009999500	-0.0161738080	0.0006711569	0.5333431400
-0.2071734700	-0.0009999500	-0.0159793010	0.0006640792	0.5357625500
-0.2216704200	-0.0009999500	-0.0090985978	0.0005645627	0.6330494900
-0.2217858400	-0.0009999500	-0.0090411156	0.0005644111	0.6340409500
-0.2325461800	-0.0009999500	-0.0024352300	0.0004223518	0.7664944500
-0.2340252500	-0.0009999500	-0.0014854962	0.0003530707	0.7829879500
-0.2400487100	-0.0009999500	0.0034695594	0.0002072108	0.8951857700
-0.2403380000	-0.0009999500	0.0037174523	0.0001946120	0.9007576700
-0.2406682500	-0.0009999500	0.0040728222	0.0001831128	0.9059774300
-0.2441182700	-0.0009999500	0.0078635691	0.0000689881	0.9546628000
-0.2452111200	-0.0009999500	0.0093935765	0.0000425895	0.9703157500
-0.2459766700	-0.0009999500	0.0104502560	0.0000074896	0.9787648300
-0.2464129000	-0.0009999500	0.0112057170	-0.0000097478	0.9777411200
-0.2468781500	-0.0009999500	0.0120121810	-0.0000277557	0.9768196300
-0.2472042300	-0.0009999500	0.0126961090	-0.0000326188	0.9619427300
-0.2478326000	-0.0009999500	0.0140819910	-0.0000417654	0.9327485000
-0.2487584200	-0.0009999500	0.0173962770	-0.0000345065	0.8216188000
-0.2489026000	-0.0009999500	0.0178805110	-0.0000338635	0.8067097700
-0.2489278200	-0.0009999500	0.0184845610	-0.0000225943	0.7749831700
-0.2490486800	-0.0009999500	0.0217889360	0.0000397828	0.5988144900
-0.2486304300	-0.0009999500	0.0237637500	0.0001888134	0.4396760200
-0.2482663700	-0.0009999500	0.0254941490	0.0002782684	0.3145630100
-0.2471912800	-0.0009999500	0.0276137530	0.0004556349	0.1660763900
-0.2457364900	-0.0009999500	0.0303262300	0.0007980536	-0.0044031073
-0.2434223700	-0.0009999500	0.0328872540	0.0016394988	-0.1718603100
-0.2421432700	-0.0009999500	0.0343420770	0.0019454602	-0.2654655300
-0.2396787600	-0.0009999500	0.0363036690	0.0020020172	-0.3208353200
-0.2381100800	-0.0009999500	0.0375450660	0.0020872359	-0.3561793900
-0.2372246700	-0.0009999500	0.0380974930	0.0023464019	-0.3678178800
-0.2345326700	-0.0009999500	0.0398047600	0.0029434119	-0.4066298600
-0.2306817200	-0.0009999500	0.0417505470	0.0030586758	-0.4278628200
-0.2274389100	-0.0009999500	0.0433781260	0.0027559218	-0.4411467900
-0.2251367000	-0.0009999500	0.0443545950	0.0022284436	-0.4395585400
-0.2209969600	-0.0009999500	0.0459403430	0.0026801866	-0.4416553700
-0.2169155600	-0.0009999500	0.0473932960	0.0029366819	-0.4418439600
-0.2114688300	-0.0009999500	0.0490431900	0.0023668912	-0.4369230900
-0.2097710400	-0.0009999500	0.0495513040	0.0025424891	-0.4348001800
-0.2046890300	-0.0009999500	0.0508665070	0.0033634861	-0.4321070900
-0.2025187800	-0.0009999500	0.0514173920	0.0033622536	-0.4301614500
-0.1981171800	-0.0009999500	0.0523862210	0.0029332819	-0.4208733400
-0.1935316600	-0.0009999500	0.0533748870	0.0027299468	-0.4125376000
-0.1842211600	-0.0009999500	0.0550255100	0.0023692250	-0.3996547800
-0.1801936900	-0.0009999500	0.0557308160	0.0022867647	-0.3942765900
-0.1704304500	-0.0009999500	0.0570312370	0.0027803426	-0.3822615700
-0.1645082500	-0.0009999500	0.0578519890	0.0027604792	-0.3749699300
-0.1588404500	-0.0009999500	0.0584584770	0.0029755439	-0.3693464700
-0.1519821900	-0.0009999500	0.0591554570	0.0029282447	-0.3604532500
-0.1462526200	-0.0009999500	0.0596125950	0.0024364430	-0.3523089900
-0.1386215700	-0.0009999500	0.0602243100	0.0021008332	-0.3425595800
-0.1249556100	-0.0009999500	0.0610040540	0.0016573719	-0.3266763700
-0.1209327800	-0.0009999500	0.0612176210	0.0016627093	-0.3226608000
-0.1163908800	-0.0009999500	0.0613351020	0.0017513722	-0.3179412800
-0.1018649600	-0.0009999500	0.0618246640	0.0017627631	-0.2998881600
-0.0885790440	-0.0009999500	0.0619435010	0.0014133229	-0.2868103400
-0.0789506060	-0.0009999500	0.0620610860	0.0014735437	-0.2789703000
-0.0746816550	-0.0009999500	0.0620246680	0.0014631991	-0.2746815100
-0.0559604090	-0.0009999500	0.0617960840	0.0014671692	-0.2560969600
-0.0529444330	-0.0009999500	0.0617141130	0.0014541455	-0.2523750400
-0.0243307280	-0.0009999500	0.0607508760	0.0010578710	-0.2246125600
-0.0214740500	-0.0009999500	0.0606169740	0.0010497779	-0.2218122900
0.0154277260	-0.0009999500	0.0584775950	0.0011450558	-0.1925314400
0.0271740930	-0.0009999500	0.0576646700	0.0011739749	-0.1833110000
0.0475134100	-0.0009999500	0.0560434540	0.0015135636	-0.1661687900
0.0692226740	-0.0009999500	0.0541252080	0.0018928832	-0.1434666800
0.0775704910	-0.0009999500	0.0533063900	0.0018571813	-0.1351469200
0.1067953900	-0.0009999500	0.0503061120	0.0015679077	-0.1079667700
1 2 
2 3 
3 4 
4 5 
5 6 
6 7 
7 8 
8 9 
9 10 
10 11 
11 12 
12 13 
13 14 
14 15 
15 16 
16 17 
17 18 
18 19 
19 20 
20 21 
21 22 
22 23 
23 24 
24 25 
25 26 
26 27 
27 28 
28 29 
29 30 
30 31 
31 32 
32 33 
33 34 
34 35 
35 36 
36 37 
37 38 
38 39 
39 40 
40 41 
41 42 
42 43 
43 44 
44 45 
45 46 
46 47 
47 48 
48 49 
49 50 
50 51 
51 52 
52 53 
53 54 
54 55 
55 56 
56 57 
57 58 
58 59 
59 60 
60 61 
61 62 
62 63 
63 64 
64 65 
65 66 
66 67 
67 68 
68 69 
69 70 
70 71 
71 72 
72 73 
73 74 
74 75 
75 76 
76 77 
77 78 
78 79 
79 80 
80 81 
81 82 
82 83 
83 84 
84 85 
85 86 
86 87 
87 88 
88 89 
89 90 
90 91 
91 92 
92 93 
93 94 
94 95 
95 96 
96 97 
97 98 
98 99 
99 100 
100 101 
101 102 
102 103 
103 104 
104 105 
105 106 
106 107 
107 108 
108 109 
109 110 
110 111 
111 112 
112 113 
113 114 
114 115 
115 116 
116 117 
117 118 
118 119 
119 120 
120 121 
121 122 
122 123 
123 124 
124 125 
125 126 
126 127 
127 128 
128 129 
129 130 
130 131 
131 132 
132 133 
133 134 
134 135 
135 136 
136 137 
137 138 
138 139 
139 140 
140 141 
141 142 
142 143 
143 144 
144 145 
145 146 
146 147 
147 148 
148 149 
149 150 
150 151 
151 152 
152 153 
153 154 
154 155 
155 156 
156 157 
157 158 
158 159 
159 160 
160 161 
161 162 
162 163 
163 164 
164 165 
165 166 
166 167 
167 168 
168 169 
169 170 
170 171 
171 172 
172 173 
173 174 
174 175 
175 176 
176 177 
177 178 
178 179 
179 180 
180 181 
181 182 
182 183 
183 184 
184 185 
185 186 
186 187 
187 188 
188 189 
189 190 
190 191 
191 192 
192 193 
193 194 
194 195 
195 196 
196 197 
197 198 
198 199 
199 200 
200 201 
201 202 
202 203 
203 204 
204 205 
205 206 
206 207 
207 208 
208 209 
209 210 
210 211 
211 212 
212 213 
213 214 
214 215 
215 216 
216 217 
217 218 
218 219 
219 220 
220 221 
221 222 
222 223 
223 224 
224 225 
225 226 
226 227 
227 228 
228 229 
229 230 
230 231 
231 232 
232 233 
233 234 
234 235 
235 236 
236 237 
237 238 
238 239 
ZONE T="Slice: Y=-0.035"
STRANDID=0, SOLUTIONTIME=0
Nodes=377, Elements=376, ZONETYPE=FELineSeg
DATAPACKING=POINT
DT=(DOUBLE DOUBLE DOUBLE DOUBLE DOUBLE )
0.0875483970	-0.0349999520	0.0523377810	0.0027960998	-0.1290445500
0.0884896740	-0.0349999520	0.0522384420	0.0028078530	-0.1281185600
0.1037167500	-0.0349999520	0.0506428110	0.0029524227	-0.1123739300
0.1090626200	-0.0349999520	0.0500503590	0.0029150764	-0.1083258800
0.1184825500	-0.0349999520	0.0490081870	0.0028294307	-0.1003839100
0.1303194300	-0.0349999520	0.0476392020	0.0026266174	-0.0880812260
0.1313521600	-0.0349999520	0.0475197170	0.0026047637	-0.0868683310
0.1316937500	-0.0349999520	0.0474783260	0.0026044092	-0.0866248010
0.1360117500	-0.0349999520	0.0469569490	0.0025985008	-0.0820852820
0.1476987700	-0.0349999520	0.0455468260	0.0025897344	-0.0704360680
0.1499438000	-0.0349999520	0.0452681780	0.0026034988	-0.0685101080
0.1556550600	-0.0349999520	0.0445415710	0.0025113694	-0.0630048070
0.1697451000	-0.0349999520	0.0427528960	0.0023830597	-0.0511977860
0.1715983200	-0.0349999520	0.0425055880	0.0023682995	-0.0494178870
0.1886780100	-0.0349999520	0.0402364210	0.0022520634	-0.0343076180
0.2030648000	-0.0349999520	0.0382386860	0.0022992131	-0.0220988900
0.2124981900	-0.0349999520	0.0369284230	0.0023394014	-0.0142057920
0.2304888100	-0.0349999520	0.0343290870	0.0022057230	0.0029849121
0.2317780300	-0.0349999520	0.0341425500	0.0022059833	0.0041016284
0.2331890300	-0.0349999520	0.0339322460	0.0021846055	0.0055788141
0.2503691600	-0.0349999520	0.0313696710	0.0020867220	0.0209537950
0.2661559300	-0.0349999520	0.0289431570	0.0020341603	0.0349997800
0.2723720400	-0.0349999520	0.0279850230	0.0020584825	0.0403701700
0.2775211300	-0.0349999520	0.0271659530	0.0020106751	0.0452273300
0.2947690200	-0.0349999520	0.0244324690	0.0019857615	0.0613287240
0.3018006400	-0.0349999520	0.0232876000	0.0019571423	0.0672695860
0.3270336100	-0.0349999520	0.0191342530	0.0018458933	0.0844242130
0.3298163700	-0.0349999520	0.0186682320	0.0018496011	0.0866791230
0.3507912500	-0.0349999520	0.0151052550	0.0020103980	0.1033906700
0.3568287200	-0.0349999520	0.0140686110	0.0020010264	0.1087934000
0.3676913700	-0.0349999520	0.0121676040	0.0018904602	0.1181194800
0.3783877200	-0.0349999520	0.0103040240	0.0018492679	0.1294842800
0.4030349000	-0.0349999520	0.0059009464	0.0015920701	0.1489555100
0.4056946900	-0.0349999520	0.0054245824	0.0015727121	0.1510831400
0.4062048200	-0.0349999520	0.0053309822	0.0015719690	0.1514904600
0.4292914000	-0.0349999520	0.0011100461	0.0016115535	0.1697645800
0.4298528100	-0.0349999520	0.0010052341	0.0016137427	0.1701886200
0.4564545800	-0.0349999520	-0.0039644395	0.0016656699	0.1913135500
0.4601581100	-0.0349999520	-0.0046738293	0.0016582586	0.1938115100
0.4901741100	-0.0349999520	-0.0104200800	0.0016009056	0.2125017800
0.5137922800	-0.0349999520	-0.0150529180	0.0014983016	0.2318726300
0.5213095500	-0.0349999520	-0.0165303960	0.0014856879	0.2378073500
0.5298010700	-0.0349999520	-0.0182358400	0.0014455901	0.2438528100
0.5482536000	-0.0349999520	-0.0219348390	0.0013478236	0.2602554000
0.5769974600	-0.0349999520	-0.0278642160	0.0013075913	0.2796430300
0.5922889700	-0.0349999520	-0.0310015920	0.0012675462	0.2908556200
0.6326411400	-0.0349999520	-0.0395677830	0.0010633983	0.3180095600
0.6327811500	-0.0349999520	-0.0395975670	0.0010624692	0.3181147000
0.6328426600	-0.0349999520	-0.0396109890	0.0010622131	0.3181665500
0.6586846700	-0.0349999520	-0.0452403020	0.0010368603	0.3415849800
0.6833935400	-0.0349999520	-0.0507310670	0.0009022715	0.3618381600
0.6925020200	-0.0349999520	-0.0527648850	0.0008826804	0.3712858600
0.7136223900	-0.0349999520	-0.0575735720	0.0007216654	0.3983833200
0.7155501800	-0.0349999520	-0.0580122840	0.0007099007	0.4005287300
0.7164037200	-0.0349999520	-0.0582091140	0.0007014686	0.4015848000
0.7316247800	-0.0349999520	-0.0617301020	0.0004743580	0.4233381700
0.7332822700	-0.0349999520	-0.0621170480	0.0004471515	0.4261327400
0.7395960700	-0.0349999520	-0.0635982980	0.0002303808	0.4380824600
0.7436622400	-0.0349999520	-0.0645486410	0.0001774106	0.4507450800
0.7447127100	-0.0349999520	-0.0647959860	0.0001196502	0.4542412200
0.7463827700	-0.0349999520	-0.0651874540	0.0000731138	0.4606505900
0.7465553900	-0.0349999520	-0.0652281120	0.0000588539	0.4613671900
0.7469079500	-0.0349999520	-0.0653108280	0.0000344113	0.4634935900
0.7469860300	-0.0349999520	-0.0653292390	0.0000392273	0.4640046100
0.7470112400	-0.0349999520	-0.0653351770	0.0000275699	0.4638247500
0.7471125100	-0.0349999520	-0.0653589290	0.0000512507	0.4653202000
0.7471203200	-0.0349999520	-0.0653607770	0.0000664570	0.4654865600
0.7471244900	-0.0349999520	-0.0653617680	0.0001161552	0.4654299000
0.7471460100	-0.0349999520	-0.0653668050	0.0001397055	0.4659274800
0.7471338500	-0.0349999520	-0.0653674900	0.0002243217	0.4661702800
0.7471297400	-0.0349999520	-0.0653677280	0.0002294969	0.4659981700
0.7470730500	-0.0349999520	-0.0653709400	0.0001731374	0.4647796200
0.7470524300	-0.0349999520	-0.0653721170	0.0001673826	0.4646085200
0.7468277800	-0.0349999520	-0.0653848280	0.0001582217	0.4620009100
0.7466955800	-0.0349999520	-0.0653923970	0.0002140869	0.4608223700
0.7461956100	-0.0349999520	-0.0654206570	0.0001995461	0.4579258300
0.7452417600	-0.0349999520	-0.0654743840	0.0002553692	0.4527525600
0.7444517600	-0.0349999520	-0.0655192880	0.0003239922	0.4487473100
0.7421528700	-0.0349999520	-0.0656477810	0.0004140496	0.4408505300
0.7397156400	-0.0349999520	-0.0657847600	0.0005097523	0.4336065400
0.7373793700	-0.0349999520	-0.0659137220	0.0004573300	0.4280583900
0.7319622000	-0.0349999520	-0.0662056130	0.0005203093	0.4209494900
0.7237787200	-0.0349999520	-0.0666477010	0.0005722372	0.4096730900
0.7132333500	-0.0349999520	-0.0671904390	0.0007052592	0.3969982900
0.7080740300	-0.0349999520	-0.0674535780	0.0006732151	0.3898446300
0.7018451700	-0.0349999520	-0.0677623820	0.0008089956	0.3829245300
0.6928758000	-0.0349999520	-0.0681997540	0.0007140159	0.3734509900
0.6830093300	-0.0349999520	-0.0686561020	0.0008743466	0.3638217200
0.6769366300	-0.0349999520	-0.0689363700	0.0007736373	0.3574869000
0.6714903100	-0.0349999520	-0.0691788200	0.0008838725	0.3529719700
0.6560344100	-0.0349999520	-0.0698468610	0.0008329125	0.3406792300
0.6485104600	-0.0349999520	-0.0701542940	0.0008467424	0.3350667700
0.6378027200	-0.0349999520	-0.0705858170	0.0007463059	0.3268050000
0.6259513500	-0.0349999520	-0.0710335820	0.0008560965	0.3195374900
0.6201160000	-0.0349999520	-0.0712534260	0.0008210042	0.3158606600
0.6059456500	-0.0349999520	-0.0717504620	0.0010304707	0.3098614800
0.6021477600	-0.0349999520	-0.0718842670	0.0009945489	0.3077923100
0.5894174600	-0.0349999520	-0.0722991900	0.0010183863	0.2992047100
0.5869743800	-0.0349999520	-0.0723799690	0.0010564904	0.2977044300
0.5826442200	-0.0349999520	-0.0725111660	0.0010889218	0.2958678300
0.5678394400	-0.0349999520	-0.0729566890	0.0009444559	0.2875918700
0.5627009300	-0.0349999520	-0.0730987410	0.0009995012	0.2851440300
0.5453336800	-0.0349999520	-0.0735662430	0.0009250643	0.2783314300
0.5406013100	-0.0349999520	-0.0736858320	0.0010015443	0.2760797700
0.5281926400	-0.0349999520	-0.0739808010	0.0012031593	0.2692896700
0.5226311100	-0.0349999520	-0.0741112230	0.0011723419	0.2671010200
0.5183171600	-0.0349999520	-0.0742016960	0.0011730270	0.2650252600
0.4953586200	-0.0349999520	-0.0746643990	0.0010832077	0.2573060400
0.4904359900	-0.0349999520	-0.0747560340	0.0010164460	0.2554109700
0.4774053400	-0.0349999520	-0.0749744470	0.0010356475	0.2492536300
0.4739576600	-0.0349999520	-0.0750286580	0.0010013640	0.2477607400
0.4592496200	-0.0349999520	-0.0752399940	0.0010527237	0.2430829600
0.4559310700	-0.0349999520	-0.0752834450	0.0012098825	0.2419366500
0.4454754900	-0.0349999520	-0.0754098520	0.0012069414	0.2377506900
0.4406212600	-0.0349999520	-0.0754626320	0.0012057132	0.2364318500
0.4308574800	-0.0349999520	-0.0755607860	0.0011481031	0.2331088000
0.4255158300	-0.0349999520	-0.0756076050	0.0012440915	0.2315439900
0.4114220400	-0.0349999520	-0.0757105870	0.0013490034	0.2279771000
0.4065147000	-0.0349999520	-0.0757410600	0.0011934250	0.2260782700
0.4016099000	-0.0349999520	-0.0757679340	0.0014088309	0.2244739200
0.3883805600	-0.0349999520	-0.0758190970	0.0013854381	0.2206918400
0.3827485700	-0.0349999520	-0.0758341850	0.0012233157	0.2192716300
0.3773915200	-0.0349999520	-0.0758398180	0.0013632699	0.2175311700
0.3655109100	-0.0349999520	-0.0758482440	0.0015047754	0.2136306300
0.3568053800	-0.0349999520	-0.0758352060	0.0016680454	0.2114194800
0.3515176800	-0.0349999520	-0.0758249010	0.0015488843	0.2100736600
0.3327868300	-0.0349999520	-0.0757234470	0.0019071484	0.2069958200
0.3238997800	-0.0349999520	-0.0756765830	0.0019173664	0.2053356200
0.3228119600	-0.0349999520	-0.0756676720	0.0019156611	0.2051992100
0.3113701600	-0.0349999520	-0.0755673800	0.0014601370	0.2022935900
0.3086980000	-0.0349999520	-0.0755401700	0.0014380409	0.2015388200
0.2961826600	-0.0349999520	-0.0753928050	0.0013560567	0.1987683800
0.2916196900	-0.0349999520	-0.0753328950	0.0014606951	0.1976905200
0.2795555900	-0.0349999520	-0.0751502360	0.0015501226	0.1958149400
0.2736432000	-0.0349999520	-0.0750537440	0.0014798046	0.1950523400
0.2612200700	-0.0349999520	-0.0748147140	0.0021004216	0.1934000300
0.2607843900	-0.0349999520	-0.0748058560	0.0021022234	0.1933519800
0.2470323400	-0.0349999520	-0.0745144640	0.0016598401	0.1915201500
0.2356369500	-0.0349999520	-0.0742310960	0.0017704810	0.1898221800
0.2240433500	-0.0349999520	-0.0739185140	0.0021698241	0.1883356400
0.2172806000	-0.0349999520	-0.0737220720	0.0022150530	0.1879504900
0.2089004700	-0.0349999520	-0.0734642970	0.0021527242	0.1866727800
0.2068060900	-0.0349999520	-0.0733968990	0.0021382486	0.1863867600
0.1990487400	-0.0349999520	-0.0731295500	0.0021701654	0.1858456300
0.1870996500	-0.0349999520	-0.0727044720	0.0022031586	0.1854661700
0.1703094500	-0.0349999520	-0.0720401780	0.0021980516	0.1836429400
0.1701296000	-0.0349999520	-0.0720326160	0.0021916947	0.1836344000
0.1575685900	-0.0349999520	-0.0714779270	0.0020458608	0.1836064000
0.1536841800	-0.0349999520	-0.0712961700	0.0020240846	0.1834548000
0.1421555400	-0.0349999520	-0.0707291360	0.0022201232	0.1841054000
0.1376605000	-0.0349999520	-0.0705090840	0.0022135276	0.1844776900
0.1367487800	-0.0349999520	-0.0704614670	0.0022234899	0.1845537600
0.1240080600	-0.0349999520	-0.0697690840	0.0023986236	0.1848592800
0.1204802200	-0.0349999520	-0.0695701990	0.0023984445	0.1847474300
0.1160875800	-0.0349999520	-0.0693098830	0.0024483562	0.1853655300
0.1056703800	-0.0349999520	-0.0686796530	0.0025473739	0.1861069500
0.0979715960	-0.0349999520	-0.0681866480	0.0025569484	0.1864569200
0.0925220770	-0.0349999520	-0.0678269860	0.0022561167	0.1872753100
0.0852045420	-0.0349999520	-0.0673202350	0.0021001650	0.1880171900
0.0796434280	-0.0349999520	-0.0669278950	0.0023229357	0.1886581500
0.0755250080	-0.0349999520	-0.0666257070	0.0023540431	0.1896730200
0.0664755110	-0.0349999520	-0.0659378170	0.0024917089	0.1905063200
0.0633434130	-0.0349999520	-0.0656954350	0.0025113699	0.1903937800
0.0583551940	-0.0349999520	-0.0652884100	0.0024657996	0.1913676700
0.0525043160	-0.0349999520	-0.0648137110	0.0024286118	0.1928000900
0.0458360350	-0.0349999520	-0.0642391370	0.0024205495	0.1937781900
0.0402110700	-0.0349999520	-0.0637505950	0.0024269326	0.1947561900
0.0333302430	-0.0349999520	-0.0631156560	0.0024883918	0.1963492800
0.0273936370	-0.0349999520	-0.0625670030	0.0025450180	0.1980401700
0.0201680640	-0.0349999520	-0.0618598270	0.0025364519	0.1986893600
0.0127121710	-0.0349999520	-0.0611029230	0.0024861006	0.2002417000
0.0067037428	-0.0349999520	-0.0604818540	0.0024664794	0.2026481000
0.0036309303	-0.0349999520	-0.0601513270	0.0024382785	0.2032521500
-0.0078678252	-0.0349999520	-0.0588700960	0.0024719035	0.2064690900
-0.0090622809	-0.0349999520	-0.0587383290	0.0024896725	0.2070845200
-0.0112155660	-0.0349999520	-0.0584836750	0.0024874411	0.2078659500
-0.0200669540	-0.0349999520	-0.0574339810	0.0025468351	0.2128505600
-0.0215701800	-0.0349999520	-0.0572493600	0.0025356309	0.2132448100
-0.0317507390	-0.0349999520	-0.0559633000	0.0025930082	0.2182571900
-0.0356130230	-0.0349999520	-0.0554590710	0.0025838036	0.2195422200
-0.0430921130	-0.0349999520	-0.0544545950	0.0025631188	0.2236703600
-0.0480503920	-0.0349999520	-0.0537587480	0.0025234789	0.2268655000
-0.0541013930	-0.0349999520	-0.0529004600	0.0024371897	0.2311432800
-0.0613303560	-0.0349999520	-0.0518195780	0.0024671625	0.2339779300
-0.0666236730	-0.0349999520	-0.0510158540	0.0025250219	0.2366496500
-0.0727609840	-0.0349999520	-0.0500500390	0.0026446200	0.2401843200
-0.0794570820	-0.0349999520	-0.0489457990	0.0025077597	0.2453977300
-0.0834681020	-0.0349999520	-0.0482819680	0.0024472188	0.2492897800
-0.0936105180	-0.0349999520	-0.0465074590	0.0025103198	0.2544876900
-0.0938374550	-0.0349999520	-0.0464678180	0.0025084078	0.2546392100
-0.0940797700	-0.0349999520	-0.0464233640	0.0025100031	0.2548799500
-0.1014132600	-0.0349999520	-0.0450746120	0.0025667822	0.2637844100
-0.1101266100	-0.0349999520	-0.0433919800	0.0026341108	0.2693283900
-0.1109015400	-0.0349999520	-0.0432427640	0.0026345790	0.2698710600
-0.1112254000	-0.0349999520	-0.0431779060	0.0026392535	0.2702540500
-0.1145166300	-0.0349999520	-0.0425089450	0.0026808150	0.2746613000
-0.1191235800	-0.0349999520	-0.0415712300	0.0027360575	0.2819564300
-0.1214957500	-0.0349999520	-0.0410666610	0.0026558229	0.2845492700
-0.1256441000	-0.0349999520	-0.0401863120	0.0025574225	0.2906125500
-0.1272714400	-0.0349999520	-0.0398289640	0.0025363981	0.2929069100
-0.1310232100	-0.0349999520	-0.0390008170	0.0025109328	0.2982911500
-0.1356217600	-0.0349999520	-0.0379451660	0.0024619087	0.3038325000
-0.1378732800	-0.0349999520	-0.0374322160	0.0024368939	0.3065857600
-0.1414187400	-0.0349999520	-0.0365810880	0.0024003874	0.3106692700
-0.1467539100	-0.0349999520	-0.0352922720	0.0024402122	0.3182891000
-0.1493540000	-0.0349999520	-0.0346306230	0.0024626982	0.3235892400
-0.1531783000	-0.0349999520	-0.0336624050	0.0025738643	0.3322124200
-0.1585144500	-0.0349999520	-0.0322509710	0.0026504136	0.3414450300
-0.1585611100	-0.0349999520	-0.0322386550	0.0026515300	0.3415364900
-0.1586032700	-0.0349999520	-0.0322270880	0.0026501131	0.3415868600
-0.1660657500	-0.0349999520	-0.0301544850	0.0024751681	0.3552841200
-0.1673124600	-0.0349999520	-0.0297998860	0.0024705185	0.3590004100
-0.1722528000	-0.0349999520	-0.0283471180	0.0023933185	0.3713588700
-0.1729196600	-0.0349999520	-0.0281478000	0.0023940601	0.3728919600
-0.1794790200	-0.0349999520	-0.0261144970	0.0024442017	0.3877429100
-0.1800066500	-0.0349999520	-0.0259490930	0.0024467327	0.3892506700
-0.1816190500	-0.0349999520	-0.0254232310	0.0024551019	0.3943457000
-0.1840598900	-0.0349999520	-0.0246288780	0.0025293945	0.4058674000
-0.1875171200	-0.0349999520	-0.0234502830	0.0025202451	0.4171706400
-0.1899541900	-0.0349999520	-0.0226185170	0.0025465774	0.4273192600
-0.1917601800	-0.0349999520	-0.0219714180	0.0024803013	0.4333296400
-0.1963302600	-0.0349999520	-0.0203057450	0.0023560923	0.4527295200
-0.1980980600	-0.0349999520	-0.0196304540	0.0023135568	0.4602265700
-0.2029051500	-0.0349999520	-0.0177516900	0.0022031570	0.4774572000
-0.2067728800	-0.0349999520	-0.0161342830	0.0021843903	0.4984759700
-0.2080236400	-0.0349999520	-0.0156179660	0.0022117899	0.5044190900
-0.2089893400	-0.0349999520	-0.0151944900	0.0021937873	0.5098577100
-0.2120838900	-0.0349999520	-0.0137869200	0.0021495611	0.5314037200
-0.2143154400	-0.0349999520	-0.0127845700	0.0021269204	0.5478151400
-0.2163769500	-0.0349999520	-0.0117792510	0.0021258237	0.5600471500
-0.2196819800	-0.0349999520	-0.0101443270	0.0021356746	0.5833275900
-0.2228010900	-0.0349999520	-0.0084876269	0.0020970501	0.6131061300
-0.2231971200	-0.0349999520	-0.0082755759	0.0020871564	0.6173768000
-0.2248122800	-0.0349999520	-0.0073585366	0.0020674377	0.6335111300
-0.2264502200	-0.0349999520	-0.0064201788	0.0020197377	0.6509937000
-0.2278673400	-0.0349999520	-0.0055520949	0.0019851554	0.6660614600
-0.2293624000	-0.0349999520	-0.0046418901	0.0019233965	0.6828468400
-0.2299958600	-0.0349999520	-0.0042317398	0.0019034193	0.6907148400
-0.2320232100	-0.0349999520	-0.0028947543	0.0017962980	0.7180833200
-0.2334737300	-0.0349999520	-0.0018808107	0.0018201944	0.7392221700
-0.2353628700	-0.0349999520	-0.0004665347	0.0016624432	0.7686746700
-0.2368824900	-0.0349999520	0.0006971054	0.0014561861	0.7945492300
-0.2380724100	-0.0349999520	0.0017224244	0.0012885052	0.8209078300
-0.2398334900	-0.0349999520	0.0032428948	0.0009771008	0.8566024900
-0.2417581800	-0.0349999520	0.0051626386	0.0006520977	0.9021351300
-0.2425125200	-0.0349999520	0.0059509957	0.0005539842	0.9192139500
-0.2437657400	-0.0349999520	0.0074033351	0.0004172296	0.9458001900
-0.2454460400	-0.0349999520	0.0096641909	0.0002302245	0.9841120200
-0.2456427500	-0.0349999520	0.0099315885	0.0002099078	0.9868776200
-0.2457733800	-0.0349999520	0.0101739410	0.0001968208	0.9877366400
-0.2471154300	-0.0349999520	0.0125665330	0.0000339345	0.9871018500
-0.2475428000	-0.0349999520	0.0133831120	-0.0000219038	0.9873815800
-0.2478103800	-0.0349999520	0.0140927680	-0.0000713557	0.9798664500
-0.2486070800	-0.0349999520	0.0164769090	-0.0001342187	0.9310439800
-0.2486813500	-0.0349999520	0.0167522240	-0.0001314578	0.9211804300
-0.2487351100	-0.0349999520	0.0171354150	-0.0001139504	0.9008764600
-0.2490571300	-0.0349999520	0.0191890560	-0.0000306952	0.7892929900
-0.2490574600	-0.0349999520	0.0211070310	0.0001259353	0.6685147300
-0.2490486800	-0.0349999520	0.0217889360	0.0002321545	0.6176877600
-0.2488962100	-0.0349999520	0.0229374770	0.0005251907	0.5234209900
-0.2488655100	-0.0349999520	0.0231657440	0.0006337313	0.4962947400
-0.2485682700	-0.0349999520	0.0244568830	0.0012009605	0.3703684500
-0.2484998400	-0.0349999520	0.0247437900	0.0013387732	0.3483938600
-0.2483822300	-0.0349999520	0.0250984620	0.0016354292	0.3050302600
-0.2480393600	-0.0349999520	0.0261211000	0.0020137831	0.1882079200
-0.2476619000	-0.0349999520	0.0270101110	0.0026675184	0.1053996200
-0.2474793000	-0.0349999520	0.0274131540	0.0029855463	0.0669696110
-0.2470469900	-0.0349999520	0.0282559770	0.0035638782	-0.0029195973
-0.2468743600	-0.0349999520	0.0285625460	0.0037174946	-0.0253011170
-0.2464634200	-0.0349999520	0.0292566200	0.0040664871	-0.0948272270
-0.2458866200	-0.0349999520	0.0301227900	0.0048593167	-0.1774679700
-0.2457935200	-0.0349999520	0.0302614350	0.0049282174	-0.1889051900
-0.2457734300	-0.0349999520	0.0302871630	0.0049348252	-0.1908348900
-0.2447381000	-0.0349999520	0.0316341150	0.0054729062	-0.2780154000
-0.2446272100	-0.0349999520	0.0317636430	0.0055777312	-0.2901338600
-0.2440630000	-0.0349999520	0.0323915850	0.0057468667	-0.3237485300
-0.2436359100	-0.0349999520	0.0328745020	0.0056176430	-0.3436282600
-0.2432770400	-0.0349999520	0.0332345660	0.0058223390	-0.3640739300
-0.2423676000	-0.0349999520	0.0341343620	0.0056168172	-0.3948918600
-0.2412637500	-0.0349999520	0.0351187440	0.0055505233	-0.4527839700
-0.2411483500	-0.0349999520	0.0352180340	0.0055562350	-0.4565223200
-0.2402714600	-0.0349999520	0.0359372460	0.0055987468	-0.4642270200
-0.2392249000	-0.0349999520	0.0367253980	0.0055160261	-0.4918316000
-0.2388315200	-0.0349999520	0.0370294490	0.0055277290	-0.4975307000
-0.2383876400	-0.0349999520	0.0373489970	0.0054099473	-0.4988260300
-0.2374706600	-0.0349999520	0.0379567560	0.0053864329	-0.5201460100
-0.2364671500	-0.0349999520	0.0386329220	0.0053287393	-0.5320892300
-0.2361739900	-0.0349999520	0.0388205760	0.0053301786	-0.5344194200
-0.2334155700	-0.0349999520	0.0404377910	0.0059552957	-0.5389162900
-0.2333103300	-0.0349999520	0.0405001230	0.0059805276	-0.5382806100
-0.2332615700	-0.0349999520	0.0405271610	0.0059970582	-0.5385829800
-0.2314590500	-0.0349999520	0.0414814990	0.0060024349	-0.5422617800
-0.2308349600	-0.0349999520	0.0417926160	0.0058905287	-0.5499759300
-0.2296990600	-0.0349999520	0.0423524750	0.0059156177	-0.5457085400
-0.2292208800	-0.0349999520	0.0425742310	0.0059540747	-0.5492748000
-0.2269636100	-0.0349999520	0.0436003880	0.0061534478	-0.5505099900
-0.2268195300	-0.0349999520	0.0436613300	0.0061467419	-0.5502163200
-0.2237296400	-0.0349999520	0.0449412090	0.0057233397	-0.5364204000
-0.2226720800	-0.0349999520	0.0453454000	0.0056851792	-0.5313991900
-0.2195705200	-0.0349999520	0.0464792210	0.0057042439	-0.5289301300
-0.2190849600	-0.0349999520	0.0466602560	0.0056648604	-0.5261123200
-0.2186621000	-0.0349999520	0.0468052700	0.0057795686	-0.5253286400
-0.2160107600	-0.0349999520	0.0476875190	0.0061078612	-0.5223609800
-0.2158466700	-0.0349999520	0.0477387500	0.0060943519	-0.5222669200
-0.2132414700	-0.0349999520	0.0485484380	0.0055336258	-0.5180189000
-0.2120356600	-0.0349999520	0.0488919990	0.0053382026	-0.5147562600
-0.2087692500	-0.0349999520	0.0498264620	0.0050522367	-0.4967044300
-0.2078711800	-0.0349999520	0.0500648250	0.0050336738	-0.4946845500
-0.2045581900	-0.0349999520	0.0508967380	0.0049254793	-0.4880141600
-0.2023251700	-0.0349999520	0.0514629410	0.0049700997	-0.4802018700
-0.2014008200	-0.0349999520	0.0516757820	0.0050622594	-0.4788347200
-0.1979288800	-0.0349999520	0.0524592290	0.0053258005	-0.4682382900
-0.1958557100	-0.0349999520	0.0529000680	0.0050578533	-0.4636601500
-0.1941763000	-0.0349999520	0.0532477980	0.0049094735	-0.4589064100
-0.1919532300	-0.0349999520	0.0536826890	0.0049786094	-0.4575195000
-0.1905203500	-0.0349999520	0.0539609640	0.0051447344	-0.4510295700
-0.1897759100	-0.0349999520	0.0540971230	0.0051588214	-0.4512902200
-0.1856861100	-0.0349999520	0.0548318920	0.0054899370	-0.4409411300
-0.1855102000	-0.0349999520	0.0548621940	0.0054901408	-0.4403725300
-0.1842778300	-0.0349999520	0.0550649540	0.0054099849	-0.4386636000
-0.1807197300	-0.0349999520	0.0556494180	0.0051167458	-0.4311082400
-0.1786029600	-0.0349999520	0.0559564750	0.0051367103	-0.4287444400
-0.1734364600	-0.0349999520	0.0567156370	0.0050074450	-0.4169228700
-0.1723791100	-0.0349999520	0.0568650550	0.0050098721	-0.4153885200
-0.1684020300	-0.0349999520	0.0573721600	0.0048429261	-0.4093373400
-0.1658001700	-0.0349999520	0.0577007120	0.0047646061	-0.4033122400
-0.1634496300	-0.0349999520	0.0579676290	0.0048830663	-0.3998037600
-0.1607671100	-0.0349999520	0.0582750030	0.0049545017	-0.3936571200
-0.1553278100	-0.0349999520	0.0588332190	0.0044758567	-0.3867252500
-0.1547083100	-0.0349999520	0.0588968320	0.0044222197	-0.3857026100
-0.1542931900	-0.0349999520	0.0589341630	0.0043959282	-0.3851480500
-0.1480995400	-0.0349999520	0.0594949830	0.0042795804	-0.3747484100
-0.1413713800	-0.0349999520	0.0600218210	0.0042936522	-0.3660756900
-0.1403750300	-0.0349999520	0.0601007380	0.0042876545	-0.3642761400
-0.1402029800	-0.0349999520	0.0601126070	0.0042952562	-0.3641195000
-0.1396903800	-0.0349999520	0.0601450390	0.0042715425	-0.3635235700
-0.1324580000	-0.0349999520	0.0606204640	0.0041705794	-0.3519681400
-0.1266306200	-0.0349999520	0.0609467030	0.0039976175	-0.3459135600
-0.1263007400	-0.0349999520	0.0609642980	0.0039981464	-0.3453744400
-0.1193290800	-0.0349999520	0.0612894220	0.0039316302	-0.3377301400
-0.1192036600	-0.0349999520	0.0612946410	0.0039313215	-0.3375497200
-0.1186558900	-0.0349999520	0.0613143930	0.0039264275	-0.3369824300
-0.1116684900	-0.0349999520	0.0615736580	0.0039559074	-0.3280774700
-0.1073279400	-0.0349999520	0.0617013910	0.0039195445	-0.3229401700
-0.1029078600	-0.0349999520	0.0618157680	0.0038651048	-0.3170948600
-0.0959340630	-0.0349999520	0.0619455390	0.0037896545	-0.3102400000
-0.0921976190	-0.0349999520	0.0619919670	0.0037936413	-0.3066187500
-0.0852103830	-0.0349999520	0.0620526630	0.0038794026	-0.2981183800
-0.0825713500	-0.0349999520	0.0620581840	0.0039369226	-0.2948097000
-0.0757130760	-0.0349999520	0.0620493400	0.0037949787	-0.2877390100
-0.0719632580	-0.0349999520	0.0620271970	0.0037114066	-0.2838486100
-0.0637689530	-0.0349999520	0.0619350080	0.0035449797	-0.2754311900
-0.0619367810	-0.0349999520	0.0619070570	0.0034916865	-0.2731838500
-0.0581570300	-0.0349999520	0.0618206150	0.0035233099	-0.2694286700
-0.0503546970	-0.0349999520	0.0616623570	0.0034592634	-0.2610532300
-0.0426047330	-0.0349999520	0.0614429860	0.0035688200	-0.2534408300
-0.0404106160	-0.0349999520	0.0613748470	0.0036166418	-0.2509422300
-0.0359620490	-0.0349999520	0.0612127110	0.0035975338	-0.2474447800
-0.0300168970	-0.0349999520	0.0609946440	0.0035442646	-0.2415433100
-0.0221399800	-0.0349999520	0.0606510150	0.0034639429	-0.2345038400
-0.0149271590	-0.0349999520	0.0603035540	0.0035298751	-0.2280689300
-0.0088077877	-0.0349999520	0.0599937100	0.0035288206	-0.2205548000
-0.0066556600	-0.0349999520	0.0598739610	0.0035257079	-0.2187873400
0.0023764959	-0.0349999520	0.0593531690	0.0033272214	-0.2095264000
0.0032067446	-0.0349999520	0.0593017000	0.0033188051	-0.2088706800
0.0139025780	-0.0349999520	0.0586169810	0.0032631806	-0.2008217400
0.0193108970	-0.0349999520	0.0582430250	0.0032171341	-0.1952451900
0.0222037620	-0.0349999520	0.0580418180	0.0032184834	-0.1919196200
0.0240045250	-0.0349999520	0.0579078120	0.0031768504	-0.1902438300
0.0326677300	-0.0349999520	0.0572646740	0.0031306520	-0.1811050200
0.0416994880	-0.0349999520	0.0565396920	0.0029516183	-0.1721289300
0.0458060730	-0.0349999520	0.0562107790	0.0028748252	-0.1674688200
0.0499811060	-0.0349999520	0.0558481030	0.0028772784	-0.1644812200
0.0648334620	-0.0349999520	0.0545398740	0.0028518431	-0.1504170000
0.0669231340	-0.0349999520	0.0543449710	0.0028273457	-0.1476633400
0.0865486710	-0.0349999520	0.0524372910	0.0027988438	-0.1298780900
0.0875483970	-0.0349999520	0.0523377810	0.0027960998	-0.1290445500
1 2 
2 3 
3 4 
4 5 
5 6 
6 7 
7 8 
8 9 
9 10 
10 11 
11 12 
12 13 
13 14 
14 15 
15 16 
16 17 
17 18 
18 19 
19 20 
20 21 
21 22 
22 23 
23 24 
24 25 
25 26 
26 27 
27 28 
28 29 
29 30 
30 31 
31 32 
32 33 
33 34 
34 35 
35 36 
36 37 
37 38 
38 39 
39 40 
40 41 
41 42 
42 43 
43 44 
44 45 
45 46 
46 47 
47 48 
48 49 
49 50 
50 51 
51 52 
52 53 
53 54 
54 55 
55 56 
56 57 
57 58 
58 59 
59 60 
60 61 
61 62 
62 63 
63 64 
64 65 
65 66 
66 67 
67 68 
68 69 
69 70 
70 71 
71 72 
72 73 
73 74 
74 75 
75 76 
76 77 
77 78 
78 79 
79 80 
80 81 
81 82 
82 83 
83 84 
84 85 
85 86 
86 87 
87 88 
88 89 
89 90 
90 91 
91 92 
92 93 
93 94 
94 95 
95 96 
96 97 
97 98 
98 99 
99 100 
100 101 
101 102 
102 103 
103 104 
104 105 
105 106 
106 107 
107 108 
108 109 
109 110 
110 111 
111 112 
112 113 
113 114 
114 115 
115 116 
116 117 
117 118 
118 119 
119 120 
120 121 
121 122 
122 123 
123 124 
124 125 
125 126 
126 127 
127 128 
128 129 
129 130 
130 131 
131 132 
132 133 
133 134 
134 135 
135 136 
136 137 
137 138 
138 139 
139 140 
140 141 
141 142 
142 143 
143 144 
144 145 
145 146 
146 147 
147 148 
148 149 
149 150 
150 151 
151 152 
152 153 
153 154 
154 155 
155 156 
156 157 
157 158 
158 159 
159 160 
160 161 
161 162 
162 163 
163 164 
164 165 
165 166 
166 167 
167 168 
168 169 
169 170 
170 171 
171 172 
172 173 
173 174 
174 175 
175 176 
176 177 
177 178 
178 179 
179 180 
180 181 
181 182 
182 183 
183 184 
184 185 
185 186 
186 187 
187 188 
188 189 
189 190 
190 191 
191 192 
192 193 
193 194 
194 195 
195 196 
196 197 
197 198 
198 199 
199 200 
200 201 
201 202 
202 203 
203 204 
204 205 
205 206 
206 207 
207 208 
208 209 
209 210 
210 211 
211 212 
212 213 
213 214 
214 215 
215 216 
216 217 
217 218 
218 219 
219 220 
220 221 
221 222 
222 223 
223 224 
224 225 
225 226 
226 227 
227 228 
228 229 
229 230 
230 231 
231 232 
232 233 
233 234 
234 235 
235 236 
236 237 
237 238 
238 239 
239 240 
240 241 
241 242 
242 243 
243 244 
244 245 
245 246 
246 247 
247 248 
248 249 
249 250 
250 251 
251 252 
252 253 
253 254 
254 255 
255 256 
256 257 
257 258 
258 259 
259 260 
260 261 
261 262 
262 263 
263 264 
264 265 
265 266 
266 267 
267 268 
268 269 
269 270 
270 271 
271 272 
272 273 
273 274 
274 275 
275 276 
276 277 
277 278 
278 279 
279 280 
280 281 
281 282 
282 283 
283 284 
284 285 
285 286 
286 287 
287 288 
288 289 
289 290 
290 291 
291 292 
292 293 
293 294 
294 295 
295 296 
296 297 
297 298 
298 299 
299 300 
300 301 
301 302 
302 303 
303 304 
304 305 
305 306 
306 307 
307 308 
308 309 
309 310 
310 311 
311 312 
312 313 
313 314 
314 315 
315 316 
316 317 
317 318 
318 319 
319 320 
320 321 
321 322 
322 323 
323 324 
324 325 
325 326 
326 327 
327 328 
328 329 
329 330 
330 331 
331 332 
332 333 
333 334 
334 335 
335 336 
336 337 
337 338 
338 339 
339 340 
340 341 
341 342 
342 343 
343 344 
344 345 
345 346 
346 347 
347 348 
348 349 
349 350 
350 351 
351 352 
352 353 
353 354 
354 355 
355 356 
356 357 
357 358 
358 359 
359 360 
360 361 
361 362 
362 363 
363 364 
364 365 
365 366 
366 367 
367 368 
368 369 
369 370 
370 371 
371 372 
372 373 
373 374 
374 375 
375 376 
376 377 
ZONE T="Slice: Y=-0.73"
STRANDID=0, SOLUTIONTIME=0
Nodes=364, Elements=363, ZONETYPE=FELineSeg
DATAPACKING=POINT
DT=(DOUBLE DOUBLE DOUBLE DOUBLE DOUBLE )
0.1050253600	-0.7299999600	0.0505012120	0.0024601105	0.0210769250
0.1056535400	-0.7299999600	0.0504320640	0.0024552124	0.0214856020
0.1075202900	-0.7299999600	0.0502229330	0.0024595183	0.0234042310
0.1208649100	-0.7299999600	0.0487369000	0.0024622576	0.0345051510
0.1329415000	-0.7299999600	0.0473314300	0.0024811539	0.0385411870
0.1331747900	-0.7299999600	0.0473042840	0.0024796048	0.0385703440
0.1333752400	-0.7299999600	0.0472799430	0.0024784581	0.0386941250
0.1475800000	-0.7299999600	0.0455610750	0.0023255179	0.0438022610
0.1640865100	-0.7299999600	0.0434755720	0.0022376751	0.0542273150
0.1670449700	-0.7299999600	0.0431033110	0.0022066721	0.0560740680
0.1756420300	-0.7299999600	0.0419661180	0.0022173317	0.0605534800
0.1853711800	-0.7299999600	0.0406811910	0.0022036597	0.0643288640
0.1898117100	-0.7299999600	0.0400792320	0.0022242925	0.0668332060
0.2053543500	-0.7299999600	0.0379290990	0.0021697774	0.0748694540
0.2140205100	-0.7299999600	0.0367118380	0.0021050371	0.0774689390
0.2239249900	-0.7299999600	0.0352749710	0.0020833442	0.0822875800
0.2370262600	-0.7299999600	0.0333671160	0.0020412656	0.0883424580
0.2485493400	-0.7299999600	0.0316411480	0.0018857137	0.0941382720
0.2588750400	-0.7299999600	0.0300682970	0.0018561671	0.0991907270
0.2745270100	-0.7299999600	0.0276412550	0.0018325949	0.1048422400
0.2882367700	-0.7299999600	0.0254768580	0.0017586162	0.1101820300
0.2969988600	-0.7299999600	0.0240581520	0.0017854153	0.1147439000
0.3079507600	-0.7299999600	0.0222933520	0.0017520900	0.1182928500
0.3184243100	-0.7299999600	0.0205616600	0.0017794892	0.1235185600
0.3316317200	-0.7299999600	0.0183569250	0.0017854990	0.1267896700
0.3508820200	-0.7299999600	0.0150925280	0.0018542936	0.1347741000
0.3629685600	-0.7299999600	0.0129946360	0.0018079018	0.1384265300
0.3739950400	-0.7299999600	0.0110780300	0.0017127239	0.1400228100
0.3770713800	-0.7299999600	0.0105339100	0.0017242029	0.1414715100
0.3843053600	-0.7299999600	0.0092447484	0.0017373750	0.1431350300
0.3994329900	-0.7299999600	0.0065542688	0.0016881465	0.1438660200
0.4110456400	-0.7299999600	0.0044397749	0.0017026714	0.1463763100
0.4302637900	-0.7299999600	0.0009301123	0.0016552286	0.1500228200
0.4526329600	-0.7299999600	-0.0032546960	0.0016444959	0.1526661100
0.4591056400	-0.7299999600	-0.0044657658	0.0016272962	0.1519177000
0.4748491000	-0.7299999600	-0.0074869599	0.0016448966	0.1473229200
0.4922492200	-0.7299999600	-0.0108226710	0.0016539051	0.1451938600
0.5039365300	-0.7299999600	-0.0131213820	0.0016936563	0.1422217000
0.5369607800	-0.7299999600	-0.0196600330	0.0019523849	0.1292292600
0.5490045000	-0.7299999600	-0.0220918080	0.0020535979	0.1234648600
0.5719754100	-0.7299999600	-0.0267862360	0.0022385228	0.1068456500
0.5787280800	-0.7299999600	-0.0281783920	0.0022951808	0.1021302600
0.5990552300	-0.7299999600	-0.0324188360	0.0023798166	0.0846181880
0.6017850600	-0.7299999600	-0.0329964980	0.0023847685	0.0845330660
0.6196228900	-0.7299999600	-0.0367918760	0.0024262908	0.0629033070
0.6278122100	-0.7299999600	-0.0385341680	0.0024441611	0.0548274110
0.6334446700	-0.7299999600	-0.0397454690	0.0024889565	0.0480035250
0.6574984800	-0.7299999600	-0.0449812000	0.0026859685	0.0208323340
0.6859221500	-0.7299999600	-0.0512876990	0.0028533291	-0.0139415930
0.6868761800	-0.7299999600	-0.0514987220	0.0028505741	-0.0146617680
0.6881152400	-0.7299999600	-0.0517790280	0.0028499240	-0.0146767350
0.7095623600	-0.7299999600	-0.0566398800	0.0027005325	0.0007936285
0.7243850200	-0.7299999600	-0.0600615810	0.0023629617	0.0426094420
0.7314620000	-0.7299999600	-0.0616942230	0.0021213514	0.0727254970
0.7355766300	-0.7299999600	-0.0626525280	0.0018960724	0.0964605060
0.7420638200	-0.7299999600	-0.0641709040	0.0012272576	0.1741439100
0.7441740600	-0.7299999600	-0.0646674260	0.0010239262	0.2183129000
0.7461797600	-0.7299999600	-0.0651390400	0.0008508995	0.2589349400
0.7464903600	-0.7299999600	-0.0652122500	0.0008732359	0.2643960400
0.7468705800	-0.7299999600	-0.0653018650	0.0008287553	0.2872330000
0.7470251900	-0.7299999600	-0.0653383210	0.0005095413	0.2750378000
0.7470473600	-0.7299999600	-0.0653435440	0.0004612871	0.2762576600
0.7470977300	-0.7299999600	-0.0653554200	0.0010676641	0.2736562500
0.7471460100	-0.7299999600	-0.0653668050	0.0016916483	0.2769514600
0.7470573800	-0.7299999600	-0.0653718640	0.0019112114	0.2834700900
0.7469244600	-0.7299999600	-0.0653794560	0.0020468558	0.3086058200
0.7468258100	-0.7299999600	-0.0653850810	0.0021114207	0.2992603800
0.7457077500	-0.7299999600	-0.0654487760	0.0014022894	0.3114346600
0.7454878100	-0.7299999600	-0.0654612930	0.0014385627	0.3104569000
0.7421410100	-0.7299999600	-0.0656499040	0.0013372223	0.3117433200
0.7404100300	-0.7299999600	-0.0657474990	0.0013287737	0.3102495400
0.7347559900	-0.7299999600	-0.0660546420	0.0013507213	0.3053057200
0.7239919300	-0.7299999600	-0.0666401910	0.0015122372	0.2885076100
0.7205624000	-0.7299999600	-0.0668196160	0.0015383203	0.2838422700
0.7072742600	-0.7299999600	-0.0674803260	0.0016288783	0.2763991400
0.6938803200	-0.7299999600	-0.0681553710	0.0018129737	0.2572647600
0.6856550600	-0.7299999600	-0.0685430770	0.0018329675	0.2543105800
0.6760491700	-0.7299999600	-0.0689846500	0.0019926136	0.2382243000
0.6577063800	-0.7299999600	-0.0697776000	0.0019578440	0.2430741600
0.6547398000	-0.7299999600	-0.0699056240	0.0019561450	0.2412069000
0.6535539000	-0.7299999600	-0.0699550060	0.0019590227	0.2400663900
0.6496334700	-0.7299999600	-0.0701088830	0.0019553376	0.2391369000
0.6242495200	-0.7299999600	-0.0711012040	0.0020471202	0.2130350000
0.6028912100	-0.7299999600	-0.0718408080	0.0020170408	0.2127246900
0.5944336100	-0.7299999600	-0.0721363800	0.0020352801	0.2062682500
0.5862188900	-0.7299999600	-0.0723906680	0.0020215839	0.2052029500
0.5713477100	-0.7299999600	-0.0728488940	0.0020684265	0.1946935200
0.5563177500	-0.7299999600	-0.0732547720	0.0020310247	0.1960894600
0.5433729300	-0.7299999600	-0.0736105960	0.0020653886	0.1935945500
0.5235664800	-0.7299999600	-0.0740712660	0.0020871855	0.1874107400
0.5122872600	-0.7299999600	-0.0743294430	0.0021828399	0.1838392600
0.5042523700	-0.7299999600	-0.0744860470	0.0021762299	0.1831302200
0.4895379500	-0.7299999600	-0.0747681330	0.0022723549	0.1776891500
0.4729824400	-0.7299999600	-0.0750409510	0.0021762179	0.1774287700
0.4659543000	-0.7299999600	-0.0751483070	0.0021788631	0.1751544800
0.4480769900	-0.7299999600	-0.0753833200	0.0021643879	0.1711876400
0.4466242500	-0.7299999600	-0.0754000620	0.0021630522	0.1706660700
0.4237673900	-0.7299999600	-0.0756284070	0.0022254437	0.1661362300
0.4199788000	-0.7299999600	-0.0756575470	0.0022512556	0.1651470100
0.4098023200	-0.7299999600	-0.0757118840	0.0022743450	0.1621874300
0.3884069300	-0.7299999600	-0.0758279640	0.0023871317	0.1550267300
0.3708084500	-0.7299999600	-0.0758420830	0.0022564166	0.1530209000
0.3631071700	-0.7299999600	-0.0758508440	0.0022281569	0.1518365400
0.3394065200	-0.7299999600	-0.0757718760	0.0022741735	0.1500398700
0.3375891400	-0.7299999600	-0.0757669960	0.0022802149	0.1493944800
0.3356291900	-0.7299999600	-0.0757549850	0.0022825723	0.1493155800
0.3148101900	-0.7299999600	-0.0755952520	0.0023960202	0.1452565600
0.3096386800	-0.7299999600	-0.0755453630	0.0024338171	0.1425638500
0.3039699200	-0.7299999600	-0.0754742850	0.0024383513	0.1421406400
0.2906060200	-0.7299999600	-0.0753136720	0.0025537438	0.1378415100
0.2738153300	-0.7299999600	-0.0750438940	0.0023996539	0.1378598400
0.2697221000	-0.7299999600	-0.0749772710	0.0023893540	0.1376626200
0.2675679300	-0.7299999600	-0.0749344300	0.0023808098	0.1368483000
0.2493427200	-0.7299999600	-0.0745623480	0.0022470401	0.1349033100
0.2488767100	-0.7299999600	-0.0745508970	0.0022499898	0.1348194600
0.2350466500	-0.7299999600	-0.0742164250	0.0025512539	0.1317517500
0.2202017000	-0.7299999600	-0.0738100630	0.0025730817	0.1309471400
0.2197338300	-0.7299999600	-0.0737960790	0.0025710004	0.1309515700
0.2084893900	-0.7299999600	-0.0734380560	0.0024604611	0.1300184400
0.1990113700	-0.7299999600	-0.0731368440	0.0023849098	0.1288179300
0.1977571700	-0.7299999600	-0.0730917530	0.0023776083	0.1288608000
0.1837238700	-0.7299999600	-0.0725794580	0.0024595349	0.1266305300
0.1731346500	-0.7299999600	-0.0721520110	0.0024495246	0.1274928900
0.1670791700	-0.7299999600	-0.0719025950	0.0024666488	0.1265304700
0.1557200700	-0.7299999600	-0.0713824180	0.0025181060	0.1270433700
0.1489503400	-0.7299999600	-0.0710746870	0.0025909972	0.1255494200
0.1442767800	-0.7299999600	-0.0708360150	0.0025903085	0.1258692000
0.1318645600	-0.7299999600	-0.0702023800	0.0025876193	0.1251370300
0.1213156800	-0.7299999600	-0.0696181430	0.0026148204	0.1247999300
0.1200442300	-0.7299999600	-0.0695450450	0.0026178276	0.1246851000
0.1111204600	-0.7299999600	-0.0690090060	0.0026090590	0.1259917600
0.1057615000	-0.7299999600	-0.0686874610	0.0026113458	0.1264149800
0.1054554000	-0.7299999600	-0.0686689840	0.0026109690	0.1264622100
0.0892509970	-0.7299999600	-0.0676055180	0.0025485539	0.1276387000
0.0891624840	-0.7299999600	-0.0675996690	0.0025483813	0.1276282100
0.0890572150	-0.7299999600	-0.0675921440	0.0025493106	0.1276267900
0.0752872010	-0.7299999600	-0.0666096140	0.0025890500	0.1267916000
0.0630924480	-0.7299999600	-0.0656739550	0.0025749266	0.1290911400
0.0619787420	-0.7299999600	-0.0655871480	0.0025845677	0.1291057600
0.0533127640	-0.7299999600	-0.0648742990	0.0026224238	0.1305533600
0.0500321130	-0.7299999600	-0.0646054150	0.0026646182	0.1304104300
0.0478285740	-0.7299999600	-0.0644136290	0.0026618605	0.1308209400
0.0383335310	-0.7299999600	-0.0635823760	0.0027271884	0.1299810300
0.0356062690	-0.7299999600	-0.0633294360	0.0027468381	0.1303784500
0.0269705430	-0.7299999600	-0.0625267330	0.0027715747	0.1320493100
0.0237152820	-0.7299999600	-0.0622044170	0.0027541178	0.1322047100
0.0093624266	-0.7299999600	-0.0607625100	0.0027075801	0.1330947000
0.0072164335	-0.7299999600	-0.0605349540	0.0026994681	0.1337213400
-0.0037523946	-0.7299999600	-0.0593385850	0.0025961547	0.1369405400
-0.0058648819	-0.7299999600	-0.0591037160	0.0025970561	0.1372461000
-0.0103103600	-0.7299999600	-0.0585883000	0.0026248452	0.1391287900
-0.0168484990	-0.7299999600	-0.0578194480	0.0026401611	0.1394709600
-0.0273681920	-0.7299999600	-0.0565126460	0.0025582152	0.1422978800
-0.0308861080	-0.7299999600	-0.0560782550	0.0025333178	0.1425938600
-0.0312595670	-0.7299999600	-0.0560305490	0.0025309634	0.1426014600
-0.0320043750	-0.7299999600	-0.0559315760	0.0025306898	0.1429059100
-0.0394114140	-0.7299999600	-0.0549543760	0.0027623911	0.1432181900
-0.0496795330	-0.7299999600	-0.0535295530	0.0026775270	0.1482053500
-0.0516215340	-0.7299999600	-0.0532584190	0.0027088024	0.1489998100
-0.0523930940	-0.7299999600	-0.0531463660	0.0027067226	0.1492024800
-0.0612224790	-0.7299999600	-0.0518262160	0.0025853737	0.1516769100
-0.0662305880	-0.7299999600	-0.0510799330	0.0025884207	0.1524434500
-0.0689988810	-0.7299999600	-0.0506433170	0.0026180578	0.1536883300
-0.0734650120	-0.7299999600	-0.0499372330	0.0027805285	0.1547847500
-0.0827578530	-0.7299999600	-0.0484018210	0.0027811899	0.1598722000
-0.0828805790	-0.7299999600	-0.0483816530	0.0027825517	0.1599719200
-0.0829777270	-0.7299999600	-0.0483650970	0.0027839152	0.1599907400
-0.0876727920	-0.7299999600	-0.0475450830	0.0027162574	0.1631113000
-0.0935781520	-0.7299999600	-0.0465143430	0.0026452899	0.1667946900
-0.0945948810	-0.7299999600	-0.0463276430	0.0026288904	0.1673416600
-0.1022596400	-0.7299999600	-0.0449151730	0.0026067796	0.1695529200
-0.1110533700	-0.7299999600	-0.0432094150	0.0027088958	0.1753799500
-0.1119021800	-0.7299999600	-0.0430437030	0.0027271319	0.1761462200
-0.1187671300	-0.7299999600	-0.0416430530	0.0027975248	0.1830983300
-0.1195175700	-0.7299999600	-0.0414892990	0.0027807957	0.1832092700
-0.1277045300	-0.7299999600	-0.0397365170	0.0025960162	0.1923973100
-0.1277838300	-0.7299999600	-0.0397196110	0.0025955651	0.1925023500
-0.1279441400	-0.7299999600	-0.0396836360	0.0025935349	0.1926551300
-0.1357710700	-0.7299999600	-0.0379214180	0.0026632478	0.1948914100
-0.1395805900	-0.7299999600	-0.0370192080	0.0026984538	0.2009588800
-0.1430305200	-0.7299999600	-0.0362047660	0.0027383291	0.2029660600
-0.1459038600	-0.7299999600	-0.0354967450	0.0028038963	0.2072211400
-0.1503297700	-0.7299999600	-0.0343926180	0.0028227109	0.2124048800
-0.1550710500	-0.7299999600	-0.0331618190	0.0027674731	0.2176955000
-0.1579935100	-0.7299999600	-0.0323895960	0.0027736329	0.2190177900
-0.1624565900	-0.7299999600	-0.0311614480	0.0028506428	0.2264973800
-0.1647230200	-0.7299999600	-0.0305384510	0.0028938331	0.2288971200
-0.1657892500	-0.7299999600	-0.0302311820	0.0029092615	0.2314957100
-0.1695502500	-0.7299999600	-0.0291499140	0.0030006235	0.2354468900
-0.1740538000	-0.7299999600	-0.0278050940	0.0028657091	0.2464496200
-0.1740999200	-0.7299999600	-0.0277913030	0.0028651826	0.2464940500
-0.1741411700	-0.7299999600	-0.0277782860	0.0028642895	0.2465702400
-0.1820188200	-0.7299999600	-0.0252997630	0.0026725297	0.2579126400
-0.1839385500	-0.7299999600	-0.0246622230	0.0028385684	0.2631627900
-0.1879452300	-0.7299999600	-0.0233146570	0.0028007836	0.2747948800
-0.1892291900	-0.7299999600	-0.0228699170	0.0027056845	0.2768006000
-0.1922751800	-0.7299999600	-0.0217764880	0.0027477132	0.2887163200
-0.1949850000	-0.7299999600	-0.0208073440	0.0028134912	0.2961747900
-0.1951869000	-0.7299999600	-0.0207335690	0.0028188535	0.2970159600
-0.1959874600	-0.7299999600	-0.0204296780	0.0028464373	0.2998786600
-0.2001010900	-0.7299999600	-0.0188657850	0.0028442793	0.3090256200
-0.2056475900	-0.7299999600	-0.0166233980	0.0024950154	0.3336989300
-0.2058757800	-0.7299999600	-0.0165306670	0.0024859568	0.3344410100
-0.2060747400	-0.7299999600	-0.0164439160	0.0024807746	0.3355390100
-0.2115595500	-0.7299999600	-0.0140586750	0.0023953985	0.3560104400
-0.2123651100	-0.7299999600	-0.0136830570	0.0024166551	0.3620442700
-0.2165432700	-0.7299999600	-0.0117172610	0.0025604719	0.3841397500
-0.2172359200	-0.7299999600	-0.0113750480	0.0025753428	0.3897037500
-0.2210014200	-0.7299999600	-0.0094561242	0.0026108675	0.4164880800
-0.2212415900	-0.7299999600	-0.0093306126	0.0026048888	0.4182836100
-0.2245775200	-0.7299999600	-0.0074961344	0.0025598507	0.4552154800
-0.2253226300	-0.7299999600	-0.0070795682	0.0025686878	0.4606500000
-0.2262716000	-0.7299999600	-0.0065094098	0.0025260241	0.4710510100
-0.2294280100	-0.7299999600	-0.0046011461	0.0023783685	0.4956739800
-0.2302160600	-0.7299999600	-0.0040862490	0.0023206792	0.5064825400
-0.2325307900	-0.7299999600	-0.0025465705	0.0021670488	0.5320120500
-0.2335779800	-0.7299999600	-0.0018048639	0.0021878137	0.5475927000
-0.2354968600	-0.7299999600	-0.0003811142	0.0021600178	0.5825921900
-0.2362723600	-0.7299999600	0.0002101730	0.0021305007	0.5964745300
-0.2375372500	-0.7299999600	0.0012608961	0.0020581739	0.6269404300
-0.2388591500	-0.7299999600	0.0023625782	0.0018950794	0.6508705600
-0.2408143400	-0.7299999600	0.0041919961	0.0016653403	0.7049672000
-0.2410575000	-0.7299999600	0.0044184057	0.0016293512	0.7104966600
-0.2411590700	-0.7299999600	0.0045249914	0.0016105561	0.7141023300
-0.2432787100	-0.7299999600	0.0068146181	0.0012099054	0.7761734700
-0.2438074500	-0.7299999600	0.0074587385	0.0010503397	0.7967329000
-0.2448695300	-0.7299999600	0.0088198772	0.0008614135	0.8350392600
-0.2462690600	-0.7299999600	0.0110028310	0.0005745769	0.8901276000
-0.2466068300	-0.7299999600	0.0115138700	0.0005193076	0.8998251600
-0.2476306600	-0.7299999600	0.0136119770	0.0002044038	0.9504707500
-0.2477054700	-0.7299999600	0.0137589230	0.0001872780	0.9523666500
-0.2485311800	-0.7299999600	0.0161552970	0.0000465345	0.9766174000
-0.2485343700	-0.7299999600	0.0161638540	0.0000460578	0.9766002900
-0.2485362600	-0.7299999600	0.0161717930	0.0000457694	0.9764978300
-0.2490271000	-0.7299999600	0.0188403800	0.0000289016	0.9401252300
-0.2490291900	-0.7299999600	0.0188641050	0.0000299350	0.9393014300
-0.2490307800	-0.7299999600	0.0191927310	0.0000558128	0.9272953900
-0.2490565900	-0.7299999600	0.0213967470	0.0002302803	0.8339640500
-0.2490486800	-0.7299999600	0.0217889360	0.0002744234	0.8165545500
-0.2488020200	-0.7299999600	0.0233218260	0.0006913854	0.7393416200
-0.2486935600	-0.7299999600	0.0239985940	0.0008880304	0.6970221400
-0.2486738400	-0.7299999600	0.0240684730	0.0009210776	0.6917105900
-0.2479347000	-0.7299999600	0.0263804770	0.0017549971	0.5554088400
-0.2478040800	-0.7299999600	0.0266923080	0.0019165862	0.5269693700
-0.2473224300	-0.7299999600	0.0277220660	0.0021768531	0.4380816500
-0.2469168500	-0.7299999600	0.0284679810	0.0028488739	0.3630262000
-0.2467727400	-0.7299999600	0.0287428460	0.0029829477	0.3395881400
-0.2467347400	-0.7299999600	0.0288099140	0.0030248368	0.3359510300
-0.2466546600	-0.7299999600	0.0289348550	0.0030737601	0.3271981200
-0.2453190400	-0.7299999600	0.0309003650	0.0039150179	0.2192750400
-0.2452621900	-0.7299999600	0.0309791360	0.0039316285	0.2155818800
-0.2452226000	-0.7299999600	0.0310299400	0.0039488925	0.2091397300
-0.2443959700	-0.7299999600	0.0320349150	0.0042092147	0.1170977400
-0.2443312600	-0.7299999600	0.0321115630	0.0042147288	0.1158533300
-0.2442599100	-0.7299999600	0.0321904980	0.0042176692	0.1088796000
-0.2432635600	-0.7299999600	0.0332568290	0.0043142204	0.0600494560
-0.2431951900	-0.7299999600	0.0333306380	0.0042992126	0.0585151870
-0.2431177500	-0.7299999600	0.0334068050	0.0043300560	0.0542457960
-0.2424534700	-0.7299999600	0.0340532620	0.0044112153	0.0325637910
-0.2422963700	-0.7299999600	0.0341933590	0.0044180979	0.0250770780
-0.2415735900	-0.7299999600	0.0348256420	0.0044591535	0.0106508960
-0.2409287500	-0.7299999600	0.0353987740	0.0043076901	0.0026415403
-0.2404384900	-0.7299999600	0.0357978980	0.0044547101	-0.0147761090
-0.2393520000	-0.7299999600	0.0366497560	0.0046073525	-0.0470961820
-0.2381480500	-0.7299999600	0.0375148240	0.0047875689	-0.1076442700
-0.2378739700	-0.7299999600	0.0377060440	0.0047783885	-0.1140219900
-0.2366160900	-0.7299999600	0.0385387760	0.0044795268	-0.1167584700
-0.2351427800	-0.7299999600	0.0394492670	0.0050276275	-0.1422343100
-0.2350287900	-0.7299999600	0.0395185500	0.0050114210	-0.1407839400
-0.2337234600	-0.7299999600	0.0402630340	0.0051861575	-0.1674171500
-0.2332935500	-0.7299999600	0.0405087840	0.0051841413	-0.1729930300
-0.2331320200	-0.7299999600	0.0405970590	0.0051792918	-0.1736815000
-0.2305733700	-0.7299999600	0.0419267380	0.0049664513	-0.1716875000
-0.2303673500	-0.7299999600	0.0420263970	0.0049840395	-0.1743670400
-0.2277621000	-0.7299999600	0.0432462470	0.0046209685	-0.1657313100
-0.2263291500	-0.7299999600	0.0438650030	0.0052538298	-0.1880460200
-0.2252752200	-0.7299999600	0.0443155470	0.0052142351	-0.1872087000
-0.2227052500	-0.7299999600	0.0453373680	0.0049335179	-0.2055272800
-0.2219110600	-0.7299999600	0.0456383940	0.0049284424	-0.2079146100
-0.2197218200	-0.7299999600	0.0464382280	0.0045302785	-0.1902924200
-0.2180754500	-0.7299999600	0.0470000730	0.0048040722	-0.1969427300
-0.2168959100	-0.7299999600	0.0474000830	0.0048899618	-0.1880246400
-0.2153434200	-0.7299999600	0.0478892740	0.0049321003	-0.1923213500
-0.2139897300	-0.7299999600	0.0483192620	0.0048201721	-0.1826762100
-0.2129450600	-0.7299999600	0.0486340370	0.0047743049	-0.1816386100
-0.2107254700	-0.7299999600	0.0492719670	0.0047564650	-0.1843392800
-0.2094571000	-0.7299999600	0.0496388560	0.0046598671	-0.1786695300
-0.2067397500	-0.7299999600	0.0503650200	0.0045672434	-0.1804723900
-0.2065234600	-0.7299999600	0.0504228440	0.0045527774	-0.1800947300
-0.2064569300	-0.7299999600	0.0504393580	0.0045535673	-0.1801229400
-0.2023860100	-0.7299999600	0.0514484980	0.0045907349	-0.1726100300
-0.1987280000	-0.7299999600	0.0522849930	0.0046972367	-0.1740274300
-0.1984825900	-0.7299999600	0.0523405520	0.0047203539	-0.1736628400
-0.1978142700	-0.7299999600	0.0524812230	0.0047665306	-0.1763462400
-0.1944717000	-0.7299999600	0.0531868490	0.0049173686	-0.1782262600
-0.1940769300	-0.7299999600	0.0532672630	0.0049073696	-0.1764547100
-0.1922051500	-0.7299999600	0.0536264670	0.0049067848	-0.1814098700
-0.1888496400	-0.7299999600	0.0542709420	0.0048839546	-0.1707485000
-0.1850431100	-0.7299999600	0.0549419000	0.0046955768	-0.2000418300
-0.1849327800	-0.7299999600	0.0549609180	0.0046950472	-0.2000201800
-0.1846144800	-0.7299999600	0.0550124380	0.0046671686	-0.1992972800
-0.1799712600	-0.7299999600	0.0557665010	0.0043566148	-0.1718180900
-0.1796626200	-0.7299999600	0.0558123440	0.0043605999	-0.1729506300
-0.1749480700	-0.7299999600	0.0565102920	0.0043520953	-0.1671590800
-0.1743869300	-0.7299999600	0.0565865040	0.0043411027	-0.1686523600
-0.1696279200	-0.7299999600	0.0572269340	0.0042950491	-0.1512229300
-0.1671695900	-0.7299999600	0.0575292560	0.0042431925	-0.1505659200
-0.1649520700	-0.7299999600	0.0578016900	0.0042801516	-0.1437710200
-0.1616314900	-0.7299999600	0.0581721030	0.0041721300	-0.1438756400
-0.1592827000	-0.7299999600	0.0584340690	0.0041318615	-0.1351216000
-0.1581561600	-0.7299999600	0.0585459810	0.0041475110	-0.1363449200
-0.1544693000	-0.7299999600	0.0588941540	0.0041611066	-0.1334278900
-0.1488526000	-0.7299999600	0.0594317620	0.0040660465	-0.1236276400
-0.1450993400	-0.7299999600	0.0597376710	0.0041017291	-0.1269728100
-0.1431040200	-0.7299999600	0.0598980370	0.0040546813	-0.1268547800
-0.1392059300	-0.7299999600	0.0601717380	0.0038982761	-0.1301052600
-0.1362373500	-0.7299999600	0.0603832420	0.0038230962	-0.1301624000
-0.1344893700	-0.7299999600	0.0604940350	0.0038132810	-0.1280772800
-0.1291578100	-0.7299999600	0.0608119670	0.0037204184	-0.1128207700
-0.1264164600	-0.7299999600	0.0609540120	0.0036634122	-0.1119883100
-0.1224473800	-0.7299999600	0.0611505430	0.0037218837	-0.1050028900
-0.1169005500	-0.7299999600	0.0613844130	0.0036388026	-0.1076943900
-0.1150150900	-0.7299999600	0.0614593590	0.0036961541	-0.1036838100
-0.1111977100	-0.7299999600	0.0615784530	0.0035750945	-0.1074014800
-0.1040102100	-0.7299999600	0.0617885740	0.0036518463	-0.1004453700
-0.0966439170	-0.7299999600	0.0619177590	0.0036768244	-0.0989356490
-0.0929444660	-0.7299999600	0.0619888980	0.0037718162	-0.0940792110
-0.0924802940	-0.7299999600	0.0619950560	0.0037780138	-0.0930026320
-0.0851369050	-0.7299999600	0.0620515230	0.0034123908	-0.0904854390
-0.0843911840	-0.7299999600	0.0620563510	0.0033879322	-0.0894600150
-0.0819462020	-0.7299999600	0.0620572750	0.0033975634	-0.0882922710
-0.0769318710	-0.7299999600	0.0620569290	0.0033537958	-0.0784503670
-0.0678780820	-0.7299999600	0.0619900260	0.0035377069	-0.0837866370
-0.0677407680	-0.7299999600	0.0619890620	0.0035393597	-0.0837283880
-0.0677222980	-0.7299999600	0.0619888160	0.0035393303	-0.0837275160
-0.0675345960	-0.7299999600	0.0619858130	0.0035365130	-0.0834517180
-0.0582635070	-0.7299999600	0.0618415180	0.0034256589	-0.0648369570
-0.0523330420	-0.7299999600	0.0617083870	0.0034196981	-0.0611985290
-0.0485460680	-0.7299999600	0.0616185110	0.0034425500	-0.0565424710
-0.0374878460	-0.7299999600	0.0612742120	0.0029323980	-0.0564576420
-0.0369123180	-0.7299999600	0.0612557420	0.0029240920	-0.0564872770
-0.0247160620	-0.7299999600	0.0607713570	0.0030443171	-0.0550312250
-0.0244959130	-0.7299999600	0.0607626210	0.0030430352	-0.0545149220
-0.0242866390	-0.7299999600	0.0607531700	0.0030423665	-0.0545813590
-0.0101216990	-0.7299999600	0.0600615180	0.0030366903	-0.0396078900
-0.0085277082	-0.7299999600	0.0599783060	0.0030274510	-0.0396427510
0.0060586985	-0.7299999600	0.0591226480	0.0030476342	-0.0361417080
0.0071276012	-0.7299999600	0.0590589340	0.0030460639	-0.0340635960
0.0088825477	-0.7299999600	0.0589444750	0.0030493025	-0.0336712600
0.0167239770	-0.7299999600	0.0584249500	0.0030315360	-0.0271245200
0.0220273880	-0.7299999600	0.0580494180	0.0032104309	-0.0226828230
0.0250121630	-0.7299999600	0.0578387190	0.0032474987	-0.0206822830
0.0304511510	-0.7299999600	0.0574317840	0.0031471380	-0.0217020160
0.0358637010	-0.7299999600	0.0570138060	0.0030938749	-0.0175063270
0.0463309470	-0.7299999600	0.0561643690	0.0029189099	-0.0042633628
0.0486546380	-0.7299999600	0.0559704450	0.0028943028	-0.0013443934
0.0611945500	-0.7299999600	0.0548692460	0.0027229211	0.0003559543
0.0642261430	-0.7299999600	0.0545956860	0.0026760680	0.0012480015
0.0688901170	-0.7299999600	0.0541563970	0.0027135586	0.0052297069
0.0753489140	-0.7299999600	0.0535476770	0.0027051028	0.0096298959
0.0874464960	-0.7299999600	0.0523459950	0.0026257841	0.0170804750
0.0883929580	-0.7299999600	0.0522519980	0.0026174665	0.0177461900
0.1040173500	-0.7299999600	0.0506075210	0.0024700045	0.0209579260
0.1050253600	-0.7299999600	0.0505012120	0.0024601105	0.0210769250
1 2 
2 3 
3 4 
4 5 
5 6 
6 7 
7 8 
8 9 
9 10 
10 11 
11 12 
12 13 
13 14 
14 15 
15 16 
16 17 
17 18 
18 19 
19 20 
20 21 
21 22 
22 23 
23 24 
24 25 
25 26 
26 27 
27 28 
28 29 
29 30 
30 31 
31 32 
32 33 
33 34 
34 35 
35 36 
36 37 
37 38 
38 39 
39 40 
40 41 
41 42 
42 43 
43 44 
44 45 
45 46 
46 47 
47 48 
48 49 
49 50 
50 51 
51 52 
52 53 
53 54 
54 55 
55 56 
56 57 
57 58 
58 59 
59 60 
60 61 
61 62 
62 63 
63 64 
64 65 
65 66 
66 67 
67 68 
68 69 
69 70 
70 71 
71 72 
72 73 
73 74 
74 75 
75 76 
76 77 
77 78 
78 79 
79 80 
80 81 
81 82 
82 83 
83 84 
84 85 
85 86 
86 87 
87 88 
88 89 
89 90 
90 91 
91 92 
92 93 
93 94 
94 95 
95 96 
96 97 
97 98 
98 99 
99 100 
100 101 
101 102 
102 103 
103 104 
104 105 
105 106 
106 107 
107 108 
108 109 
109 110 
110 111 
111 112 
112 113 
113 114 
114 115 
115 116 
116 117 
117 118 
118 119 
119 120 
120 121 
121 122 
122 123 
123 124 
124 125 
125 126 
126 127 
127 128 
128 129 
129 130 
130 131 
131 132 
132 133 
133 134 
134 135 
135 136 
136 137 
137 138 
138 139 
139 140 
140 141 
141 142 
142 143 
143 144 
144 145 
145 146 
146 147 
147 148 
148 149 
149 150 
150 151 
151 152 
152 153 
153 154 
154 155 
155 156 
156 157 
157 158 
158 159 
159 160 
160 161 
161 162 
162 163 
163 164 
164 165 
165 166 
166 167 
167 168 
168 169 
169 170 
170 171 
171 172 
172 173 
173 174 
174 175 
175 176 
176 177 
177 178 
178 179 
179 180 
180 181 
181 182 
182 183 
183 184 
184 185 
185 186 
186 187 
187 188 
188 189 
189 190 
190 191 
191 192 
192 193 
193 194 
194 195 
195 196 
196 197 
197 198 
198 199 
199 200 
200 201 
201 202 
202 203 
203 204 
204 205 
205 206 
206 207 
207 208 
208 209 
209 210 
210 211 
211 212 
212 213 
213 214 
214 215 
215 216 
216 217 
217 218 
218 219 
219 220 
220 221 
221 222 
222 223 
223 224 
224 225 
225 226 
226 227 
227 228 
228 229 
229 230 
230 231 
231 232 
232 233 
233 234 
234 235 
235 236 
236 237 
237 238 
238 239 
239 240 
240 241 
241 242 
242 243 
243 244 
244 245 
245 246 
246 247 
247 248 
248 249 
249 250 
250 251 
251 252 
252 253 
253 254 
254 255 
255 256 
256 257 
257 258 
258 259 
259 260 
260 261 
261 262 
262 263 
263 264 
264 265 
265 266 
266 267 
267 268 
268 269 
269 270 
270 271 
271 272 
272 273 
273 274 
274 275 
275 276 
276 277 
277 278 
278 279 
279 280 
280 281 
281 282 
282 283 
283 284 
284 285 
285 286 
286 287 
287 288 
288 289 
289 290 
290 291 
291 292 
292 293 
293 294 
294 295 
295 296 
296 297 
297 298 
298 299 
299 300 
300 301 
301 302 
302 303 
303 304 
304 305 
305 306 
306 307 
307 308 
308 309 
309 310 
310 311 
311 312 
312 313 
313 314 
314 315 
315 316 
316 317 
317 318 
318 319 
319 320 
320 321 
321 322 
322 323 
323 324 
324 325 
325 326 
326 327 
327 328 
328 329 
329 330 
330 331 
331 332 
332 333 
333 334 
334 335 
335 336 
336 337 
337 338 
338 339 
339 340 
340 341 
341 342 
342 343 
343 344 
344 345 
345 346 
346 347 
347 348 
348 349 
349 350 
350 351 
351 352 
352 353 
353 354 
354 355 
355 356 
356 357 
357 358 
358 359 
359 360 
360 361 
361 362 
362 363 
363 364 
