TITLE     = "Surface mesh and solution"
VARIABLES = "x"
"y"
"z"
"cfx"
"Cp"
ZONE T="CFD++, PW Y=-0.001"
STRANDID=0, SOLUTIONTIME=0
Nodes=406, Elements=405, ZONETYPE=FELineSeg
DATAPACKING=POINT
DT=(DOUBLE DOUBLE DOUBLE DOUBLE DOUBLE )
0.4805295200	-0.0009999500	-0.0511378530	0.0007632671	0.2343240700
0.4879702300	-0.0009999500	-0.0532644540	0.0007432290	0.2404269900
0.4953613900	-0.0009999500	-0.0553855670	0.0007234151	0.2467234700
0.5027146900	-0.0009999500	-0.0575043780	0.0007032631	0.2527208300
0.5100478500	-0.0009999500	-0.0596258790	0.0006801478	0.2587255500
0.5173741000	-0.0009999500	-0.0617538470	0.0006610322	0.2649851700
0.5246892000	-0.0009999500	-0.0638870150	0.0006431445	0.2709326400
0.5319628100	-0.0009999500	-0.0660164730	0.0006225264	0.2767578700
0.5391449300	-0.0009999500	-0.0681273270	0.0006020795	0.2825796000
0.5461880600	-0.0009999500	-0.0702052490	0.0005844724	0.2885654600
0.5530716800	-0.0009999500	-0.0722437580	0.0005659182	0.2939816400
0.5598079000	-0.0009999500	-0.0742459070	0.0005444751	0.2992684200
0.5664265200	-0.0009999500	-0.0762201700	0.0005282422	0.3052085000
0.5729595400	-0.0009999500	-0.0781758200	0.0005146757	0.3104124400
0.5794302200	-0.0009999500	-0.0801196020	0.0004929406	0.3153756600
0.5858520900	-0.0009999500	-0.0820554570	0.0004732609	0.3211197300
0.5922353900	-0.0009999500	-0.0839863490	0.0004551053	0.3261249700
0.5985838800	-0.0009999500	-0.0859133900	0.0004337311	0.3312949200
0.6048890900	-0.0009999500	-0.0878338960	0.0004124769	0.3364068900
0.6111169500	-0.0009999500	-0.0897373480	0.0003907776	0.3414805200
0.6172094300	-0.0009999500	-0.0916057380	0.0003686125	0.3464187700
0.6230798400	-0.0009999500	-0.0934120040	0.0003456988	0.3511724800
0.6286383900	-0.0009999500	-0.0951277170	0.0003229112	0.3557044000
0.6338200000	-0.0009999500	-0.0967319010	0.0002999365	0.3598637300
0.6386022600	-0.0009999500	-0.0982166010	0.0002756707	0.3638094700
0.6433777800	-0.0009999500	-0.0997031780	0.0002500081	0.3676389500
0.6480292700	-0.0009999500	-0.1011550400	0.0002231592	0.3713865900
0.6525144000	-0.0009999500	-0.1025586100	0.0001971310	0.3750475900
0.6567672500	-0.0009999500	-0.1038928000	0.0001742710	0.3785297000
0.6607462800	-0.0009999500	-0.1051440700	0.0001556998	0.3818003200
0.6644498100	-0.0009999500	-0.1063112800	0.0001411821	0.3848226100
0.6679042000	-0.0009999500	-0.1074022300	0.0001302189	0.3876649700
0.6711439500	-0.0009999500	-0.1084273800	0.0001219800	0.3902924400
0.6742005300	-0.0009999500	-0.1093963800	0.0001148944	0.3927322900
0.6771000000	-0.0009999500	-0.1103171700	0.0001082151	0.3950080900
0.6798650000	-0.0009999500	-0.1111967100	0.0001011397	0.3971654500
0.6825170500	-0.0009999500	-0.1120417000	0.0000954329	0.3993491500
0.6850785000	-0.0009999500	-0.1128590600	0.0000911532	0.4013735900
0.6875681300	-0.0009999500	-0.1136547100	0.0000845880	0.4031719300
0.6900025600	-0.0009999500	-0.1144338800	0.0000761766	0.4050219700
0.6923954500	-0.0009999500	-0.1152008500	0.0000715548	0.4071058900
0.6947550800	-0.0009999500	-0.1159582500	0.0000671362	0.4087552700
0.6970847200	-0.0009999500	-0.1167070900	0.0000576494	0.4103889200
0.6993832600	-0.0009999500	-0.1174469400	0.0000495039	0.4122759100
0.7016481200	-0.0009999500	-0.1181769800	0.0000440717	0.4140594300
0.7038787600	-0.0009999500	-0.1188969900	0.0000373144	0.4156989500
0.7060773400	-0.0009999500	-0.1196076100	0.0000276013	0.4172261700
0.7082462900	-0.0009999500	-0.1203095900	0.0000202352	0.4189900500
0.7103858600	-0.0009999500	-0.1210029900	0.0000138734	0.4205151200
0.7124934200	-0.0009999500	-0.1216869100	0.0000050634	0.4221475400
0.7145638500	-0.0009999500	-0.1223596300	-0.0000018587	0.4237420000
0.7165895100	-0.0009999500	-0.1230186700	-0.0000076797	0.4252460300
0.7185580700	-0.0009999500	-0.1236599200	-0.0000158137	0.4266568700
0.7204694700	-0.0009999500	-0.1242833200	-0.0000239130	0.4281774200
0.7223025600	-0.0009999500	-0.1248818600	-0.0000270743	0.4296164500
0.7240358600	-0.0009999500	-0.1254484800	-0.0000332224	0.4306646000
0.7256518000	-0.0009999500	-0.1259772800	-0.0000410761	0.4319465500
0.7271329200	-0.0009999500	-0.1264624400	-0.0000453895	0.4330390700
0.7284705600	-0.0009999500	-0.1269009900	-0.0000443159	0.4341773400
0.7296651000	-0.0009999500	-0.1272929600	-0.0000410839	0.4349747000
0.7306703900	-0.0009999500	-0.1276230400	-0.0000399460	0.4356607200
0.7310836300	-0.0009999500	-0.1277588200	-0.0000412832	0.4359237600
0.7317130000	-0.0009999500	-0.1279656000	-0.0000433071	0.4363194400
0.7324938800	-0.0009999500	-0.1282223500	-0.0000509434	0.4366786500
0.7332016200	-0.0009999500	-0.1284551000	-0.0000532231	0.4376671300
0.7339109800	-0.0009999500	-0.1286885100	-0.0000424085	0.4381099000
0.7345052400	-0.0009999500	-0.1288841500	-0.0000388169	0.4384636000
0.7349997800	-0.0009999500	-0.1290470100	-0.0000397057	0.4389548600
0.7350536000	-0.0009999500	-0.1290647200	-0.0000400955	0.4389606400
0.7353535900	-0.0009999500	-0.1291635500	-0.0000449824	0.4389463100
0.7357961500	-0.0009999500	-0.1293093700	-0.0000530655	0.4393338300
0.7360788000	-0.0009999500	-0.1294025300	-0.0000521651	0.4395264400
0.7364615800	-0.0009999500	-0.1295287300	-0.0000497202	0.4397156200
0.7366175700	-0.0009999500	-0.1295801600	-0.0000491555	0.4398006200
0.7370711000	-0.0009999500	-0.1297297300	-0.0000386221	0.4401271900
0.7370832000	-0.0009999500	-0.1297337100	-0.0000385289	0.4401298500
0.7370954200	-0.0009999500	-0.1297377500	-0.0000380546	0.4401367300
0.7375773800	-0.0009999500	-0.1298967300	0.0000058525	0.4405260700
0.7379117600	-0.0009999500	-0.1300070900	0.0001090975	0.4406750800
0.7381879700	-0.0009999500	-0.1300982200	0.0002981768	0.4408889100
0.7384159000	-0.0009999500	-0.1301734400	0.0005924348	0.4371511600
0.7386058000	-0.0009999500	-0.1302361300	0.0010182177	0.4369421300
0.7384058800	-0.0009999500	-0.1302300800	0.0010470563	0.4428246600
0.7381660300	-0.0009999500	-0.1302228100	0.0007622481	0.4443329900
0.7378764700	-0.0009999500	-0.1302140500	0.0006836513	0.4432614700
0.7374899400	-0.0009999500	-0.1302023100	0.0006658153	0.4424091900
0.7374501200	-0.0009999500	-0.1302011000	0.0006697507	0.4423473800
0.7369836000	-0.0009999500	-0.1301869000	0.0006851828	0.4417292200
0.7369214300	-0.0009999500	-0.1301850100	0.0006850455	0.4415861700
0.7364566900	-0.0009999500	-0.1301708200	0.0007053408	0.4411304900
0.7359232300	-0.0009999500	-0.1301544800	0.0007079684	0.4408893600
0.7357438200	-0.0009999500	-0.1301489800	0.0007065335	0.4407099500
0.7352290200	-0.0009999500	-0.1301331200	0.0007272283	0.4397042400
0.7348402100	-0.0009999500	-0.1301211300	0.0007467158	0.4399106800
0.7343444200	-0.0009999500	-0.1301057800	0.0007269979	0.4395019400
0.7340981400	-0.0009999500	-0.1300981300	0.0007269511	0.4387385000
0.7337804400	-0.0009999500	-0.1300882700	0.0007212601	0.4376681700
0.7331615100	-0.0009999500	-0.1300689900	0.0007446775	0.4378587000
0.7323595900	-0.0009999500	-0.1300439100	0.0007342889	0.4375368400
0.7314614700	-0.0009999500	-0.1300156700	0.0007180609	0.4356286800
0.7306826100	-0.0009999500	-0.1299910800	0.0007294824	0.4345288300
0.7304737000	-0.0009999500	-0.1299844800	0.0007356901	0.4342359000
0.7293823400	-0.0009999500	-0.1299497900	0.0007621448	0.4336767500
0.7281501900	-0.0009999500	-0.1299103900	0.0007602810	0.4323187800
0.7267761200	-0.0009999500	-0.1298661200	0.0007649325	0.4306525900
0.7252699700	-0.0009999500	-0.1298172000	0.0007782852	0.4294318900
0.7236439000	-0.0009999500	-0.1297639300	0.0007873301	0.4281230600
0.7219129800	-0.0009999500	-0.1297067100	0.0007959650	0.4264562700
0.7200930700	-0.0009999500	-0.1296459600	0.0008128230	0.4247166500
0.7181972900	-0.0009999500	-0.1295820800	0.0008274286	0.4238234800
0.7162359400	-0.0009999500	-0.1295153100	0.0008372297	0.4218809600
0.7142090200	-0.0009999500	-0.1294456000	0.0008515880	0.4202928500
0.7121231000	-0.0009999500	-0.1293731000	0.0008560813	0.4190931000
0.7099843000	-0.0009999500	-0.1292979900	0.0008590096	0.4173697200
0.7077977100	-0.0009999500	-0.1292203800	0.0008694859	0.4159423100
0.7055666400	-0.0009999500	-0.1291403500	0.0008806810	0.4145742700
0.7032923100	-0.0009999500	-0.1290578700	0.0008912392	0.4132599200
0.7009748200	-0.0009999500	-0.1289729200	0.0008998865	0.4117716800
0.6986151900	-0.0009999500	-0.1288854900	0.0009150328	0.4102711700
0.6962171800	-0.0009999500	-0.1287956500	0.0009326269	0.4092053800
0.6937848300	-0.0009999500	-0.1287035500	0.0009352143	0.4078620400
0.6913201800	-0.0009999500	-0.1286092100	0.0009355814	0.4062893700
0.6888223900	-0.0009999500	-0.1285125600	0.0009430732	0.4051191200
0.6862898500	-0.0009999500	-0.1284135000	0.0009529046	0.4038175300
0.6837216600	-0.0009999500	-0.1283119600	0.0009643611	0.4027195600
0.6811150300	-0.0009999500	-0.1282077900	0.0009721961	0.4014037300
0.6784586900	-0.0009999500	-0.1281004700	0.0009821345	0.4001388000
0.6757307600	-0.0009999500	-0.1279890700	0.0009938563	0.3990095900
0.6728953100	-0.0009999500	-0.1278719900	0.0010055821	0.3977637600
0.6699104900	-0.0009999500	-0.1277473300	0.0010192460	0.3965120000
0.6667379700	-0.0009999500	-0.1276132500	0.0010350860	0.3952265400
0.6633414000	-0.0009999500	-0.1274679000	0.0010536845	0.3939089500
0.6596821000	-0.0009999500	-0.1273092500	0.0010752768	0.3925289800
0.6557071800	-0.0009999500	-0.1271345000	0.0011008896	0.3910134100
0.6513217700	-0.0009999500	-0.1269388200	0.0011304755	0.3893983100
0.6463753000	-0.0009999500	-0.1267144800	0.0011636898	0.3876190500
0.6406297700	-0.0009999500	-0.1264491200	0.0011998615	0.3857404900
0.6336818900	-0.0009999500	-0.1261214300	0.0012357637	0.3837239100
0.6266827000	-0.0009999500	-0.1257838500	0.0012686070	0.3816689600
0.6199386700	-0.0009999500	-0.1254515300	0.0012965912	0.3797985300
0.6133818600	-0.0009999500	-0.1251218900	0.0013199341	0.3780199300
0.6069397300	-0.0009999500	-0.1247917800	0.0013395805	0.3763710600
0.6005413500	-0.0009999500	-0.1244578100	0.0013559005	0.3748038400
0.5941371900	-0.0009999500	-0.1241175300	0.0013702783	0.3732803500
0.5876948800	-0.0009999500	-0.1237691700	0.0013835614	0.3718287100
0.5811990500	-0.0009999500	-0.1234118100	0.0013969430	0.3704182800
0.5746415900	-0.0009999500	-0.1230448800	0.0014079269	0.3692606100
0.5680149200	-0.0009999500	-0.1226678000	0.0014217706	0.3673607400
0.5613066000	-0.0009999500	-0.1222796700	0.0014370461	0.3665602500
0.5544983700	-0.0009999500	-0.1218792300	0.0014443536	0.3652351500
0.5475692700	-0.0009999500	-0.1214649100	0.0014574309	0.3638155200
0.5404982000	-0.0009999500	-0.1210351100	0.0014657259	0.3630862800
0.5332753100	-0.0009999500	-0.1205887900	0.0014705993	0.3614035800
0.5259159200	-0.0009999500	-0.1201265000	0.0014862540	0.3607196200
0.5184596200	-0.0009999500	-0.1196503600	0.0014948151	0.3597986100
0.5109515800	-0.0009999500	-0.1191630200	0.0015028218	0.3583533500
0.5034185100	-0.0009999500	-0.1186661000	0.0015173966	0.3577065200
0.4958567000	-0.0009999500	-0.1181592800	0.0015255408	0.3568353700
0.4882403600	-0.0009999500	-0.1176406700	0.0015346459	0.3558484000
0.4805366100	-0.0009999500	-0.1171077700	0.0015467188	0.3551390800
0.4727158200	-0.0009999500	-0.1165582000	0.0015627119	0.3543507800
0.4647624500	-0.0009999500	-0.1159904000	0.0015740489	0.3539063000
0.4566888200	-0.0009999500	-0.1154047800	0.0015788001	0.3530834000
0.4485394100	-0.0009999500	-0.1148041800	0.0015928005	0.3524435500
0.4403797100	-0.0009999500	-0.1141932000	0.0016092522	0.3518351900
0.4322748200	-0.0009999500	-0.1135767300	0.0016141141	0.3516324800
0.4242598400	-0.0009999500	-0.1129576100	0.0016130038	0.3512957400
0.4163313200	-0.0009999500	-0.1123357900	0.0016236341	0.3506170500
0.4084633300	-0.0009999500	-0.1117094200	0.0016371683	0.3506645900
0.4006219500	-0.0009999500	-0.1110758600	0.0016454888	0.3502268800
0.3927789900	-0.0009999500	-0.1104327400	0.0016614647	0.3499239100
0.3849232500	-0.0009999500	-0.1097790200	0.0016684945	0.3504683400
0.3770631000	-0.0009999500	-0.1091152400	0.0016676038	0.3498904400
0.3692131000	-0.0009999500	-0.1084425100	0.0016811524	0.3498412700
0.3613756000	-0.0009999500	-0.1077609100	0.0016930360	0.3500957800
0.3535309700	-0.0009999500	-0.1070686300	0.0016958895	0.3502301900
0.3456402100	-0.0009999500	-0.1063619300	0.0016978348	0.3504826700
0.3376585200	-0.0009999500	-0.1056363700	0.0017066328	0.3505365600
0.3295534000	-0.0009999500	-0.1048883400	0.0017168058	0.3510866800
0.3213201800	-0.0009999500	-0.1041167000	0.0017245000	0.3513514700
0.3129851200	-0.0009999500	-0.1033231700	0.0017344740	0.3517443500
0.3045995500	-0.0009999500	-0.1025120300	0.0017443710	0.3524780300
0.2962333600	-0.0009999500	-0.1016897000	0.0017532439	0.3527047300
0.2879426800	-0.0009999500	-0.1008616600	0.0017672267	0.3535223000
0.2797439700	-0.0009999500	-0.1000296500	0.0017706541	0.3545837100
0.2716108300	-0.0009999500	-0.0991910620	0.0017727149	0.3547005100
0.2634932400	-0.0009999500	-0.0983406600	0.0017888583	0.3559579800
0.2553509800	-0.0009999500	-0.0974738820	0.0017931721	0.3570174900
0.2471723900	-0.0009999500	-0.0965889990	0.0017949380	0.3578608300
0.2389926500	-0.0009999500	-0.0956893560	0.0018023442	0.3587163100
0.2308804200	-0.0009999500	-0.0947823450	0.0018145670	0.3598401000
0.2228993800	-0.0009999500	-0.0938752520	0.0018219934	0.3613670800
0.2150788200	-0.0009999500	-0.0929718390	0.0018206506	0.3624979900
0.2073912000	-0.0009999500	-0.0920693800	0.0018280531	0.3632918300
0.1998365100	-0.0009999500	-0.0911682700	0.0018428613	0.3650193500
0.1922915600	-0.0009999500	-0.0902538750	0.0018455484	0.3667825500
0.1846412400	-0.0009999500	-0.0893115620	0.0018463934	0.3677502600
0.1768142100	-0.0009999500	-0.0883312820	0.0018606236	0.3692836800
0.1687956600	-0.0009999500	-0.0873095770	0.0018729231	0.3714398400
0.1606140100	-0.0009999500	-0.0862483830	0.0018759918	0.3730947400
0.1523127900	-0.0009999500	-0.0851517770	0.0018844951	0.3750096900
0.1439302000	-0.0009999500	-0.0840234680	0.0018939235	0.3772710900
0.1354878800	-0.0009999500	-0.0828652010	0.0018980861	0.3794096400
0.1269986200	-0.0009999500	-0.0816775930	0.0019065983	0.3817297500
0.1184859600	-0.0009999500	-0.0804628880	0.0019220322	0.3841023100
0.1099882400	-0.0009999500	-0.0792257490	0.0019313827	0.3870738700
0.1015597100	-0.0009999500	-0.0779736410	0.0019309241	0.3895464500
0.0932570920	-0.0009999500	-0.0767150000	0.0019412952	0.3923125600
0.0851201120	-0.0009999500	-0.0754563510	0.0019525261	0.3953746600
0.0771733220	-0.0009999500	-0.0742023290	0.0019631819	0.3980777600
0.0694235040	-0.0009999500	-0.0729550050	0.0019749611	0.4012759300
0.0618589000	-0.0009999500	-0.0717134770	0.0019820466	0.4044081000
0.0544543970	-0.0009999500	-0.0704744830	0.0019899003	0.4074708800
0.0471798590	-0.0009999500	-0.0692336480	0.0020005478	0.4104912600
0.0400122890	-0.0009999500	-0.0679874420	0.0020150166	0.4140355000
0.0329471900	-0.0009999500	-0.0667353120	0.0020225481	0.4174714400
0.0260030480	-0.0009999500	-0.0654809030	0.0020269285	0.4210214600
0.0192096270	-0.0009999500	-0.0642302560	0.0020320141	0.4246220900
0.0125919200	-0.0009999500	-0.0629889000	0.0020491004	0.4274783400
0.0061674407	-0.0009999500	-0.0617612710	0.0020603541	0.4320204000
-0.0000549169	-0.0009999500	-0.0605504360	0.0020502569	0.4356136600
-0.0060783434	-0.0009999500	-0.0593572300	0.0020595573	0.4387733000
-0.0119218520	-0.0009999500	-0.0581792180	0.0020754460	0.4429378200
-0.0176248230	-0.0009999500	-0.0570094880	0.0020826931	0.4467801500
-0.0232334700	-0.0009999500	-0.0558391620	0.0020923484	0.4506762300
-0.0287851130	-0.0009999500	-0.0546606630	0.0021000967	0.4549435400
-0.0343028420	-0.0009999500	-0.0534689840	0.0021077942	0.4585667800
-0.0397894790	-0.0009999500	-0.0522632110	0.0021238541	0.4631067200
-0.0452311670	-0.0009999500	-0.0510461140	0.0021274424	0.4680047600
-0.0506060870	-0.0009999500	-0.0498225240	0.0021276978	0.4720670900
-0.0558909250	-0.0009999500	-0.0485980030	0.0021376748	0.4767625000
-0.0610717390	-0.0009999500	-0.0473762830	0.0021464533	0.4817420500
-0.0661552400	-0.0009999500	-0.0461562800	0.0021470134	0.4868159300
-0.0711656060	-0.0009999500	-0.0449324880	0.0021428403	0.4916600600
-0.0761307030	-0.0009999500	-0.0436981360	0.0021489362	0.4969843300
-0.0810710120	-0.0009999500	-0.0424478540	0.0021526403	0.5025985800
-0.0859965910	-0.0009999500	-0.0411785950	0.0021558748	0.5077424600
-0.0909118210	-0.0009999500	-0.0398884900	0.0021640845	0.5141131900
-0.0958220660	-0.0009999500	-0.0385752880	0.0021545953	0.5205120400
-0.1007361700	-0.0009999500	-0.0372356700	0.0021435430	0.5264892000
-0.1056642600	-0.0009999500	-0.0358657500	0.0021449041	0.5334475600
-0.1106152600	-0.0009999500	-0.0344615910	0.0021406394	0.5408262000
-0.1155988600	-0.0009999500	-0.0330185960	0.0021319612	0.5484014200
-0.1206317700	-0.0009999500	-0.0315297510	0.0021270611	0.5564317100
-0.1257437900	-0.0009999500	-0.0299834910	0.0021190930	0.5655498500
-0.1309794800	-0.0009999500	-0.0283624680	0.0021060143	0.5745367400
-0.1363977000	-0.0009999500	-0.0266426650	0.0020999600	0.5852818500
-0.1420621700	-0.0009999500	-0.0247958060	0.0020763567	0.5973796800
-0.1480636700	-0.0009999500	-0.0227809900	0.0020438004	0.6100442400
-0.1541029800	-0.0009999500	-0.0206884130	0.0020185467	0.6244184400
-0.1595995900	-0.0009999500	-0.0187222590	0.0019865700	0.6386347400
-0.1646797200	-0.0009999500	-0.0168487580	0.0019517188	0.6529195300
-0.1694429700	-0.0009999500	-0.0150390680	0.0019147490	0.6668520600
-0.1739717000	-0.0009999500	-0.0132665870	0.0018806083	0.6814837500
-0.1783285400	-0.0009999500	-0.0115096750	0.0018345262	0.6967240000
-0.1825607400	-0.0009999500	-0.0097506745	0.0017803494	0.7118422400
-0.1866989900	-0.0009999500	-0.0079761622	0.0017296126	0.7282826300
-0.1907630100	-0.0009999500	-0.0061756102	0.0016704864	0.7454427500
-0.1947691300	-0.0009999500	-0.0043391855	0.0016075402	0.7635052800
-0.1987290100	-0.0009999500	-0.0024579719	0.0015380750	0.7829459300
-0.2026444400	-0.0009999500	-0.0005251090	0.0014606700	0.8031516700
-0.2065024100	-0.0009999500	0.0014593113	0.0013852468	0.8248499000
-0.2102718900	-0.0009999500	0.0034843972	0.0013068488	0.8476821200
-0.2139126100	-0.0009999500	0.0055337595	0.0012232863	0.8709479600
-0.2173894200	-0.0009999500	0.0075914040	0.0011360967	0.8948212900
-0.2206783000	-0.0009999500	0.0096427659	0.0010396275	0.9184535700
-0.2237661800	-0.0009999500	0.0116790870	0.0009263592	0.9416312600
-0.2266506700	-0.0009999500	0.0136992520	0.0007875501	0.9632135000
-0.2293470200	-0.0009999500	0.0157119970	0.0006202625	0.9823523200
-0.2318662300	-0.0009999500	0.0177258790	0.0004169297	0.9975602600
-0.2342105500	-0.0009999500	0.0197493710	0.0001767640	1.0064855000
-0.2363773700	-0.0009999500	0.0217843880	-0.0001001761	1.0080141000
-0.2383579200	-0.0009999500	0.0238262690	-0.0004077304	0.9980985500
-0.2401021300	-0.0009999500	0.0258282670	-0.0007696097	0.9726194100
-0.2417431900	-0.0009999500	0.0279645990	-0.0011434653	0.9263173900
-0.2430452100	-0.0009999500	0.0299216990	-0.0014953241	0.8555876000
-0.2441571100	-0.0009999500	0.0319020860	-0.0017677963	0.7548226700
-0.2450259300	-0.0009999500	0.0338087680	-0.0018700717	0.6221677100
-0.2456861700	-0.0009999500	0.0356910640	-0.0017178046	0.4520834100
-0.2461325400	-0.0009999500	0.0375082600	-0.0012735302	0.2569109500
-0.2463590100	-0.0009999500	0.0390574600	-0.0007035982	0.0521758720
-0.2464374600	-0.0009999500	0.0404892300	0.0001762235	-0.1267496900
-0.2463848000	-0.0009999500	0.0419862310	0.0013813131	-0.3113483800
-0.2462019300	-0.0009999500	0.0434120450	0.0027390172	-0.5278456200
-0.2458891600	-0.0009999500	0.0448030790	0.0042456124	-0.7270056000
-0.2454307500	-0.0009999500	0.0462194490	0.0052552426	-0.9201712600
-0.2448770900	-0.0009999500	0.0475204030	0.0067130122	-1.0845407000
-0.2441584800	-0.0009999500	0.0488650240	0.0082579836	-1.2035364000
-0.2431567900	-0.0009999500	0.0503822570	0.0093198803	-1.3291187000
-0.2419157600	-0.0009999500	0.0519202090	0.0103524670	-1.4127847000
-0.2404549400	-0.0009999500	0.0534250660	0.0109383480	-1.4653581000
-0.2387808600	-0.0009999500	0.0548818740	0.0113006880	-1.4817033000
-0.2368813600	-0.0009999500	0.0562987770	0.0112191350	-1.4759760000
-0.2348416000	-0.0009999500	0.0576194860	0.0108155450	-1.4594721000
-0.2324224600	-0.0009999500	0.0589822900	0.0107232130	-1.4262962000
-0.2299054400	-0.0009999500	0.0602225920	0.0102977720	-1.3928765000
-0.2272180900	-0.0009999500	0.0613935780	0.0099014826	-1.3584445000
-0.2243703200	-0.0009999500	0.0624928590	0.0095368765	-1.3111291000
-0.2213666300	-0.0009999500	0.0635236430	0.0092322097	-1.2713906000
-0.2182004000	-0.0009999500	0.0644937600	0.0088485734	-1.2330734000
-0.2148560300	-0.0009999500	0.0654072990	0.0085282808	-1.1906476000
-0.2113192400	-0.0009999500	0.0662672300	0.0082237081	-1.1541615000
-0.2075927100	-0.0009999500	0.0670737250	0.0079243949	-1.1157570000
-0.2036990800	-0.0009999500	0.0678210180	0.0076320814	-1.0805850000
-0.1996714300	-0.0009999500	0.0685035140	0.0074145579	-1.0426383000
-0.1955450600	-0.0009999500	0.0691195580	0.0072364187	-1.0109501000
-0.1913395700	-0.0009999500	0.0696704240	0.0069763171	-0.9820231200
-0.1870505400	-0.0009999500	0.0701596740	0.0067719605	-0.9485508800
-0.1826598200	-0.0009999500	0.0705923070	0.0065885455	-0.9236879900
-0.1781512200	-0.0009999500	0.0709719210	0.0063901605	-0.8963168300
-0.1735249300	-0.0009999500	0.0712987330	0.0062146622	-0.8711297500
-0.1688012600	-0.0009999500	0.0715721850	0.0060698848	-0.8457547400
-0.1640085300	-0.0009999500	0.0717927960	0.0059668416	-0.8219344600
-0.1591557100	-0.0009999500	0.0719621850	0.0058120472	-0.8022036600
-0.1542114900	-0.0009999500	0.0720825200	0.0056553967	-0.7786584500
-0.1490976700	-0.0009999500	0.0721554160	0.0055233158	-0.7582511900
-0.1436922600	-0.0009999500	0.0721795780	0.0053850193	-0.7368978300
-0.1378387700	-0.0009999500	0.0721481960	0.0052447171	-0.7158342000
-0.1313465400	-0.0009999500	0.0720479640	0.0051348609	-0.6925400500
-0.1248537200	-0.0009999500	0.0718838270	0.0050346772	-0.6721950800
-0.1188970900	-0.0009999500	0.0716805230	0.0048899340	-0.6544837400
-0.1133168100	-0.0009999500	0.0714467540	0.0047822647	-0.6347790400
-0.1080078100	-0.0009999500	0.0711875260	0.0046955880	-0.6206278200
-0.1028836700	-0.0009999500	0.0709049400	0.0045910936	-0.6064733900
-0.0978757290	-0.0009999500	0.0705992430	0.0045078951	-0.5918757900
-0.0929285290	-0.0009999500	0.0702696960	0.0044254299	-0.5795821000
-0.0879950670	-0.0009999500	0.0699148480	0.0043757881	-0.5656397900
-0.0830330630	-0.0009999500	0.0695325960	0.0043221477	-0.5544279800
-0.0780059770	-0.0009999500	0.0691203180	0.0042315968	-0.5418664200
-0.0728892090	-0.0009999500	0.0686756600	0.0041613980	-0.5276883800
-0.0676769610	-0.0009999500	0.0681976230	0.0040700241	-0.5171956400
-0.0623833650	-0.0009999500	0.0676871460	0.0039876043	-0.5034108800
-0.0570350660	-0.0009999500	0.0671467410	0.0039104474	-0.4922998000
-0.0516581830	-0.0009999500	0.0665792300	0.0038559471	-0.4795688700
-0.0462644030	-0.0009999500	0.0659862830	0.0038051209	-0.4684724500
-0.0408409350	-0.0009999500	0.0653669390	0.0037357494	-0.4565546500
-0.0353511120	-0.0009999500	0.0647171810	0.0036740379	-0.4440873600
-0.0297598240	-0.0009999500	0.0640325170	0.0035799097	-0.4337000500
-0.0240562730	-0.0009999500	0.0633109580	0.0034989204	-0.4205582400
-0.0182535110	-0.0009999500	0.0625535700	0.0034307510	-0.4095290600
-0.0123855050	-0.0009999500	0.0617645200	0.0033732621	-0.3974719000
-0.0064877705	-0.0009999500	0.0609487440	0.0033225479	-0.3860175300
-0.0005829011	-0.0009999500	0.0601097900	0.0032340939	-0.3759785900
0.0053212005	-0.0009999500	0.0592493410	0.0031807144	-0.3627034700
0.0112329870	-0.0009999500	0.0583667350	0.0031446046	-0.3519279100
0.0171793920	-0.0009999500	0.0574583370	0.0030666481	-0.3417935100
0.0232048480	-0.0009999500	0.0565173440	0.0029973454	-0.3295366200
0.0293634270	-0.0009999500	0.0555347610	0.0029399080	-0.3186535200
0.0357120930	-0.0009999500	0.0545004200	0.0028670123	-0.3079210800
0.0422903970	-0.0009999500	0.0534063610	0.0028031215	-0.2954178200
0.0491082780	-0.0009999500	0.0522492010	0.0027567858	-0.2835270500
0.0561467150	-0.0009999500	0.0510304500	0.0026876618	-0.2722452900
0.0633647440	-0.0009999500	0.0497558190	0.0026344166	-0.2586837100
0.0707111140	-0.0009999500	0.0484335240	0.0025887831	-0.2469934200
0.0781352970	-0.0009999500	0.0470723700	0.0025169012	-0.2352464200
0.0855967180	-0.0009999500	0.0456799230	0.0024532376	-0.2223167100
0.0930772870	-0.0009999500	0.0442599650	0.0023961288	-0.2102501800
0.1005867200	-0.0009999500	0.0428111290	0.0023387148	-0.1984284800
0.1081540900	-0.0009999500	0.0413280840	0.0022841909	-0.1865331500
0.1158113000	-0.0009999500	0.0398045330	0.0022238508	-0.1750077000
0.1235774500	-0.0009999500	0.0382364240	0.0021732932	-0.1627900200
0.1314527800	-0.0009999500	0.0366234150	0.0021255979	-0.1510724400
0.1394261900	-0.0009999500	0.0349675420	0.0020663005	-0.1395427400
0.1474861800	-0.0009999500	0.0332710260	0.0020113179	-0.1276633700
0.1556249600	-0.0009999500	0.0315354390	0.0019658032	-0.1158218200
0.1638336500	-0.0009999500	0.0297627240	0.0019202239	-0.1041950100
0.1720945100	-0.0009999500	0.0279568380	0.0018709805	-0.0930393710
0.1803740600	-0.0009999500	0.0261254050	0.0018248942	-0.0815887450
0.1886333200	-0.0009999500	0.0242776370	0.0017804560	-0.0703209560
0.1968472300	-0.0009999500	0.0224199690	0.0017389784	-0.0593905370
0.2050121300	-0.0009999500	0.0205540820	0.0016968580	-0.0489241030
0.2131402500	-0.0009999500	0.0186779650	0.0016622374	-0.0382879860
0.2212455400	-0.0009999500	0.0167890840	0.0016286431	-0.0280157140
0.2293331000	-0.0009999500	0.0148868530	0.0015955806	-0.0178121460
0.2373956100	-0.0009999500	0.0129735440	0.0015632954	-0.0080019133
0.2454331700	-0.0009999500	0.0110496930	0.0015215377	0.0014383030
0.2534285500	-0.0009999500	0.0091200201	0.0014841555	0.0113461700
0.2613698200	-0.0009999500	0.0071880710	0.0014557384	0.0207735990
0.2692577800	-0.0009999500	0.0052542915	0.0014226645	0.0296783170
0.2771052100	-0.0009999500	0.0033161340	0.0013865629	0.0385829880
0.2849304400	-0.0009999500	0.0013695493	0.0013544324	0.0473661870
0.2927488700	-0.0009999500	-0.0005889099	0.0013277862	0.0560925980
0.3005660200	-0.0009999500	-0.0025603331	0.0013048386	0.0647475050
0.3083796800	-0.0009999500	-0.0045438935	0.0012747376	0.0728026400
0.3161887200	-0.0009999500	-0.0065390165	0.0012508953	0.0814904940
0.3240019100	-0.0009999500	-0.0085476907	0.0012288498	0.0897029120
0.3318446600	-0.0009999500	-0.0105763070	0.0011972598	0.0975131020
0.3397515400	-0.0009999500	-0.0126337980	0.0011653372	0.1056088300
0.3477466100	-0.0009999500	-0.0147265560	0.0011432470	0.1139523800
0.3558268000	-0.0009999500	-0.0168539510	0.0011225905	0.1217008500
0.3639522500	-0.0009999500	-0.0190056000	0.0010943218	0.1294351800
0.3720667700	-0.0009999500	-0.0211664870	0.0010690247	0.1376991000
0.3801276100	-0.0009999500	-0.0233248860	0.0010453328	0.1453113700
0.3881183000	-0.0009999500	-0.0254759530	0.0010208016	0.1527899100
0.3960476800	-0.0009999500	-0.0276216380	0.0009952066	0.1599167400
0.4039324800	-0.0009999500	-0.0297660900	0.0009748702	0.1674382200
0.4117822100	-0.0009999500	-0.0319116040	0.0009570258	0.1744990300
0.4195942300	-0.0009999500	-0.0340571810	0.0009332027	0.1812181800
0.4273598500	-0.0009999500	-0.0362001770	0.0009130351	0.1887268900
0.4350735500	-0.0009999500	-0.0383387580	0.0008924754	0.1953281500
0.4427365400	-0.0009999500	-0.0404729840	0.0008669652	0.2018297200
0.4503567800	-0.0009999500	-0.0426048230	0.0008439095	0.2086992300
0.4579450200	-0.0009999500	-0.0447370670	0.0008224747	0.2150735400
0.4655070600	-0.0009999500	-0.0468711700	0.0008033201	0.2216060500
0.4730387900	-0.0009999500	-0.0490058400	0.0007826278	0.2278329900
0.4805295200	-0.0009999500	-0.0511378530	0.0007632671	0.2343240700
1 2 
2 3 
3 4 
4 5 
5 6 
6 7 
7 8 
8 9 
9 10 
10 11 
11 12 
12 13 
13 14 
14 15 
15 16 
16 17 
17 18 
18 19 
19 20 
20 21 
21 22 
22 23 
23 24 
24 25 
25 26 
26 27 
27 28 
28 29 
29 30 
30 31 
31 32 
32 33 
33 34 
34 35 
35 36 
36 37 
37 38 
38 39 
39 40 
40 41 
41 42 
42 43 
43 44 
44 45 
45 46 
46 47 
47 48 
48 49 
49 50 
50 51 
51 52 
52 53 
53 54 
54 55 
55 56 
56 57 
57 58 
58 59 
59 60 
60 61 
61 62 
62 63 
63 64 
64 65 
65 66 
66 67 
67 68 
68 69 
69 70 
70 71 
71 72 
72 73 
73 74 
74 75 
75 76 
76 77 
77 78 
78 79 
79 80 
80 81 
81 82 
82 83 
83 84 
84 85 
85 86 
86 87 
87 88 
88 89 
89 90 
90 91 
91 92 
92 93 
93 94 
94 95 
95 96 
96 97 
97 98 
98 99 
99 100 
100 101 
101 102 
102 103 
103 104 
104 105 
105 106 
106 107 
107 108 
108 109 
109 110 
110 111 
111 112 
112 113 
113 114 
114 115 
115 116 
116 117 
117 118 
118 119 
119 120 
120 121 
121 122 
122 123 
123 124 
124 125 
125 126 
126 127 
127 128 
128 129 
129 130 
130 131 
131 132 
132 133 
133 134 
134 135 
135 136 
136 137 
137 138 
138 139 
139 140 
140 141 
141 142 
142 143 
143 144 
144 145 
145 146 
146 147 
147 148 
148 149 
149 150 
150 151 
151 152 
152 153 
153 154 
154 155 
155 156 
156 157 
157 158 
158 159 
159 160 
160 161 
161 162 
162 163 
163 164 
164 165 
165 166 
166 167 
167 168 
168 169 
169 170 
170 171 
171 172 
172 173 
173 174 
174 175 
175 176 
176 177 
177 178 
178 179 
179 180 
180 181 
181 182 
182 183 
183 184 
184 185 
185 186 
186 187 
187 188 
188 189 
189 190 
190 191 
191 192 
192 193 
193 194 
194 195 
195 196 
196 197 
197 198 
198 199 
199 200 
200 201 
201 202 
202 203 
203 204 
204 205 
205 206 
206 207 
207 208 
208 209 
209 210 
210 211 
211 212 
212 213 
213 214 
214 215 
215 216 
216 217 
217 218 
218 219 
219 220 
220 221 
221 222 
222 223 
223 224 
224 225 
225 226 
226 227 
227 228 
228 229 
229 230 
230 231 
231 232 
232 233 
233 234 
234 235 
235 236 
236 237 
237 238 
238 239 
239 240 
240 241 
241 242 
242 243 
243 244 
244 245 
245 246 
246 247 
247 248 
248 249 
249 250 
250 251 
251 252 
252 253 
253 254 
254 255 
255 256 
256 257 
257 258 
258 259 
259 260 
260 261 
261 262 
262 263 
263 264 
264 265 
265 266 
266 267 
267 268 
268 269 
269 270 
270 271 
271 272 
272 273 
273 274 
274 275 
275 276 
276 277 
277 278 
278 279 
279 280 
280 281 
281 282 
282 283 
283 284 
284 285 
285 286 
286 287 
287 288 
288 289 
289 290 
290 291 
291 292 
292 293 
293 294 
294 295 
295 296 
296 297 
297 298 
298 299 
299 300 
300 301 
301 302 
302 303 
303 304 
304 305 
305 306 
306 307 
307 308 
308 309 
309 310 
310 311 
311 312 
312 313 
313 314 
314 315 
315 316 
316 317 
317 318 
318 319 
319 320 
320 321 
321 322 
322 323 
323 324 
324 325 
325 326 
326 327 
327 328 
328 329 
329 330 
330 331 
331 332 
332 333 
333 334 
334 335 
335 336 
336 337 
337 338 
338 339 
339 340 
340 341 
341 342 
342 343 
343 344 
344 345 
345 346 
346 347 
347 348 
348 349 
349 350 
350 351 
351 352 
352 353 
353 354 
354 355 
355 356 
356 357 
357 358 
358 359 
359 360 
360 361 
361 362 
362 363 
363 364 
364 365 
365 366 
366 367 
367 368 
368 369 
369 370 
370 371 
371 372 
372 373 
373 374 
374 375 
375 376 
376 377 
377 378 
378 379 
379 380 
380 381 
381 382 
382 383 
383 384 
384 385 
385 386 
386 387 
387 388 
388 389 
389 390 
390 391 
391 392 
392 393 
393 394 
394 395 
395 396 
396 397 
397 398 
398 399 
399 400 
400 401 
401 402 
402 403 
403 404 
404 405 
405 406 
ZONE T="CFD++, PW Y=-0.035"
STRANDID=0, SOLUTIONTIME=0
Nodes=394, Elements=393, ZONETYPE=FELineSeg
DATAPACKING=POINT
DT=(DOUBLE DOUBLE DOUBLE DOUBLE DOUBLE )
0.3397515400	-0.0349999520	-0.0126337980	0.0012881350	0.1032032200
0.3477466100	-0.0349999520	-0.0147265560	0.0012574538	0.1112998300
0.3558268000	-0.0349999520	-0.0168539510	0.0012273724	0.1193476400
0.3639522500	-0.0349999520	-0.0190056000	0.0011975593	0.1273007200
0.3720667700	-0.0349999520	-0.0211664870	0.0011682579	0.1351745400
0.3801276100	-0.0349999520	-0.0233248860	0.0011396792	0.1428747200
0.3881183000	-0.0349999520	-0.0254759530	0.0011117495	0.1504370700
0.3960476800	-0.0349999520	-0.0276216380	0.0010847553	0.1578368400
0.4039324800	-0.0349999520	-0.0297660900	0.0010581589	0.1650826800
0.4117822100	-0.0349999520	-0.0319116040	0.0010318047	0.1722441200
0.4195942300	-0.0349999520	-0.0340571810	0.0010058131	0.1792933900
0.4273598500	-0.0349999520	-0.0362001770	0.0009801239	0.1862516000
0.4350735500	-0.0349999520	-0.0383387580	0.0009549038	0.1931022600
0.4427365400	-0.0349999520	-0.0404729840	0.0009301045	0.1998447500
0.4503567800	-0.0349999520	-0.0426048230	0.0009057069	0.2064916000
0.4579450200	-0.0349999520	-0.0447370670	0.0008816247	0.2130464600
0.4655070600	-0.0349999520	-0.0468711700	0.0008576831	0.2195281200
0.4730387900	-0.0349999520	-0.0490058400	0.0008339169	0.2259471600
0.4805295200	-0.0349999520	-0.0511378530	0.0008103687	0.2322926800
0.4879702300	-0.0349999520	-0.0532644540	0.0007870301	0.2385655800
0.4953613900	-0.0349999520	-0.0553855670	0.0007638827	0.2447652100
0.5027146900	-0.0349999520	-0.0575043780	0.0007408452	0.2509071200
0.5100478500	-0.0349999520	-0.0596258790	0.0007178429	0.2570077800
0.5173741000	-0.0349999520	-0.0617538470	0.0006948878	0.2630791100
0.5246892000	-0.0349999520	-0.0638870150	0.0006719992	0.2691119600
0.5319628100	-0.0349999520	-0.0660164730	0.0006490264	0.2750847600
0.5391449300	-0.0349999520	-0.0681273270	0.0006261622	0.2809899700
0.5461880600	-0.0349999520	-0.0702052490	0.0006034205	0.2867683200
0.5530716800	-0.0349999520	-0.0722437580	0.0005810065	0.2924506100
0.5598079000	-0.0349999520	-0.0742459070	0.0005588257	0.2979841200
0.5664265200	-0.0349999520	-0.0762201700	0.0005368430	0.3034553500
0.5729595400	-0.0349999520	-0.0781758200	0.0005154164	0.3088331800
0.5794302200	-0.0349999520	-0.0801196020	0.0004936017	0.3141207100
0.5858520900	-0.0349999520	-0.0820554570	0.0004715524	0.3194303800
0.5922353900	-0.0349999520	-0.0839863490	0.0004497640	0.3246923100
0.5985838800	-0.0349999520	-0.0859133900	0.0004278150	0.3299324200
0.6048890900	-0.0349999520	-0.0878338960	0.0004054497	0.3351481600
0.6111169500	-0.0349999520	-0.0897373480	0.0003825715	0.3403368900
0.6135507200	-0.0349999520	-0.0904837180	0.0003733636	0.3423666100
0.6172094300	-0.0349999520	-0.0916057380	0.0003574389	0.3453882600
0.6230798400	-0.0349999520	-0.0934120040	0.0003301846	0.3501235500
0.6286383900	-0.0349999520	-0.0951277170	0.0003072266	0.3546557700
0.6298406700	-0.0349999520	-0.0954999400	0.0003029122	0.3556174600
0.6338200000	-0.0349999520	-0.0967319010	0.0002849721	0.3588036000
0.6371177400	-0.0349999520	-0.0977557230	0.0002737480	0.3616123200
0.6386022600	-0.0349999520	-0.0982166010	0.0002673010	0.3629715700
0.6425212600	-0.0349999520	-0.0994365510	0.0002534891	0.3662115600
0.6433777800	-0.0349999520	-0.0997031780	0.0002488716	0.3668174100
0.6472288400	-0.0349999520	-0.1009052000	0.0002320466	0.3700017000
0.6480292700	-0.0349999520	-0.1011550400	0.0002291749	0.3706612600
0.6517478800	-0.0349999520	-0.1023187400	0.0002171165	0.3742702900
0.6534936400	-0.0349999520	-0.1028658400	0.0002116776	0.3755036900
0.6589577800	-0.0349999520	-0.1045813800	0.0001921051	0.3795702500
0.6614335200	-0.0349999520	-0.1053610400	0.0001817043	0.3815607700
0.6640445600	-0.0349999520	-0.1061834800	0.0001733525	0.3834218100
0.6657860300	-0.0349999520	-0.1067332600	0.0001655972	0.3847664300
0.6693461500	-0.0349999520	-0.1078584900	0.0001556057	0.3872850200
0.6725900200	-0.0349999520	-0.1088857800	0.0001403328	0.3899705700
0.6757167600	-0.0349999520	-0.1098781300	0.0001272121	0.3925352100
0.6780287600	-0.0349999520	-0.1106124500	0.0001222088	0.3942078100
0.6821874400	-0.0349999520	-0.1119366100	0.0001103079	0.3977749300
0.6872139600	-0.0349999520	-0.1135414800	0.0000975453	0.4014270900
0.6919509800	-0.0349999520	-0.1150583100	0.0000800545	0.4047403300
0.6921969700	-0.0349999520	-0.1151372300	0.0000793570	0.4048959900
0.6984601600	-0.0349999520	-0.1171500700	0.0000649744	0.4096467200
0.7017290000	-0.0349999520	-0.1182036900	0.0000546935	0.4119463900
0.7083211500	-0.0349999520	-0.1203340400	0.0000323497	0.4162377700
0.7098301600	-0.0349999520	-0.1208231900	0.0000275147	0.4171438500
0.7145152100	-0.0349999520	-0.1223438200	0.0000140766	0.4202219800
0.7184750400	-0.0349999520	-0.1236328600	0.0000142828	0.4232905800
0.7219903500	-0.0349999520	-0.1247798700	0.0000112890	0.4257473300
0.7249192000	-0.0349999520	-0.1257374600	0.0000108355	0.4275091000
0.7273594700	-0.0349999520	-0.1265366800	0.0000083183	0.4288183200
0.7293927700	-0.0349999520	-0.1272035700	0.0000065101	0.4299473200
0.7310869700	-0.0349999520	-0.1277599000	0.0000072400	0.4308348300
0.7324987100	-0.0349999520	-0.1282239100	0.0000098142	0.4315409100
0.7336750000	-0.0349999520	-0.1286108600	0.0000142255	0.4320857800
0.7346552600	-0.0349999520	-0.1289335300	0.0000199023	0.4324910300
0.7354720200	-0.0349999520	-0.1292025700	0.0000266304	0.4327753200
0.7361526500	-0.0349999520	-0.1294268800	0.0000350553	0.4329491300
0.7367198500	-0.0349999520	-0.1296138800	0.0000494291	0.4330113800
0.7371924500	-0.0349999520	-0.1297697600	0.0000886641	0.4329313600
0.7375863200	-0.0349999520	-0.1298996800	0.0002127123	0.4327008400
0.7379145000	-0.0349999520	-0.1300079800	0.0005255577	0.4319444000
0.7381879700	-0.0349999520	-0.1300982200	0.0011132074	0.4311533000
0.7384159000	-0.0349999520	-0.1301734400	0.0018808836	0.4167074900
0.7386058000	-0.0349999520	-0.1302361300	0.0025771176	0.4177295900
0.7384058800	-0.0349999520	-0.1302300800	0.0022476008	0.4389455600
0.7381660300	-0.0349999520	-0.1302228100	0.0014374358	0.4407149300
0.7378781400	-0.0349999520	-0.1302141000	0.0012829136	0.4367254100
0.7375327300	-0.0349999520	-0.1302036000	0.0013355650	0.4368562400
0.7371181800	-0.0349999520	-0.1301910000	0.0013669244	0.4367119400
0.7366207200	-0.0349999520	-0.1301758300	0.0013736827	0.4364170700
0.7360238400	-0.0349999520	-0.1301575600	0.0013730448	0.4359670600
0.7353075100	-0.0349999520	-0.1301355400	0.0013738657	0.4353788200
0.7344479600	-0.0349999520	-0.1301089800	0.0013774558	0.4346368600
0.7334165000	-0.0349999520	-0.1300769400	0.0013834583	0.4337194600
0.7321788100	-0.0349999520	-0.1300382300	0.0013916338	0.4326047000
0.7306935200	-0.0349999520	-0.1299914400	0.0014019345	0.4312729500
0.7289111600	-0.0349999520	-0.1299347600	0.0014144949	0.4297010600
0.7267724300	-0.0349999520	-0.1298660000	0.0014289686	0.4278887200
0.7242059700	-0.0349999520	-0.1297823900	0.0014456952	0.4257740400
0.7211262000	-0.0349999520	-0.1296805100	0.0014652609	0.4233749800
0.7174306500	-0.0349999520	-0.1295560400	0.0014881193	0.4204932500
0.7145066300	-0.0349999520	-0.1294554800	0.0015035612	0.4181919700
0.7103338200	-0.0349999520	-0.1293099200	0.0015241362	0.4155263000
0.7069190100	-0.0349999520	-0.1291886100	0.0015424065	0.4133646800
0.7016697500	-0.0349999520	-0.1289982100	0.0015666719	0.4102536400
0.6988227400	-0.0349999520	-0.1288926800	0.0015778179	0.4086172600
0.6941015700	-0.0349999520	-0.1287155300	0.0015968867	0.4060168900
0.6913067100	-0.0349999520	-0.1286082900	0.0016123713	0.4045837500
0.6873686300	-0.0349999520	-0.1284554000	0.0016267304	0.4026659700
0.6854752900	-0.0349999520	-0.1283814000	0.0016323284	0.4017174800
0.6848633900	-0.0349999520	-0.1283571300	0.0016343414	0.4014774000
0.6790887100	-0.0349999520	-0.1281260100	0.0016540264	0.3987243800
0.6759438500	-0.0349999520	-0.1279977700	0.0016649802	0.3971908400
0.6757925200	-0.0349999520	-0.1279916000	0.0016653877	0.3971267600
0.6712853900	-0.0349999520	-0.1278048300	0.0016771938	0.3952256100
0.6680363400	-0.0349999520	-0.1276680200	0.0016871859	0.3938432900
0.6656916100	-0.0349999520	-0.1275685400	0.0016939563	0.3929029100
0.6596021100	-0.0349999520	-0.1273055800	0.0017126604	0.3906343000
0.6586345400	-0.0349999520	-0.1272633700	0.0017155205	0.3902519300
0.6526987600	-0.0349999520	-0.1270002600	0.0017302271	0.3883150800
0.6497560700	-0.0349999520	-0.1268678200	0.0017367542	0.3873796500
0.6463753000	-0.0349999520	-0.1267144800	0.0017472678	0.3860016800
0.6439558900	-0.0349999520	-0.1266027400	0.0017536089	0.3850766700
0.6406297700	-0.0349999520	-0.1264491200	0.0017626754	0.3839407000
0.6373199800	-0.0349999520	-0.1262930200	0.0017702037	0.3829662500
0.6336818900	-0.0349999520	-0.1261214300	0.0017788789	0.3818917900
0.6297860700	-0.0349999520	-0.1259335300	0.0017874254	0.3807501800
0.6266827000	-0.0349999520	-0.1257838500	0.0017945911	0.3798425200
0.6208545600	-0.0349999520	-0.1254966700	0.0018075059	0.3781894100
0.6199386700	-0.0349999520	-0.1254515300	0.0018095710	0.3779325500
0.6133818600	-0.0349999520	-0.1251218900	0.0018224649	0.3761468500
0.6069397300	-0.0349999520	-0.1247917800	0.0018346790	0.3744663900
0.6030762800	-0.0349999520	-0.1245901200	0.0018415775	0.3735105400
0.6005413500	-0.0349999520	-0.1244578100	0.0018460912	0.3728871600
0.5941371900	-0.0349999520	-0.1241175300	0.0018574128	0.3713821500
0.5876948800	-0.0349999520	-0.1237691700	0.0018685949	0.3699291900
0.5811990500	-0.0349999520	-0.1234118100	0.0018796127	0.3685219900
0.5746415900	-0.0349999520	-0.1230448800	0.0018904194	0.3671617200
0.5680149200	-0.0349999520	-0.1226678000	0.0019012002	0.3658313200
0.5613066000	-0.0349999520	-0.1222796700	0.0019117264	0.3645747300
0.5544983700	-0.0349999520	-0.1218792300	0.0019219200	0.3633413000
0.5475692700	-0.0349999520	-0.1214649100	0.0019323536	0.3621218200
0.5404982000	-0.0349999520	-0.1210351100	0.0019426308	0.3609765200
0.5332753100	-0.0349999520	-0.1205887900	0.0019526744	0.3598455200
0.5259159200	-0.0349999520	-0.1201265000	0.0019627415	0.3587618800
0.5184596200	-0.0349999520	-0.1196503600	0.0019726358	0.3577193300
0.5109515800	-0.0349999520	-0.1191630200	0.0019824585	0.3567169900
0.5034185100	-0.0349999520	-0.1186661000	0.0019921143	0.3557761900
0.4958567000	-0.0349999520	-0.1181592800	0.0020015296	0.3548894800
0.4882403600	-0.0349999520	-0.1176406700	0.0020107902	0.3540536500
0.4805366100	-0.0349999520	-0.1171077700	0.0020199437	0.3532670400
0.4727158200	-0.0349999520	-0.1165582000	0.0020289794	0.3525316400
0.4647624500	-0.0349999520	-0.1159904000	0.0020379427	0.3518402300
0.4566888200	-0.0349999520	-0.1154047800	0.0020468464	0.3512021600
0.4485394100	-0.0349999520	-0.1148041800	0.0020556070	0.3506178900
0.4403797100	-0.0349999520	-0.1141932000	0.0020641996	0.3500924100
0.4322748200	-0.0349999520	-0.1135767300	0.0020725804	0.3496295200
0.4242598400	-0.0349999520	-0.1129576100	0.0020806470	0.3492368800
0.4163313200	-0.0349999520	-0.1123357900	0.0020884550	0.3488973700
0.4084633300	-0.0349999520	-0.1117094200	0.0020961109	0.3486155900
0.4006219500	-0.0349999520	-0.1110758600	0.0021035173	0.3484001200
0.3927789900	-0.0349999520	-0.1104327400	0.0021107145	0.3482375100
0.3849232500	-0.0349999520	-0.1097790200	0.0021177284	0.3481358600
0.3770631000	-0.0349999520	-0.1091152400	0.0021245519	0.3480859100
0.3692131000	-0.0349999520	-0.1084425100	0.0021312492	0.3480882300
0.3613756000	-0.0349999520	-0.1077609100	0.0021378499	0.3481445000
0.3535309700	-0.0349999520	-0.1070686300	0.0021442537	0.3482693400
0.3456402100	-0.0349999520	-0.1063619300	0.0021504907	0.3484469100
0.3376585200	-0.0349999520	-0.1056363700	0.0021567222	0.3486803200
0.3295534000	-0.0349999520	-0.1048883400	0.0021629146	0.3489807200
0.3213201800	-0.0349999520	-0.1041167000	0.0021690884	0.3493441900
0.3129851200	-0.0349999520	-0.1033231700	0.0021751722	0.3497858900
0.3045995500	-0.0349999520	-0.1025120300	0.0021811526	0.3502903300
0.2962333600	-0.0349999520	-0.1016897000	0.0021869812	0.3508695100
0.2879426800	-0.0349999520	-0.1008616600	0.0021925140	0.3515171100
0.2797439700	-0.0349999520	-0.1000296500	0.0021978017	0.3522236000
0.2716108300	-0.0349999520	-0.0991910620	0.0022028641	0.3529959000
0.2634932400	-0.0349999520	-0.0983406600	0.0022077151	0.3538336500
0.2553509800	-0.0349999520	-0.0974738820	0.0022124296	0.3547385000
0.2471723900	-0.0349999520	-0.0965889990	0.0022170730	0.3557128600
0.2389926500	-0.0349999520	-0.0956893560	0.0022215371	0.3567675900
0.2308804200	-0.0349999520	-0.0947823450	0.0022256970	0.3578907800
0.2228993800	-0.0349999520	-0.0938752520	0.0022296111	0.3590657100
0.2150788200	-0.0349999520	-0.0929718390	0.0022332881	0.3602924900
0.2073912000	-0.0349999520	-0.0920693800	0.0022367321	0.3615649000
0.1998365100	-0.0349999520	-0.0911682700	0.0022400182	0.3628865200
0.1922915600	-0.0349999520	-0.0902538750	0.0022432387	0.3642694100
0.1846412400	-0.0349999520	-0.0893115620	0.0022464406	0.3657386000
0.1768142100	-0.0349999520	-0.0883312820	0.0022496013	0.3673152600
0.1687956600	-0.0349999520	-0.0873095770	0.0022526964	0.3690119400
0.1606140100	-0.0349999520	-0.0862483830	0.0022556985	0.3708354200
0.1523127900	-0.0349999520	-0.0851517770	0.0022585267	0.3727923000
0.1439302000	-0.0349999520	-0.0840234680	0.0022610946	0.3748790000
0.1354878800	-0.0349999520	-0.0828652010	0.0022633834	0.3770898600
0.1269986200	-0.0349999520	-0.0816775930	0.0022653909	0.3794212300
0.1184859600	-0.0349999520	-0.0804628880	0.0022672014	0.3818619000
0.1099882400	-0.0349999520	-0.0792257490	0.0022689234	0.3844047800
0.1015597100	-0.0349999520	-0.0779736410	0.0022705814	0.3870419600
0.0932570920	-0.0349999520	-0.0767150000	0.0022721214	0.3897740800
0.0851201120	-0.0349999520	-0.0754563510	0.0022733518	0.3926049200
0.0771733220	-0.0349999520	-0.0742023290	0.0022741144	0.3955150200
0.0694235040	-0.0349999520	-0.0729550050	0.0022745192	0.3984840800
0.0618589000	-0.0349999520	-0.0717134770	0.0022746642	0.4015131600
0.0544543970	-0.0349999520	-0.0704744830	0.0022744269	0.4046097400
0.0471798590	-0.0349999520	-0.0692336480	0.0022739132	0.4077619000
0.0400122890	-0.0349999520	-0.0679874420	0.0022733901	0.4109794800
0.0329471900	-0.0349999520	-0.0667353120	0.0022728210	0.4142842900
0.0260030480	-0.0349999520	-0.0654809030	0.0022720865	0.4176783600
0.0192096270	-0.0349999520	-0.0642302560	0.0022710792	0.4211627800
0.0125919200	-0.0349999520	-0.0629889000	0.0022696633	0.4247166200
0.0061674407	-0.0349999520	-0.0617612710	0.0022678394	0.4283155800
-0.0000549169	-0.0349999520	-0.0605504360	0.0022656564	0.4319394500
-0.0060783434	-0.0349999520	-0.0593572300	0.0022631692	0.4355720000
-0.0119218520	-0.0349999520	-0.0581792180	0.0022606435	0.4392032600
-0.0176248230	-0.0349999520	-0.0570094880	0.0022582487	0.4428740700
-0.0232334700	-0.0349999520	-0.0558391620	0.0022557039	0.4466379000
-0.0287851130	-0.0349999520	-0.0546606630	0.0022527369	0.4505297800
-0.0343028420	-0.0349999520	-0.0534689840	0.0022492110	0.4545800400
-0.0397894790	-0.0349999520	-0.0522632110	0.0022450775	0.4587862200
-0.0452311670	-0.0349999520	-0.0510461140	0.0022402757	0.4631397100
-0.0506060870	-0.0349999520	-0.0498225240	0.0022348351	0.4675911400
-0.0558909250	-0.0349999520	-0.0485980030	0.0022293881	0.4720896200
-0.0610717390	-0.0349999520	-0.0473762830	0.0022240393	0.4766975600
-0.0661552400	-0.0349999520	-0.0461562800	0.0022178977	0.4814549400
-0.0711656060	-0.0349999520	-0.0449324880	0.0022107185	0.4863577800
-0.0761307030	-0.0349999520	-0.0436981360	0.0022026767	0.4914511700
-0.0810710120	-0.0349999520	-0.0424478540	0.0021934820	0.4967497600
-0.0859965910	-0.0349999520	-0.0411785950	0.0021837988	0.5021742600
-0.0909118210	-0.0349999520	-0.0398884900	0.0021745035	0.5077878800
-0.0958220660	-0.0349999520	-0.0385752880	0.0021643936	0.5137124100
-0.1007361700	-0.0349999520	-0.0372356700	0.0021524251	0.5199312600
-0.1056642600	-0.0349999520	-0.0358657500	0.0021387525	0.5264834200
-0.1106152600	-0.0349999520	-0.0344615910	0.0021230676	0.5334138900
-0.1155988600	-0.0349999520	-0.0330185960	0.0021061530	0.5406742700
-0.1206317700	-0.0349999520	-0.0315297510	0.0020888359	0.5483830000
-0.1257437900	-0.0349999520	-0.0299834910	0.0020695399	0.5566829400
-0.1309794800	-0.0349999520	-0.0283624680	0.0020465723	0.5657160900
-0.1363977000	-0.0349999520	-0.0266426650	0.0020196878	0.5756064100
-0.1420621700	-0.0349999520	-0.0247958060	0.0019891563	0.5866276600
-0.1480636700	-0.0349999520	-0.0227809900	0.0019533506	0.5990169600
-0.1541029800	-0.0349999520	-0.0206884130	0.0019124011	0.6122303000
-0.1595995900	-0.0349999520	-0.0187222590	0.0018698541	0.6255159400
-0.1646797200	-0.0349999520	-0.0168487580	0.0018260832	0.6387190200
-0.1694429700	-0.0349999520	-0.0150390680	0.0017816631	0.6519061300
-0.1739717000	-0.0349999520	-0.0132665870	0.0017356689	0.6652786700
-0.1783285400	-0.0349999520	-0.0115096750	0.0016983673	0.6786676600
-0.1825607400	-0.0349999520	-0.0097506745	0.0016354111	0.6961607900
-0.1835019900	-0.0349999520	-0.0093470626	0.0016180678	0.6993330100
-0.1897416100	-0.0349999520	-0.0066325767	0.0015324171	0.7197092200
-0.1945297400	-0.0349999520	-0.0044506751	0.0014936031	0.7400795200
-0.1987289900	-0.0349999520	-0.0024579773	0.0014234782	0.7592116000
-0.2026444200	-0.0349999520	-0.0005251159	0.0013574818	0.7782390700
-0.2061865500	-0.0349999520	0.0012937300	0.0013075076	0.7973194700
-0.2100694200	-0.0349999520	0.0033736269	0.0012358703	0.8187701100
-0.2124739600	-0.0349999520	0.0047217417	0.0012182371	0.8326514400
-0.2146986900	-0.0349999520	0.0059974920	0.0012247542	0.8466948300
-0.2186673300	-0.0349999520	0.0083850464	0.0011618349	0.8734285800
-0.2204012000	-0.0349999520	0.0094756056	0.0010889001	0.8867431900
-0.2243498300	-0.0349999520	0.0120887400	0.0008966898	0.9173108900
-0.2269847200	-0.0349999520	0.0139632360	0.0008365527	0.9363858700
-0.2289258400	-0.0349999520	0.0153943440	0.0007904964	0.9508765300
-0.2324182400	-0.0349999520	0.0181906170	0.0005823859	0.9803225400
-0.2325656900	-0.0349999520	0.0183141980	0.0005707848	0.9813399300
-0.2360863100	-0.0349999520	0.0215206710	0.0002426578	0.9974983300
-0.2368873400	-0.0349999520	0.0222911200	0.0001689141	0.9993343400
-0.2379993600	-0.0349999520	0.0234408190	-0.0000351588	1.0012406000
-0.2390762300	-0.0349999520	0.0246233590	-0.0002055165	0.9972627200
-0.2401128100	-0.0349999520	0.0258411800	-0.0003924920	0.9894518900
-0.2411036900	-0.0349999520	0.0270962860	-0.0006077709	0.9761647600
-0.2420430600	-0.0349999520	0.0283901580	-0.0008590476	0.9537106200
-0.2429231400	-0.0349999520	0.0297246890	-0.0011312404	0.9187526100
-0.2437343200	-0.0349999520	0.0311038180	-0.0014010187	0.8670414100
-0.2444641700	-0.0349999520	0.0325276520	-0.0016317294	0.7939136000
-0.2451003600	-0.0349999520	0.0339957360	-0.0017795384	0.6948447800
-0.2456299400	-0.0349999520	0.0355055560	-0.0017871298	0.5646455900
-0.2460386600	-0.0349999520	0.0370524710	-0.0015746528	0.3992183200
-0.2463110400	-0.0349999520	0.0386291150	-0.0010648092	0.1976470100
-0.2464328600	-0.0349999520	0.0402244700	-0.0002331236	-0.0355052800
-0.2463978800	-0.0349999520	0.0418240880	0.0009035197	-0.2933114800
-0.2462019300	-0.0349999520	0.0434120450	0.0023037406	-0.5663629200
-0.2458429900	-0.0349999520	0.0449712610	0.0038618919	-0.8359900100
-0.2453285600	-0.0349999520	0.0464863070	0.0054625847	-1.0869614000
-0.2446675900	-0.0349999520	0.0479433950	0.0069985852	-1.3075157000
-0.2438725200	-0.0349999520	0.0493318770	0.0083794526	-1.4840763000
-0.2429604400	-0.0349999520	0.0506464500	0.0095613023	-1.6160131000
-0.2419471700	-0.0349999520	0.0518847150	0.0104790180	-1.7094799000
-0.2408470400	-0.0349999520	0.0530464720	0.0111000870	-1.7671206000
-0.2396736900	-0.0349999520	0.0541342420	0.0114798920	-1.7941115000
-0.2384395200	-0.0349999520	0.0551524830	0.0116886280	-1.7983595000
-0.2371564100	-0.0349999520	0.0561060310	0.0117505150	-1.7894542000
-0.2358315600	-0.0349999520	0.0570011510	0.0117056870	-1.7724869000
-0.2344710200	-0.0349999520	0.0578413720	0.0115936290	-1.7502605000
-0.2330800600	-0.0349999520	0.0586305630	0.0114667240	-1.7213198000
-0.2316634400	-0.0349999520	0.0593730170	0.0109856590	-1.6827403000
-0.2302253400	-0.0349999520	0.0600732970	0.0106287330	-1.6351858000
-0.2292406000	-0.0349999520	0.0605104420	0.0104960070	-1.6153786000
-0.2254962900	-0.0349999520	0.0620732120	0.0099946422	-1.5476277000
-0.2254439400	-0.0349999520	0.0620935370	0.0099843593	-1.5465512000
-0.2212153500	-0.0349999520	0.0635718700	0.0091596125	-1.4509275000
-0.2210702300	-0.0349999520	0.0636167380	0.0091418852	-1.4482943000
-0.2172025900	-0.0349999520	0.0647721960	0.0088259513	-1.3834348000
-0.2125555300	-0.0349999520	0.0659726110	0.0084660140	-1.2979232000
-0.2120309800	-0.0349999520	0.0661000310	0.0084120849	-1.2891836000
-0.2065482900	-0.0349999520	0.0672764930	0.0079843368	-1.2170032000
-0.2045001400	-0.0349999520	0.0676654800	0.0079267617	-1.1922190000
-0.2003638400	-0.0349999520	0.0683877540	0.0076324834	-1.1430973000
-0.1972923300	-0.0349999520	0.0688623260	0.0073588542	-1.1101216000
-0.1956626200	-0.0349999520	0.0691026520	0.0072191225	-1.0955085000
-0.1920370800	-0.0349999520	0.0695837290	0.0069313769	-1.0607896000
-0.1876715700	-0.0349999520	0.0700926560	0.0068210314	-1.0222105000
-0.1831448400	-0.0349999520	0.0705472600	0.0066968483	-0.9835566300
-0.1791767000	-0.0349999520	0.0708855760	0.0065202170	-0.9546607100
-0.1781512200	-0.0349999520	0.0709719210	0.0064838136	-0.9474977300
-0.1735249300	-0.0349999520	0.0712987330	0.0063211722	-0.9190447900
-0.1688012600	-0.0349999520	0.0715721850	0.0061721315	-0.8891249300
-0.1640085300	-0.0349999520	0.0717927960	0.0060296269	-0.8615865100
-0.1591557100	-0.0349999520	0.0719621850	0.0059044955	-0.8360450300
-0.1542114900	-0.0349999520	0.0720825200	0.0057825405	-0.8115402500
-0.1490976700	-0.0349999520	0.0721554160	0.0056569182	-0.7876795500
-0.1436922600	-0.0349999520	0.0721795780	0.0055382360	-0.7641391200
-0.1378387700	-0.0349999520	0.0721481960	0.0054146587	-0.7401956300
-0.1313465400	-0.0349999520	0.0720479640	0.0052884011	-0.7158512500
-0.1248537200	-0.0349999520	0.0718838270	0.0051696614	-0.6927141000
-0.1188970900	-0.0349999520	0.0716805230	0.0050642956	-0.6722227300
-0.1133168100	-0.0349999520	0.0714467540	0.0049691325	-0.6539710200
-0.1080078100	-0.0349999520	0.0711875260	0.0048814751	-0.6372781400
-0.1028836700	-0.0349999520	0.0709049400	0.0047996965	-0.6217502400
-0.0978757290	-0.0349999520	0.0705992430	0.0047225210	-0.6070777800
-0.0929285290	-0.0349999520	0.0702696960	0.0046490152	-0.5930849300
-0.0879950670	-0.0349999520	0.0699148480	0.0045779379	-0.5795704100
-0.0830330630	-0.0349999520	0.0695325960	0.0045083313	-0.5663664300
-0.0780059770	-0.0349999520	0.0691203180	0.0044393290	-0.5533372200
-0.0728892090	-0.0349999520	0.0686756600	0.0043703668	-0.5403742800
-0.0676769610	-0.0349999520	0.0681976230	0.0043014156	-0.5274549700
-0.0623833650	-0.0349999520	0.0676871460	0.0042326862	-0.5146358600
-0.0570350660	-0.0349999520	0.0671467410	0.0041645266	-0.5019679700
-0.0516581830	-0.0349999520	0.0665792300	0.0040979335	-0.4894795100
-0.0462644030	-0.0349999520	0.0659862830	0.0040333503	-0.4772921200
-0.0408409350	-0.0349999520	0.0653669390	0.0039688184	-0.4652871200
-0.0353511120	-0.0349999520	0.0647171810	0.0039040250	-0.4532831300
-0.0297598240	-0.0349999520	0.0640325170	0.0038390692	-0.4412731800
-0.0240562730	-0.0349999520	0.0633109580	0.0037737171	-0.4292123600
-0.0182535110	-0.0349999520	0.0625535700	0.0037088177	-0.4171347900
-0.0123855050	-0.0349999520	0.0617645200	0.0036447059	-0.4051237700
-0.0064877705	-0.0349999520	0.0609487440	0.0035819060	-0.3932736500
-0.0005829011	-0.0349999520	0.0601097900	0.0035203251	-0.3816177000
0.0053212005	-0.0349999520	0.0592493410	0.0034596773	-0.3701353400
0.0112329870	-0.0349999520	0.0583667350	0.0033995986	-0.3587869400
0.0171793920	-0.0349999520	0.0574583370	0.0033398028	-0.3474951100
0.0232048480	-0.0349999520	0.0565173440	0.0032799363	-0.3361811600
0.0293634270	-0.0349999520	0.0555347610	0.0032195561	-0.3247421400
0.0357120930	-0.0349999520	0.0545004200	0.0031583214	-0.3131003100
0.0422903970	-0.0349999520	0.0534063610	0.0030964989	-0.3011936500
0.0491082780	-0.0349999520	0.0522492010	0.0030345922	-0.2890721000
0.0561467150	-0.0349999520	0.0510304500	0.0029724231	-0.2767946400
0.0633647440	-0.0349999520	0.0497558190	0.0029099928	-0.2644145800
0.0707111140	-0.0349999520	0.0484335240	0.0028471233	-0.2520042100
0.0781352970	-0.0349999520	0.0470723700	0.0027842395	-0.2395642100
0.0855967180	-0.0349999520	0.0456799230	0.0027222906	-0.2272280000
0.0930772870	-0.0349999520	0.0442599650	0.0026613847	-0.2150044700
0.1005867200	-0.0349999520	0.0428111290	0.0026019141	-0.2028814300
0.1081540900	-0.0349999520	0.0413280840	0.0025441120	-0.1908695000
0.1158113000	-0.0349999520	0.0398045330	0.0024874817	-0.1789450900
0.1235774500	-0.0349999520	0.0382364240	0.0024311644	-0.1670587500
0.1314527800	-0.0349999520	0.0366234150	0.0023749071	-0.1551600100
0.1394261900	-0.0349999520	0.0349675420	0.0023189876	-0.1432741000
0.1474861800	-0.0349999520	0.0332710260	0.0022636716	-0.1314141200
0.1556249600	-0.0349999520	0.0315354390	0.0022092423	-0.1196117600
0.1638336500	-0.0349999520	0.0297627240	0.0021560821	-0.1078915300
0.1720945100	-0.0349999520	0.0279568380	0.0021044297	-0.0963198390
0.1803740600	-0.0349999520	0.0261254050	0.0020541179	-0.0849212630
0.1886333200	-0.0349999520	0.0242776370	0.0020052822	-0.0737236220
0.1968472300	-0.0349999520	0.0224199690	0.0019579542	-0.0627758130
0.2050121300	-0.0349999520	0.0205540820	0.0019120148	-0.0520596840
0.2131402500	-0.0349999520	0.0186779650	0.0018673652	-0.0415615770
0.2212455400	-0.0349999520	0.0167890840	0.0018233629	-0.0312538590
0.2293331000	-0.0349999520	0.0148868530	0.0017801501	-0.0210575310
0.2373956100	-0.0349999520	0.0129735440	0.0017383238	-0.0110470580
0.2454331700	-0.0349999520	0.0110496930	0.0016976671	-0.0012281628
0.2534285500	-0.0349999520	0.0091200201	0.0016585119	0.0084099174
0.2613698200	-0.0349999520	0.0071880710	0.0016208925	0.0177934910
0.2692577800	-0.0349999520	0.0052542915	0.0015844756	0.0269671210
0.2771052100	-0.0349999520	0.0033161340	0.0015491060	0.0359315020
0.2849304400	-0.0349999520	0.0013695493	0.0015144890	0.0447372240
0.2927488700	-0.0349999520	-0.0005889099	0.0014806740	0.0534017720
0.3005660200	-0.0349999520	-0.0025603331	0.0014472984	0.0619316920
0.3083796800	-0.0349999520	-0.0045438935	0.0014142959	0.0703774990
0.3161887200	-0.0349999520	-0.0065390165	0.0013820666	0.0787126720
0.3240019100	-0.0349999520	-0.0085476907	0.0013503410	0.0869340600
0.3318446600	-0.0349999520	-0.0105763070	0.0013190688	0.0950992410
0.3397515400	-0.0349999520	-0.0126337980	0.0012881350	0.1032032200
1 2 
2 3 
3 4 
4 5 
5 6 
6 7 
7 8 
8 9 
9 10 
10 11 
11 12 
12 13 
13 14 
14 15 
15 16 
16 17 
17 18 
18 19 
19 20 
20 21 
21 22 
22 23 
23 24 
24 25 
25 26 
26 27 
27 28 
28 29 
29 30 
30 31 
31 32 
32 33 
33 34 
34 35 
35 36 
36 37 
37 38 
38 39 
39 40 
40 41 
41 42 
42 43 
43 44 
44 45 
45 46 
46 47 
47 48 
48 49 
49 50 
50 51 
51 52 
52 53 
53 54 
54 55 
55 56 
56 57 
57 58 
58 59 
59 60 
60 61 
61 62 
62 63 
63 64 
64 65 
65 66 
66 67 
67 68 
68 69 
69 70 
70 71 
71 72 
72 73 
73 74 
74 75 
75 76 
76 77 
77 78 
78 79 
79 80 
80 81 
81 82 
82 83 
83 84 
84 85 
85 86 
86 87 
87 88 
88 89 
89 90 
90 91 
91 92 
92 93 
93 94 
94 95 
95 96 
96 97 
97 98 
98 99 
99 100 
100 101 
101 102 
102 103 
103 104 
104 105 
105 106 
106 107 
107 108 
108 109 
109 110 
110 111 
111 112 
112 113 
113 114 
114 115 
115 116 
116 117 
117 118 
118 119 
119 120 
120 121 
121 122 
122 123 
123 124 
124 125 
125 126 
126 127 
127 128 
128 129 
129 130 
130 131 
131 132 
132 133 
133 134 
134 135 
135 136 
136 137 
137 138 
138 139 
139 140 
140 141 
141 142 
142 143 
143 144 
144 145 
145 146 
146 147 
147 148 
148 149 
149 150 
150 151 
151 152 
152 153 
153 154 
154 155 
155 156 
156 157 
157 158 
158 159 
159 160 
160 161 
161 162 
162 163 
163 164 
164 165 
165 166 
166 167 
167 168 
168 169 
169 170 
170 171 
171 172 
172 173 
173 174 
174 175 
175 176 
176 177 
177 178 
178 179 
179 180 
180 181 
181 182 
182 183 
183 184 
184 185 
185 186 
186 187 
187 188 
188 189 
189 190 
190 191 
191 192 
192 193 
193 194 
194 195 
195 196 
196 197 
197 198 
198 199 
199 200 
200 201 
201 202 
202 203 
203 204 
204 205 
205 206 
206 207 
207 208 
208 209 
209 210 
210 211 
211 212 
212 213 
213 214 
214 215 
215 216 
216 217 
217 218 
218 219 
219 220 
220 221 
221 222 
222 223 
223 224 
224 225 
225 226 
226 227 
227 228 
228 229 
229 230 
230 231 
231 232 
232 233 
233 234 
234 235 
235 236 
236 237 
237 238 
238 239 
239 240 
240 241 
241 242 
242 243 
243 244 
244 245 
245 246 
246 247 
247 248 
248 249 
249 250 
250 251 
251 252 
252 253 
253 254 
254 255 
255 256 
256 257 
257 258 
258 259 
259 260 
260 261 
261 262 
262 263 
263 264 
264 265 
265 266 
266 267 
267 268 
268 269 
269 270 
270 271 
271 272 
272 273 
273 274 
274 275 
275 276 
276 277 
277 278 
278 279 
279 280 
280 281 
281 282 
282 283 
283 284 
284 285 
285 286 
286 287 
287 288 
288 289 
289 290 
290 291 
291 292 
292 293 
293 294 
294 295 
295 296 
296 297 
297 298 
298 299 
299 300 
300 301 
301 302 
302 303 
303 304 
304 305 
305 306 
306 307 
307 308 
308 309 
309 310 
310 311 
311 312 
312 313 
313 314 
314 315 
315 316 
316 317 
317 318 
318 319 
319 320 
320 321 
321 322 
322 323 
323 324 
324 325 
325 326 
326 327 
327 328 
328 329 
329 330 
330 331 
331 332 
332 333 
333 334 
334 335 
335 336 
336 337 
337 338 
338 339 
339 340 
340 341 
341 342 
342 343 
343 344 
344 345 
345 346 
346 347 
347 348 
348 349 
349 350 
350 351 
351 352 
352 353 
353 354 
354 355 
355 356 
356 357 
357 358 
358 359 
359 360 
360 361 
361 362 
362 363 
363 364 
364 365 
365 366 
366 367 
367 368 
368 369 
369 370 
370 371 
371 372 
372 373 
373 374 
374 375 
375 376 
376 377 
377 378 
378 379 
379 380 
380 381 
381 382 
382 383 
383 384 
384 385 
385 386 
386 387 
387 388 
388 389 
389 390 
390 391 
391 392 
392 393 
393 394 
ZONE T="CFD++, PW Y=-0.73"
STRANDID=0, SOLUTIONTIME=0
Nodes=397, Elements=396, ZONETYPE=FELineSeg
DATAPACKING=POINT
DT=(DOUBLE DOUBLE DOUBLE DOUBLE DOUBLE )
0.4376573900	-0.7299999600	-0.0390573070	0.0046458085	-0.3169093700
0.4460599700	-0.7299999600	-0.0414015910	0.0047159721	-0.3377490000
0.4545103900	-0.7299999600	-0.0437708050	0.0047828491	-0.3588561100
0.4630088200	-0.7299999600	-0.0461651240	0.0048465224	-0.3801623300
0.4715555300	-0.7299999600	-0.0485847330	0.0049074078	-0.4016315000
0.4801507600	-0.7299999600	-0.0510298390	0.0049640148	-0.4232962400
0.4887948000	-0.7299999600	-0.0535006560	0.0050162508	-0.4451202500
0.4974878100	-0.7299999600	-0.0559974090	0.0050652164	-0.4669235300
0.5062301200	-0.7299999600	-0.0585203430	0.0051103918	-0.4885300700
0.5150218600	-0.7299999600	-0.0610697120	0.0051507594	-0.5096948100
0.5238633800	-0.7299999600	-0.0636457800	0.0051846353	-0.5299768400
0.5327547800	-0.7299999600	-0.0662488420	0.0052110026	-0.5488227600
0.5416964300	-0.7299999600	-0.0688791950	0.0052312121	-0.5657426100
0.5506885100	-0.7299999600	-0.0715371520	0.0052449035	-0.5802815600
0.5597311300	-0.7299999600	-0.0742230560	0.0052500149	-0.5918965900
0.5688245900	-0.7299999600	-0.0769372510	0.0052451600	-0.6002632400
0.5779691900	-0.7299999600	-0.0796801150	0.0052266223	-0.6051706100
0.5871649400	-0.7299999600	-0.0824520440	0.0051914997	-0.6062344300
0.5964121200	-0.7299999600	-0.0852534400	0.0051397977	-0.6032539600
0.6057110400	-0.7299999600	-0.0880847280	0.0050710080	-0.5969030900
0.6150617600	-0.7299999600	-0.0909463760	0.0049796649	-0.5873910800
0.6244643900	-0.7299999600	-0.0938388630	0.0048695576	-0.5749017600
0.6339192400	-0.7299999600	-0.0967626720	0.0047496994	-0.5596983400
0.6434304100	-0.7299999600	-0.0997195840	0.0046303739	-0.5414282700
0.6511164900	-0.7299999600	-0.1021220800	0.0045234501	-0.5249125400
0.6530649700	-0.7299999600	-0.1027311400	0.0044954236	-0.5204508900
0.6578726800	-0.7299999600	-0.1042422700	0.0044172197	-0.5080702900
0.6627983500	-0.7299999600	-0.1057904900	0.0043360766	-0.4951182900
0.6724292600	-0.7299999600	-0.1088346500	0.0041642684	-0.4623228000
0.6815151600	-0.7299999600	-0.1117223300	0.0039358837	-0.4232863500
0.6906839000	-0.7299999600	-0.1146522400	0.0037326398	-0.3856489700
0.6973812600	-0.7299999600	-0.1168024700	0.0035433063	-0.3432747700
0.7056119400	-0.7299999600	-0.1194571300	0.0032769732	-0.2926118400
0.7062068000	-0.7299999600	-0.1196496900	0.0032562943	-0.2885130900
0.7141171700	-0.7299999600	-0.1222144700	0.0028282249	-0.2278617000
0.7145053100	-0.7299999600	-0.1223407000	0.0028053873	-0.2248243800
0.7207458600	-0.7299999600	-0.1243735800	0.0023235498	-0.1608713300
0.7210258800	-0.7299999600	-0.1244649200	0.0023033172	-0.1581001600
0.7250147500	-0.7299999600	-0.1257687400	0.0020099621	-0.1148670100
0.7273594700	-0.7299999600	-0.1265366800	0.0017370158	-0.0829391180
0.7293927700	-0.7299999600	-0.1272035700	0.0014563027	-0.0529664680
0.7310869700	-0.7299999600	-0.1277599000	0.0012235013	-0.0286984980
0.7324987100	-0.7299999600	-0.1282239100	0.0010135006	-0.0083143152
0.7336750000	-0.7299999600	-0.1286108600	0.0008295976	0.0088673821
0.7346552600	-0.7299999600	-0.1289335300	0.0006754261	0.0231544340
0.7354720200	-0.7299999600	-0.1292025700	0.0005508086	0.0347881390
0.7361526500	-0.7299999600	-0.1294268800	0.0004526960	0.0441210790
0.7367198500	-0.7299999600	-0.1296138800	0.0003780287	0.0514636600
0.7371924500	-0.7299999600	-0.1297697600	0.0003285021	0.0571063980
0.7375863200	-0.7299999600	-0.1298996800	0.0003458268	0.0613726790
0.7379145000	-0.7299999600	-0.1300079800	0.0006149204	0.0645158510
0.7381879700	-0.7299999600	-0.1300982200	0.0014708552	0.0673555580
0.7384159000	-0.7299999600	-0.1301734400	0.0024873566	0.0479020810
0.7386058000	-0.7299999600	-0.1302361300	0.0042792098	0.0692372550
0.7384058800	-0.7299999600	-0.1302300800	0.0046598072	0.1196360400
0.7381660300	-0.7299999600	-0.1302228100	0.0034316139	0.1245668800
0.7378781400	-0.7299999600	-0.1302141000	0.0032316780	0.1242218500
0.7375327300	-0.7299999600	-0.1302036000	0.0032092874	0.1292703600
0.7371181800	-0.7299999600	-0.1301910000	0.0031353221	0.1339857000
0.7366207200	-0.7299999600	-0.1301758300	0.0030532931	0.1389509600
0.7360238400	-0.7299999600	-0.1301575600	0.0029720492	0.1440309000
0.7353075100	-0.7299999600	-0.1301355400	0.0028957485	0.1492725600
0.7344479600	-0.7299999600	-0.1301089800	0.0028224337	0.1546468700
0.7334165000	-0.7299999600	-0.1300769400	0.0027505563	0.1601215500
0.7321788100	-0.7299999600	-0.1300382300	0.0026796697	0.1655909000
0.7306935200	-0.7299999600	-0.1299914400	0.0026103764	0.1709445000
0.7289111600	-0.7299999600	-0.1299347600	0.0025447280	0.1759931400
0.7267724300	-0.7299999600	-0.1298660000	0.0024773651	0.1809146100
0.7241767000	-0.7299999600	-0.1297814400	0.0024148647	0.1851564600
0.7205516700	-0.7299999600	-0.1296613200	0.0023626529	0.1865921300
0.7199560400	-0.7299999600	-0.1296413200	0.0023550033	0.1870386500
0.7160790600	-0.7299999600	-0.1295099100	0.0023235269	0.1875682600
0.7101500000	-0.7299999600	-0.1293038400	0.0022886947	0.1859679700
0.7048614000	-0.7299999600	-0.1291143700	0.0022701169	0.1844805500
0.7022968500	-0.7299999600	-0.1290209700	0.0022647609	0.1827701900
0.6973960400	-0.7299999600	-0.1288398500	0.0022595868	0.1728270500
0.6895293000	-0.7299999600	-0.1285399000	0.0022751939	0.1641827500
0.6796854700	-0.7299999600	-0.1281501700	0.0023072462	0.1503841000
0.6700462700	-0.7299999600	-0.1277530200	0.0023522879	0.1375372000
0.6605118500	-0.7299999600	-0.1273454000	0.0024161055	0.1252524100
0.6503692300	-0.7299999600	-0.1268959200	0.0024564405	0.1171910800
0.6402922300	-0.7299999600	-0.1264333700	0.0024992262	0.1081389500
0.6303414700	-0.7299999600	-0.1259612400	0.0025485989	0.1014642300
0.6204746400	-0.7299999600	-0.1254781900	0.0025977522	0.0952137410
0.6106692600	-0.7299999600	-0.1249836400	0.0026489029	0.0893969390
0.6009250300	-0.7299999600	-0.1244780100	0.0026928623	0.0847251940
0.5912415400	-0.7299999600	-0.1239617000	0.0027306461	0.0806487200
0.5816184300	-0.7299999600	-0.1234350700	0.0027654890	0.0770710260
0.5720553400	-0.7299999600	-0.1228984600	0.0027984523	0.0742744430
0.5625519200	-0.7299999600	-0.1223522100	0.0028269745	0.0722803700
0.5531078000	-0.7299999600	-0.1217966200	0.0028500854	0.0709507690
0.5437225100	-0.7299999600	-0.1212319700	0.0028696675	0.0700148340
0.5343958700	-0.7299999600	-0.1206585200	0.0028875163	0.0692741570
0.5251274100	-0.7299999600	-0.1200765100	0.0029043461	0.0687994880
0.5159167600	-0.7299999600	-0.1194861900	0.0029193749	0.0686215090
0.5067636400	-0.7299999600	-0.1188877400	0.0029329343	0.0686368420
0.4976676700	-0.7299999600	-0.1182813900	0.0029457699	0.0688002930
0.4886285400	-0.7299999600	-0.1176672900	0.0029575808	0.0691309420
0.4796458200	-0.7299999600	-0.1170456100	0.0029683426	0.0695807710
0.4707192200	-0.7299999600	-0.1164165100	0.0029784238	0.0701315920
0.4618484100	-0.7299999600	-0.1157801100	0.0029879237	0.0707811190
0.4530330300	-0.7299999600	-0.1151365400	0.0029968401	0.0715281890
0.4442727600	-0.7299999600	-0.1144859000	0.0030052195	0.0723677870
0.4355672900	-0.7299999600	-0.1138283200	0.0030130747	0.0733054500
0.4269162100	-0.7299999600	-0.1131638500	0.0030203197	0.0743530540
0.4183192800	-0.7299999600	-0.1124925900	0.0030269546	0.0754915770
0.4097761500	-0.7299999600	-0.1118145900	0.0030330950	0.0766934830
0.4012865100	-0.7299999600	-0.1111299100	0.0030388453	0.0779417980
0.3928500100	-0.7299999600	-0.1104386100	0.0030442680	0.0792287590
0.3844663500	-0.7299999600	-0.1097407000	0.0030493983	0.0805509910
0.3761352300	-0.7299999600	-0.1090362400	0.0030542552	0.0819097010
0.3678563200	-0.7299999600	-0.1083252300	0.0030588352	0.0833084960
0.3596293300	-0.7299999600	-0.1076076900	0.0030631151	0.0847512560
0.3514539600	-0.7299999600	-0.1068836200	0.0030670779	0.0862376170
0.3433298800	-0.7299999600	-0.1061530300	0.0030707489	0.0877629290
0.3352568100	-0.7299999600	-0.1054159000	0.0030741811	0.0893214640
0.3272344800	-0.7299999600	-0.1046722200	0.0030774664	0.0909047130
0.3192625300	-0.7299999600	-0.1039219700	0.0030807219	0.0925089340
0.3113407200	-0.7299999600	-0.1031651300	0.0030839815	0.0941410440
0.3034687600	-0.7299999600	-0.1024016600	0.0030871882	0.0958069710
0.2956463700	-0.7299999600	-0.1016315100	0.0030902982	0.0975101370
0.2878732100	-0.7299999600	-0.1008546700	0.0030932769	0.0992536020
0.2801490700	-0.7299999600	-0.1000710700	0.0030960898	0.1010403100
0.2724736300	-0.7299999600	-0.0992806550	0.0030987423	0.1028687300
0.2648466200	-0.7299999600	-0.0984833840	0.0031013128	0.1047330000
0.2572677700	-0.7299999600	-0.0976791980	0.0031038959	0.1066301000
0.2497368300	-0.7299999600	-0.0968680160	0.0031065115	0.1085599500
0.2422535100	-0.7299999600	-0.0960497780	0.0031091447	0.1105204700
0.2348175600	-0.7299999600	-0.0952244100	0.0031117961	0.1125090000
0.2274286900	-0.7299999600	-0.0943918530	0.0031145041	0.1145204900
0.2200866600	-0.7299999600	-0.0935520080	0.0031173054	0.1165534700
0.2127912300	-0.7299999600	-0.0927048030	0.0031201667	0.1186093500
0.2055421000	-0.7299999600	-0.0918501470	0.0031230411	0.1206871100
0.1983390700	-0.7299999600	-0.0909879510	0.0031258973	0.1227881400
0.1911818700	-0.7299999600	-0.0901181400	0.0031287139	0.1249151400
0.1840702100	-0.7299999600	-0.0892406030	0.0031314523	0.1270724100
0.1770039300	-0.7299999600	-0.0883552430	0.0031340266	0.1292633100
0.1699827300	-0.7299999600	-0.0874619630	0.0031363342	0.1314869400
0.1630064000	-0.7299999600	-0.0865606670	0.0031382642	0.1337449700
0.1560746900	-0.7299999600	-0.0856512560	0.0031397045	0.1360382600
0.1491873700	-0.7299999600	-0.0847335900	0.0031406141	0.1383629700
0.1423442200	-0.7299999600	-0.0838075800	0.0031409952	0.1407173700
0.1355450000	-0.7299999600	-0.0828731130	0.0031408645	0.1430992600
0.1287894700	-0.7299999600	-0.0819300790	0.0031402263	0.1455138200
0.1220774700	-0.7299999600	-0.0809783340	0.0031390249	0.1479697200
0.1154087200	-0.7299999600	-0.0800177680	0.0031372056	0.1504676800
0.1116537200	-0.7299999600	-0.0794683100	0.0031358388	0.1519033000
0.1087827100	-0.7299999600	-0.0790482090	0.0031349478	0.1529692000
0.1021991200	-0.7299999600	-0.0780695160	0.0031323677	0.1554599300
0.0956581910	-0.7299999600	-0.0770816210	0.0031293552	0.1579770600
0.0891596900	-0.7299999600	-0.0760843600	0.0031259762	0.1605226800
0.0827034260	-0.7299999600	-0.0750776160	0.0031223041	0.1630943700
0.0763050470	-0.7299999600	-0.0740637930	0.0031184513	0.1656889000
0.0699483830	-0.7299999600	-0.0730402620	0.0031144367	0.1683139700
0.0636332710	-0.7299999600	-0.0720068590	0.0031102523	0.1709716000
0.0573595130	-0.7299999600	-0.0709634420	0.0031059176	0.1736700400
0.0511269200	-0.7299999600	-0.0699098560	0.0031014089	0.1764155300
0.0449353050	-0.7299999600	-0.0688459580	0.0030968021	0.1792090200
0.0387845110	-0.7299999600	-0.0677715540	0.0030922377	0.1820574300
0.0326743720	-0.7299999600	-0.0666864740	0.0030878989	0.1849633500
0.0265935810	-0.7299999600	-0.0655885120	0.0030840596	0.1879307900
0.0205288030	-0.7299999600	-0.0644749630	0.0030810227	0.1909541300
0.0145196260	-0.7299999600	-0.0633528980	0.0030788918	0.1940331800
0.0086171869	-0.7299999600	-0.0622320440	0.0030776163	0.1971484600
0.0028336560	-0.7299999600	-0.0611152500	0.0030770207	0.2002918900
-0.0028346805	-0.7299999600	-0.0600023940	0.0030770657	0.2034478000
-0.0084025785	-0.7299999600	-0.0588911250	0.0030778309	0.2066162100
-0.0138815330	-0.7299999600	-0.0577795360	0.0030790502	0.2098274800
-0.0192764180	-0.7299999600	-0.0566669370	0.0030801334	0.2130976000
-0.0245889020	-0.7299999600	-0.0555532950	0.0030807950	0.2164158400
-0.0298199690	-0.7299999600	-0.0544387250	0.0030811371	0.2197732300
-0.0349705740	-0.7299999600	-0.0533233580	0.0030812982	0.2231675200
-0.0400417190	-0.7299999600	-0.0522072650	0.0030812109	0.2266077800
-0.0450344380	-0.7299999600	-0.0510904900	0.0030804268	0.2301094700
-0.0499497950	-0.7299999600	-0.0499730890	0.0030787601	0.2336420400
-0.0547888990	-0.7299999600	-0.0488551330	0.0030765862	0.2371927800
-0.0595528000	-0.7299999600	-0.0477367010	0.0030740149	0.2407863600
-0.0642425490	-0.7299999600	-0.0466178280	0.0030706921	0.2444507800
-0.0688591300	-0.7299999600	-0.0454985280	0.0030670982	0.2481712800
-0.0734034930	-0.7299999600	-0.0443788430	0.0030596372	0.2519934500
-0.0779232080	-0.7299999600	-0.0432470780	0.0030549831	0.2558793400
-0.0823850710	-0.7299999600	-0.0421114900	0.0030478771	0.2598778900
-0.0867590460	-0.7299999600	-0.0409800340	0.0030418632	0.2638531000
-0.0909996330	-0.7299999600	-0.0398652180	0.0030344988	0.2679829300
-0.0952290150	-0.7299999600	-0.0387352220	0.0030283438	0.2719647900
-0.0986107440	-0.7299999600	-0.0378169570	0.0030225586	0.2755264000
-0.0993344260	-0.7299999600	-0.0376204400	0.0030213952	0.2762721500
-0.1033411600	-0.7299999600	-0.0365148970	0.0030146104	0.2803631400
-0.1074091200	-0.7299999600	-0.0353741420	0.0030059880	0.2847963000
-0.1114741600	-0.7299999600	-0.0342150520	0.0029999721	0.2892110300
-0.1153329200	-0.7299999600	-0.0330963620	0.0029931169	0.2938047600
-0.1189105100	-0.7299999600	-0.0320425960	0.0029793142	0.2983274800
-0.1226930900	-0.7299999600	-0.0309104640	0.0029734296	0.3029494600
-0.1264733100	-0.7299999600	-0.0297599300	0.0029682116	0.3077684300
-0.1301296500	-0.7299999600	-0.0286282390	0.0029555009	0.3128703500
-0.1336565900	-0.7299999600	-0.0275182590	0.0029418105	0.3177848800
-0.1372227500	-0.7299999600	-0.0263768380	0.0029359472	0.3229864800
-0.1406841300	-0.7299999600	-0.0252498690	0.0029286707	0.3283889600
-0.1440879000	-0.7299999600	-0.0241225960	0.0029091380	0.3339485800
-0.1474588700	-0.7299999600	-0.0229868530	0.0028915295	0.3396809100
-0.1508064400	-0.7299999600	-0.0218390540	0.0028847410	0.3454411300
-0.1541784300	-0.7299999600	-0.0206617920	0.0028780066	0.3514187600
-0.1573049600	-0.7299999600	-0.0195504740	0.0028553423	0.3576687000
-0.1603992400	-0.7299999600	-0.0184310210	0.0028308342	0.3639586000
-0.1635036600	-0.7299999600	-0.0172874720	0.0028234527	0.3703905000
-0.1665337700	-0.7299999600	-0.0161506870	0.0028133724	0.3773592100
-0.1695057900	-0.7299999600	-0.0150148170	0.0027892065	0.3841920800
-0.1723245100	-0.7299999600	-0.0139173880	0.0027704730	0.3911713700
-0.1752111600	-0.7299999600	-0.0127720940	0.0027560064	0.3984780900
-0.1780261400	-0.7299999600	-0.0116333370	0.0027329279	0.4064313200
-0.1803645800	-0.7299999600	-0.0106684400	0.0027073161	0.4133804400
-0.1808671700	-0.7299999600	-0.0104610290	0.0027017207	0.4148593500
-0.1835854600	-0.7299999600	-0.0093164835	0.0026856208	0.4232146400
-0.1863230600	-0.7299999600	-0.0081390711	0.0026533231	0.4326723200
-0.1885292800	-0.7299999600	-0.0071722064	0.0026303411	0.4389176700
-0.1912910600	-0.7299999600	-0.0059371497	0.0026033622	0.4485393800
-0.1940203200	-0.7299999600	-0.0046873442	0.0025616739	0.4590315800
-0.1965560600	-0.7299999600	-0.0034988322	0.0025319222	0.4696904400
-0.1990575800	-0.7299999600	-0.0022986385	0.0024914896	0.4805042100
-0.2014947200	-0.7299999600	-0.0011006285	0.0024403533	0.4919630900
-0.2038873600	-0.7299999600	0.0001052620	0.0024190441	0.5037751200
-0.2062739000	-0.7299999600	0.0013396206	0.0023880061	0.5166369700
-0.2084665900	-0.7299999600	0.0025033082	0.0023122949	0.5304524300
-0.2108284100	-0.7299999600	0.0037915080	0.0022571777	0.5436313700
-0.2130099500	-0.7299999600	0.0050164200	0.0022078767	0.5574749700
-0.2152779300	-0.7299999600	0.0063294382	0.0021738219	0.5738774500
-0.2175356700	-0.7299999600	0.0076805074	0.0021234670	0.5915492800
-0.2202593500	-0.7299999600	0.0093756597	0.0020118555	0.6138144700
-0.2202906900	-0.7299999600	0.0093951682	0.0020105599	0.6140729200
-0.2236266900	-0.7299999600	0.0115844660	0.0019236287	0.6468408700
-0.2238201500	-0.7299999600	0.0117204670	0.0019183686	0.6491689700
-0.2271119500	-0.7299999600	0.0140345080	0.0018305377	0.6884587400
-0.2284119600	-0.7299999600	0.0150259690	0.0017716611	0.7055668800
-0.2307488000	-0.7299999600	0.0168159270	0.0016598286	0.7361276700
-0.2340235600	-0.7299999600	0.0195819530	0.0015576635	0.7907426400
-0.2346839600	-0.7299999600	0.0201937020	0.0015179939	0.8027826500
-0.2365498100	-0.7299999600	0.0219630340	0.0013932733	0.8343888500
-0.2378799200	-0.7299999600	0.0233329010	0.0012609926	0.8602033300
-0.2394460100	-0.7299999600	0.0250700150	0.0010325152	0.8955142500
-0.2406697600	-0.7299999600	0.0265545490	0.0008527305	0.9209933900
-0.2419165200	-0.7299999600	0.0282134280	0.0006608023	0.9455983600
-0.2427764700	-0.7299999600	0.0295131370	0.0004473938	0.9625042700
-0.2431343900	-0.7299999600	0.0300701110	0.0003564545	0.9687415400
-0.2441452000	-0.7299999600	0.0319034640	0.0000247327	0.9769926700
-0.2444641700	-0.7299999600	0.0325276520	-0.0000698989	0.9760685600
-0.2451003600	-0.7299999600	0.0339957360	-0.0003374978	0.9628447300
-0.2456299400	-0.7299999600	0.0355055560	-0.0005109647	0.9332575200
-0.2460386600	-0.7299999600	0.0370524710	-0.0005596214	0.8839411700
-0.2463110400	-0.7299999600	0.0386291150	-0.0004376392	0.8079116900
-0.2464328600	-0.7299999600	0.0402244700	-0.0000929206	0.7049228000
-0.2463978800	-0.7299999600	0.0418240880	0.0004836931	0.5770990300
-0.2462019300	-0.7299999600	0.0434120450	0.0012705372	0.4278396700
-0.2458429900	-0.7299999600	0.0449712610	0.0021957228	0.2663589100
-0.2453285600	-0.7299999600	0.0464863070	0.0031647858	0.1023869900
-0.2446675900	-0.7299999600	0.0479433950	0.0040841849	-0.0547209720
-0.2438725200	-0.7299999600	0.0493318770	0.0048927645	-0.1948940500
-0.2429604400	-0.7299999600	0.0506464500	0.0056508728	-0.3132906600
-0.2419471700	-0.7299999600	0.0518847150	0.0059768064	-0.4100966800
-0.2408470400	-0.7299999600	0.0530464720	0.0060304607	-0.4840154600
-0.2403598300	-0.7299999600	0.0535009090	0.0061461294	-0.5014649600
-0.2388808100	-0.7299999600	0.0547991580	0.0070573123	-0.5516221500
-0.2385294700	-0.7299999600	0.0550707360	0.0071085314	-0.5624283000
-0.2371634200	-0.7299999600	0.0561000150	0.0071220312	-0.5952916700
-0.2348959700	-0.7299999600	0.0575824680	0.0073728962	-0.6134964800
-0.2347806700	-0.7299999600	0.0576564710	0.0074012022	-0.6150708200
-0.2341258200	-0.7299999600	0.0580187370	0.0074479326	-0.6168685000
-0.2318777300	-0.7299999600	0.0592642650	0.0076271216	-0.6234048600
-0.2299728700	-0.7299999600	0.0601599740	0.0073307459	-0.6199829000
-0.2285537300	-0.7299999600	0.0608286860	0.0070863533	-0.6163049900
-0.2274387300	-0.7299999600	0.0612761040	0.0070047429	-0.6084188800
-0.2243360600	-0.7299999600	0.0625040830	0.0067927714	-0.5864029500
-0.2195330300	-0.7299999600	0.0640987900	0.0066915691	-0.5581200100
-0.2153976600	-0.7299999600	0.0652664080	0.0064504449	-0.5345503700
-0.2122037300	-0.7299999600	0.0660612810	0.0063368060	-0.5147101900
-0.2091127300	-0.7299999600	0.0667560990	0.0061344840	-0.4952930200
-0.2062827500	-0.7299999600	0.0673354340	0.0059954021	-0.4799918800
-0.2035370000	-0.7299999600	0.0678501730	0.0059061524	-0.4662789700
-0.2007748500	-0.7299999600	0.0683246030	0.0057679930	-0.4506282500
-0.1999419000	-0.7299999600	0.0684587730	0.0057470196	-0.4474940900
-0.1970193800	-0.7299999600	0.0689079840	0.0056893058	-0.4353810000
-0.1942095500	-0.7299999600	0.0693024170	0.0055776750	-0.4235781400
-0.1914459500	-0.7299999600	0.0696573630	0.0054591065	-0.4120126700
-0.1885118500	-0.7299999600	0.0700007450	0.0053690490	-0.4008829600
-0.1855091500	-0.7299999600	0.0703184980	0.0052772644	-0.3897544700
-0.1836848100	-0.7299999600	0.0704960750	0.0052402094	-0.3844085900
-0.1807535400	-0.7299999600	0.0707603690	0.0051864888	-0.3746266400
-0.1778905200	-0.7299999600	0.0709919560	0.0050901007	-0.3654629000
-0.1750453700	-0.7299999600	0.0711980160	0.0050196420	-0.3568621300
-0.1722566300	-0.7299999600	0.0713779180	0.0049674253	-0.3484757500
-0.1720875200	-0.7299999600	0.0713875370	0.0049633813	-0.3480093500
-0.1693016000	-0.7299999600	0.0715459290	0.0048961232	-0.3403855900
-0.1662997500	-0.7299999600	0.0716941510	0.0048205646	-0.3330312700
-0.1633239400	-0.7299999600	0.0718198940	0.0047599509	-0.3256028600
-0.1602219200	-0.7299999600	0.0719294320	0.0047133894	-0.3184908900
-0.1572181700	-0.7299999600	0.0720153970	0.0046487191	-0.3116636300
-0.1541035800	-0.7299999600	0.0720845460	0.0045949061	-0.3051413600
-0.1508569400	-0.7299999600	0.0721359770	0.0045367202	-0.2981706300
-0.1475100500	-0.7299999600	0.0721679850	0.0044700770	-0.2915226800
-0.1441337900	-0.7299999600	0.0721795630	0.0044167107	-0.2851246600
-0.1404876400	-0.7299999600	0.0721695500	0.0043663096	-0.2785328300
-0.1364696900	-0.7299999600	0.0721322070	0.0043004918	-0.2710045600
-0.1351229800	-0.7299999600	0.0721134920	0.0042859912	-0.2691736500
-0.1309555900	-0.7299999600	0.0720397160	0.0042383116	-0.2627313700
-0.1270122500	-0.7299999600	0.0719451980	0.0041784136	-0.2567123200
-0.1233235700	-0.7299999600	0.0718363000	0.0041317411	-0.2507555800
-0.1196290800	-0.7299999600	0.0717081280	0.0040872952	-0.2455389900
-0.1161029200	-0.7299999600	0.0715685490	0.0040466538	-0.2407932000
-0.1123182000	-0.7299999600	0.0714006720	0.0040152294	-0.2357652300
-0.1085832300	-0.7299999600	0.0712172760	0.0039810466	-0.2305521800
-0.1046174500	-0.7299999600	0.0710040330	0.0039447950	-0.2255369100
-0.1006974700	-0.7299999600	0.0707750100	0.0039134958	-0.2206228700
-0.0967201810	-0.7299999600	0.0705246780	0.0038853847	-0.2157965700
-0.0926844920	-0.7299999600	0.0702527460	0.0038598185	-0.2110611600
-0.0885896980	-0.7299999600	0.0699589630	0.0038371521	-0.2064284800
-0.0854324550	-0.7299999600	0.0697189490	0.0038220390	-0.2029475000
-0.0844352170	-0.7299999600	0.0696431320	0.0038174634	-0.2018532600
-0.0802208860	-0.7299999600	0.0693050100	0.0038004403	-0.1973378200
-0.0758875460	-0.7299999600	0.0689392310	0.0037810612	-0.1927618200
-0.0716063600	-0.7299999600	0.0685603100	0.0037661411	-0.1883932100
-0.0672352910	-0.7299999600	0.0681559740	0.0037518967	-0.1838846700
-0.0627256780	-0.7299999600	0.0677208970	0.0037358090	-0.1794728000
-0.0582257770	-0.7299999600	0.0672691540	0.0037266435	-0.1750942800
-0.0535824410	-0.7299999600	0.0667850670	0.0037076424	-0.1706759300
-0.0488547120	-0.7299999600	0.0662739500	0.0036914414	-0.1663185200
-0.0441075230	-0.7299999600	0.0657427010	0.0036772948	-0.1620039300
-0.0393097960	-0.7299999600	0.0651879910	0.0036577492	-0.1577110000
-0.0344423730	-0.7299999600	0.0646074640	0.0036368510	-0.1534642000
-0.0295043290	-0.7299999600	0.0640006810	0.0036137153	-0.1491895200
-0.0244946590	-0.7299999600	0.0633672330	0.0035884093	-0.1449439500
-0.0194123890	-0.7299999600	0.0627066720	0.0035604224	-0.1406964100
-0.0142564990	-0.7299999600	0.0620185840	0.0035304886	-0.1364321100
-0.0090260468	-0.7299999600	0.0613025870	0.0034991335	-0.1322393600
-0.0037201066	-0.7299999600	0.0605582450	0.0034661423	-0.1280703700
0.0016622405	-0.7299999600	0.0597850980	0.0034319672	-0.1239317000
0.0071218144	-0.7299999600	0.0589827150	0.0033968520	-0.1198230600
0.0126594670	-0.7299999600	0.0581506790	0.0033610019	-0.1157511200
0.0182773100	-0.7299999600	0.0572883970	0.0033245801	-0.1117150300
0.0239825750	-0.7299999600	0.0563944090	0.0032877959	-0.1077130400
0.0297919920	-0.7299999600	0.0554656130	0.0032508604	-0.1037390700
0.0357264240	-0.7299999600	0.0544980580	0.0032139998	-0.0997902600
0.0417922140	-0.7299999600	0.0534899940	0.0031776068	-0.0958752330
0.0479717700	-0.7299999600	0.0524437090	0.0031420138	-0.0920371190
0.0541867500	-0.7299999600	0.0513722560	0.0031078245	-0.0882962120
0.0604008210	-0.7299999600	0.0502822060	0.0030750769	-0.0846604480
0.0666456520	-0.7299999600	0.0491683480	0.0030438281	-0.0811334100
0.0729257320	-0.7299999600	0.0480300780	0.0030140567	-0.0777114560
0.0792412310	-0.7299999600	0.0468675120	0.0029857694	-0.0744042100
0.0855923670	-0.7299999600	0.0456807390	0.0029588546	-0.0712164490
0.0919793400	-0.7299999600	0.0444698520	0.0029331797	-0.0681519140
0.0984023590	-0.7299999600	0.0432349480	0.0029086669	-0.0652133520
0.1048708000	-0.7299999600	0.0419743360	0.0028853237	-0.0624097550
0.1113846300	-0.7299999600	0.0406880750	0.0028633013	-0.0597547780
0.1175659700	-0.7299999600	0.0394517930	0.0028439771	-0.0574101360
0.1179351800	-0.7299999600	0.0393779500	0.0028427571	-0.0572738870
0.1245220100	-0.7299999600	0.0380441620	0.0028228060	-0.0550350360
0.1311460300	-0.7299999600	0.0366866660	0.0028045722	-0.0529913640
0.1378074600	-0.7299999600	0.0353055340	0.0027881676	-0.0511497150
0.1445065300	-0.7299999600	0.0339008160	0.0027737300	-0.0495138320
0.1512434500	-0.7299999600	0.0324725620	0.0027613894	-0.0480863230
0.1580184400	-0.7299999600	0.0310208290	0.0027513525	-0.0468689650
0.1648317300	-0.7299999600	0.0295456910	0.0027439227	-0.0458676410
0.1716835800	-0.7299999600	0.0280471820	0.0027394484	-0.0450927730
0.1785741600	-0.7299999600	0.0265253370	0.0027382896	-0.0445632900
0.1855037500	-0.7299999600	0.0249801930	0.0027406827	-0.0442986040
0.1924725800	-0.7299999600	0.0234118010	0.0027467568	-0.0443109010
0.1994808600	-0.7299999600	0.0218201950	0.0027565799	-0.0446142630
0.2065288600	-0.7299999600	0.0202053880	0.0027701638	-0.0452172980
0.2136167900	-0.7299999600	0.0185674040	0.0027876554	-0.0461289210
0.2207448900	-0.7299999600	0.0169062710	0.0028091961	-0.0473680870
0.2279134100	-0.7299999600	0.0152220160	0.0028348568	-0.0489435680
0.2351226100	-0.7299999600	0.0135146400	0.0028647338	-0.0508674490
0.2423727200	-0.7299999600	0.0117841470	0.0028988842	-0.0531629400
0.2496639800	-0.7299999600	0.0100305480	0.0029372579	-0.0558562200
0.2569966300	-0.7299999600	0.0082538528	0.0029796973	-0.0589719040
0.2643709500	-0.7299999600	0.0064540538	0.0030259529	-0.0625280440
0.2717871400	-0.7299999600	0.0046311342	0.0030758007	-0.0665346760
0.2792455000	-0.7299999600	0.0027850848	0.0031292401	-0.0710097630
0.2867462600	-0.7299999600	0.0009159000	0.0031861973	-0.0760027320
0.2942896800	-0.7299999600	-0.0009764451	0.0032465264	-0.0815567450
0.3018760100	-0.7299999600	-0.0028919855	0.0033101987	-0.0877127350
0.3095054900	-0.7299999600	-0.0048307497	0.0033768398	-0.0945115910
0.3171784000	-0.7299999600	-0.0067927646	0.0034461371	-0.1019494500
0.3248949900	-0.7299999600	-0.0087780757	0.0035180683	-0.1100745800
0.3326555200	-0.7299999600	-0.0107867370	0.0035922698	-0.1189484400
0.3404602100	-0.7299999600	-0.0128188020	0.0036687604	-0.1286282800
0.3483093700	-0.7299999600	-0.0148743200	0.0037473413	-0.1391762600
0.3562032300	-0.7299999600	-0.0169533620	0.0038278204	-0.1506270300
0.3641420600	-0.7299999600	-0.0190560040	0.0039105401	-0.1630736900
0.3721261000	-0.7299999600	-0.0211823270	0.0039945126	-0.1765666900
0.3801556200	-0.7299999600	-0.0233324040	0.0040783771	-0.1910066000
0.3882308900	-0.7299999600	-0.0255063420	0.0041621401	-0.2063167500
0.3963521400	-0.7299999600	-0.0277042440	0.0042465776	-0.2225488100
0.4045196500	-0.7299999600	-0.0299262160	0.0043319264	-0.2397512000
0.4127336700	-0.7299999600	-0.0321723710	0.0044158041	-0.2578566400
0.4209944600	-0.7299999600	-0.0344428460	0.0044963542	-0.2767791200
0.4293022800	-0.7299999600	-0.0367377770	0.0045729528	-0.2965070300
0.4376573900	-0.7299999600	-0.0390573070	0.0046458085	-0.3169093700
1 2 
2 3 
3 4 
4 5 
5 6 
6 7 
7 8 
8 9 
9 10 
10 11 
11 12 
12 13 
13 14 
14 15 
15 16 
16 17 
17 18 
18 19 
19 20 
20 21 
21 22 
22 23 
23 24 
24 25 
25 26 
26 27 
27 28 
28 29 
29 30 
30 31 
31 32 
32 33 
33 34 
34 35 
35 36 
36 37 
37 38 
38 39 
39 40 
40 41 
41 42 
42 43 
43 44 
44 45 
45 46 
46 47 
47 48 
48 49 
49 50 
50 51 
51 52 
52 53 
53 54 
54 55 
55 56 
56 57 
57 58 
58 59 
59 60 
60 61 
61 62 
62 63 
63 64 
64 65 
65 66 
66 67 
67 68 
68 69 
69 70 
70 71 
71 72 
72 73 
73 74 
74 75 
75 76 
76 77 
77 78 
78 79 
79 80 
80 81 
81 82 
82 83 
83 84 
84 85 
85 86 
86 87 
87 88 
88 89 
89 90 
90 91 
91 92 
92 93 
93 94 
94 95 
95 96 
96 97 
97 98 
98 99 
99 100 
100 101 
101 102 
102 103 
103 104 
104 105 
105 106 
106 107 
107 108 
108 109 
109 110 
110 111 
111 112 
112 113 
113 114 
114 115 
115 116 
116 117 
117 118 
118 119 
119 120 
120 121 
121 122 
122 123 
123 124 
124 125 
125 126 
126 127 
127 128 
128 129 
129 130 
130 131 
131 132 
132 133 
133 134 
134 135 
135 136 
136 137 
137 138 
138 139 
139 140 
140 141 
141 142 
142 143 
143 144 
144 145 
145 146 
146 147 
147 148 
148 149 
149 150 
150 151 
151 152 
152 153 
153 154 
154 155 
155 156 
156 157 
157 158 
158 159 
159 160 
160 161 
161 162 
162 163 
163 164 
164 165 
165 166 
166 167 
167 168 
168 169 
169 170 
170 171 
171 172 
172 173 
173 174 
174 175 
175 176 
176 177 
177 178 
178 179 
179 180 
180 181 
181 182 
182 183 
183 184 
184 185 
185 186 
186 187 
187 188 
188 189 
189 190 
190 191 
191 192 
192 193 
193 194 
194 195 
195 196 
196 197 
197 198 
198 199 
199 200 
200 201 
201 202 
202 203 
203 204 
204 205 
205 206 
206 207 
207 208 
208 209 
209 210 
210 211 
211 212 
212 213 
213 214 
214 215 
215 216 
216 217 
217 218 
218 219 
219 220 
220 221 
221 222 
222 223 
223 224 
224 225 
225 226 
226 227 
227 228 
228 229 
229 230 
230 231 
231 232 
232 233 
233 234 
234 235 
235 236 
236 237 
237 238 
238 239 
239 240 
240 241 
241 242 
242 243 
243 244 
244 245 
245 246 
246 247 
247 248 
248 249 
249 250 
250 251 
251 252 
252 253 
253 254 
254 255 
255 256 
256 257 
257 258 
258 259 
259 260 
260 261 
261 262 
262 263 
263 264 
264 265 
265 266 
266 267 
267 268 
268 269 
269 270 
270 271 
271 272 
272 273 
273 274 
274 275 
275 276 
276 277 
277 278 
278 279 
279 280 
280 281 
281 282 
282 283 
283 284 
284 285 
285 286 
286 287 
287 288 
288 289 
289 290 
290 291 
291 292 
292 293 
293 294 
294 295 
295 296 
296 297 
297 298 
298 299 
299 300 
300 301 
301 302 
302 303 
303 304 
304 305 
305 306 
306 307 
307 308 
308 309 
309 310 
310 311 
311 312 
312 313 
313 314 
314 315 
315 316 
316 317 
317 318 
318 319 
319 320 
320 321 
321 322 
322 323 
323 324 
324 325 
325 326 
326 327 
327 328 
328 329 
329 330 
330 331 
331 332 
332 333 
333 334 
334 335 
335 336 
336 337 
337 338 
338 339 
339 340 
340 341 
341 342 
342 343 
343 344 
344 345 
345 346 
346 347 
347 348 
348 349 
349 350 
350 351 
351 352 
352 353 
353 354 
354 355 
355 356 
356 357 
357 358 
358 359 
359 360 
360 361 
361 362 
362 363 
363 364 
364 365 
365 366 
366 367 
367 368 
368 369 
369 370 
370 371 
371 372 
372 373 
373 374 
374 375 
375 376 
376 377 
377 378 
378 379 
379 380 
380 381 
381 382 
382 383 
383 384 
384 385 
385 386 
386 387 
387 388 
388 389 
389 390 
390 391 
391 392 
392 393 
393 394 
394 395 
395 396 
396 397 
