TITLE     = "Surface mesh and solution"
VARIABLES = "x"
"y"
"z"
"cfx"
"Cp"
ZONE T="Slice: Y=-0.001"
STRANDID=0, SOLUTIONTIME=0
Nodes=384, Elements=383, ZONETYPE=FELineSeg
DATAPACKING=POINT
DT=(DOUBLE DOUBLE DOUBLE DOUBLE DOUBLE )
0.1734999000	-0.0009999500	0.0422595520	0.0020397407	-0.0350226090
0.1805353200	-0.0009999500	0.0413296520	0.0020043282	-0.0287017040
0.1895170200	-0.0009999500	0.0401202810	0.0019571572	-0.0205422360
0.1965588000	-0.0009999500	0.0391574460	0.0019246129	-0.0141664080
0.2059159300	-0.0009999500	0.0378555060	0.0018774922	-0.0058458154
0.2133454700	-0.0009999500	0.0368065130	0.0018458939	0.0007570598
0.2230208500	-0.0009999500	0.0354172210	0.0018002571	0.0092472788
0.2309141000	-0.0009999500	0.0342675710	0.0017691338	0.0160629620
0.2409156600	-0.0009999500	0.0327877960	0.0017211261	0.0247525740
0.2490609100	-0.0009999500	0.0315656360	0.0016892279	0.0316508260
0.2591579900	-0.0009999500	0.0300289750	0.0016443069	0.0403280930
0.2666036800	-0.0009999500	0.0288817360	0.0016143569	0.0469077150
0.2766091500	-0.0009999500	0.0273191130	0.0015700414	0.0554333930
0.2840382500	-0.0009999500	0.0261471680	0.0015411567	0.0620680230
0.2945693700	-0.0009999500	0.0244617460	0.0014981272	0.0709262640
0.3037416600	-0.0009999500	0.0229788140	0.0014696391	0.0782095570
0.3153364700	-0.0009999500	0.0210770150	0.0014239789	0.0876263830
0.3253016800	-0.0009999500	0.0194232950	0.0013949396	0.0955552530
0.3376403700	-0.0009999500	0.0173483380	0.0013496870	0.1054045800
0.3481170500	-0.0009999500	0.0155648640	0.0013185591	0.1136361200
0.3611622500	-0.0009999500	0.0133163560	0.0012716696	0.1237764900
0.3720193200	-0.0009999500	0.0114225160	0.0012388653	0.1323043900
0.3855989000	-0.0009999500	0.0090247663	0.0011924800	0.1427796800
0.3973716200	-0.0009999500	0.0069218008	0.0011613000	0.1516303600
0.4116448200	-0.0009999500	0.0043415418	0.0011154818	0.1623648600
0.4238261600	-0.0009999500	0.0021136748	0.0010848952	0.1715312200
0.4385801000	-0.0009999500	-0.0006161029	0.0010402778	0.1824736600
0.4516439400	-0.0009999500	-0.0030616822	0.0010097976	0.1919774000
0.4671374900	-0.0009999500	-0.0059950566	0.0009644702	0.2032416200
0.4807096100	-0.0009999500	-0.0085948287	0.0009330388	0.2132642600
0.4969354300	-0.0009999500	-0.0117391000	0.0008879486	0.2250877200
0.5119305300	-0.0009999500	-0.0146784270	0.0008540811	0.2359369800
0.5294026700	-0.0009999500	-0.0181463190	0.0008057298	0.2485203300
0.5463386200	-0.0009999500	-0.0215505990	0.0007652058	0.2601604200
0.5636869100	-0.0009999500	-0.0250788240	0.0007105169	0.2728022300
0.5791568200	-0.0009999500	-0.0282695950	0.0006650354	0.2838896500
0.5947303200	-0.0009999500	-0.0315096600	0.0006128992	0.2956118000
0.6062769900	-0.0009999500	-0.0339447070	0.0005757564	0.3047793500
0.6189253900	-0.0009999500	-0.0366265290	0.0005350810	0.3148922600
0.6289967900	-0.0009999500	-0.0387890530	0.0005085464	0.3226693300
0.6390447600	-0.0009999500	-0.0409534720	0.0004731357	0.3309254100
0.6447100000	-0.0009999500	-0.0421849860	0.0004428434	0.3370706100
0.6514135600	-0.0009999500	-0.0436442230	0.0003886536	0.3430737000
0.6542745800	-0.0009999500	-0.0442712720	0.0003774121	0.3455303900
0.6602855900	-0.0009999500	-0.0455919730	0.0003671963	0.3508377400
0.6635826800	-0.0009999500	-0.0463199210	0.0003582736	0.3539083300
0.6687197700	-0.0009999500	-0.0474556540	0.0003438137	0.3586735700
0.6719741200	-0.0009999500	-0.0481785910	0.0003353352	0.3617177600
0.6761228400	-0.0009999500	-0.0491011890	0.0003220391	0.3656472600
0.6788322900	-0.0009999500	-0.0497061720	0.0003154650	0.3684326400
0.6821551900	-0.0009999500	-0.0504489280	0.0003029303	0.3716916400
0.6847000100	-0.0009999500	-0.0510195900	0.0002954177	0.3742456100
0.6875159700	-0.0009999500	-0.0516517010	0.0002839428	0.3770392500
0.6898425800	-0.0009999500	-0.0521754250	0.0002747921	0.3793462500
0.6923159400	-0.0009999500	-0.0527328590	0.0002627229	0.3818170100
0.6943261600	-0.0009999500	-0.0531869010	0.0002524859	0.3839398300
0.6966434100	-0.0009999500	-0.0537110010	0.0002409029	0.3862804200
0.6988146300	-0.0009999500	-0.0542029590	0.0002305910	0.3884793200
0.7011600700	-0.0009999500	-0.0547355230	0.0002186398	0.3909223400
0.7035179100	-0.0009999500	-0.0552715770	0.0002100949	0.3933425200
0.7059157500	-0.0009999500	-0.0558179020	0.0001974249	0.3958543200
0.7082640500	-0.0009999500	-0.0563535910	0.0001883899	0.3983636500
0.7106393000	-0.0009999500	-0.0568967500	0.0001746757	0.4008832300
0.7130445200	-0.0009999500	-0.0574473070	0.0001637762	0.4035044300
0.7153721500	-0.0009999500	-0.0579813380	0.0001498553	0.4060119400
0.7177794600	-0.0009999500	-0.0585342980	0.0001380822	0.4085852200
0.7198190100	-0.0009999500	-0.0590038780	0.0001237189	0.4107514600
0.7223854100	-0.0009999500	-0.0595955330	0.0001206714	0.4136822500
0.7240835400	-0.0009999500	-0.0599919370	0.0001310305	0.4156566000
0.7254741800	-0.0009999500	-0.0603115260	0.0001084564	0.4171908500
0.7285209900	-0.0009999500	-0.0610166120	0.0000834517	0.4206797500
0.7297127800	-0.0009999500	-0.0612950440	0.0000838188	0.4220695800
0.7309195400	-0.0009999500	-0.0615737810	0.0000650088	0.4233483100
0.7336081900	-0.0009999500	-0.0621982480	0.0000495815	0.4263587600
0.7347427000	-0.0009999500	-0.0624645760	0.0000532485	0.4276794800
0.7361112800	-0.0009999500	-0.0627834280	0.0000338026	0.4290725900
0.7387437800	-0.0009999500	-0.0633968790	0.0000009096	0.4316734700
0.7402550000	-0.0009999500	-0.0637487100	-0.0000291239	0.4330550700
0.7413231700	-0.0009999500	-0.0639983270	-0.0000368860	0.4339782300
0.7427846800	-0.0009999500	-0.0643422530	-0.0000405535	0.4354776700
0.7440253500	-0.0009999500	-0.0646328400	0.0000142964	0.4368850000
0.7451688100	-0.0009999500	-0.0649022390	0.0000941015	0.4381478100
0.7461198000	-0.0009999500	-0.0651260540	0.0002716015	0.4381373200
0.7471460100	-0.0009999500	-0.0653668050	0.0003524632	0.4390343700
0.7460918400	-0.0009999500	-0.0654257980	0.0003915641	0.4362717000
0.7449560200	-0.0009999500	-0.0654901860	0.0003609342	0.4347777400
0.7429657600	-0.0009999500	-0.0656030100	0.0002927199	0.4313286500
0.7417624600	-0.0009999500	-0.0656698720	0.0002579817	0.4291946600
0.7399724700	-0.0009999500	-0.0657682640	0.0002930350	0.4265177000
0.7374085200	-0.0009999500	-0.0659090280	0.0003707418	0.4222438300
0.7349553700	-0.0009999500	-0.0660456640	0.0003854059	0.4185725700
0.7320889800	-0.0009999500	-0.0662007260	0.0004170764	0.4143005000
0.7285043000	-0.0009999500	-0.0663925410	0.0004690433	0.4094950900
0.7236715600	-0.0009999500	-0.0666483120	0.0005082700	0.4036871200
0.7184920300	-0.0009999500	-0.0669220090	0.0005351415	0.3974126000
0.7151172200	-0.0009999500	-0.0670962780	0.0005529745	0.3928006900
0.7081573000	-0.0009999500	-0.0674523190	0.0005722878	0.3858661900
0.7048269500	-0.0009999500	-0.0676188170	0.0005904796	0.3825885700
0.6964352100	-0.0009999500	-0.0680236820	0.0006711008	0.3743174700
0.6881046300	-0.0009999500	-0.0684207830	0.0007205417	0.3668106800
0.6770745500	-0.0009999500	-0.0689256190	0.0007801512	0.3578924800
0.6661657100	-0.0009999500	-0.0694129910	0.0008342922	0.3492968400
0.6526728900	-0.0009999500	-0.0699776710	0.0008969207	0.3400127600
0.6371437300	-0.0009999500	-0.0706092040	0.0009512926	0.3302638200
0.6198287000	-0.0009999500	-0.0712531880	0.0010094025	0.3201929600
0.6026676300	-0.0009999500	-0.0718612150	0.0010530208	0.3116558500
0.5841159800	-0.0009999500	-0.0724616270	0.0011053533	0.3022119400
0.5700351000	-0.0009999500	-0.0728856250	0.0011475811	0.2953455700
0.5522174800	-0.0009999500	-0.0733810140	0.0012003548	0.2872126100
0.5388372500	-0.0009999500	-0.0737218930	0.0012365165	0.2813517200
0.5218448000	-0.0009999500	-0.0741211180	0.0012838771	0.2742283000
0.5084623100	-0.0009999500	-0.0744046120	0.0013149008	0.2688666600
0.4921794500	-0.0009999500	-0.0747189670	0.0013588435	0.2625712800
0.4791949700	-0.0009999500	-0.0749415010	0.0013877531	0.2577264600
0.4636000400	-0.0009999500	-0.0751790110	0.0014277872	0.2521190000
0.4508822900	-0.0009999500	-0.0753462170	0.0014553012	0.2477355600
0.4357639800	-0.0009999500	-0.0755156580	0.0014937160	0.2427181200
0.4236199000	-0.0009999500	-0.0756268280	0.0015203049	0.2387939200
0.4090375900	-0.0009999500	-0.0757319410	0.0015565238	0.2342670300
0.3971407400	-0.0009999500	-0.0757933330	0.0015823558	0.2307104800
0.3830240100	-0.0009999500	-0.0758384090	0.0016187876	0.2266633400
0.3715068700	-0.0009999500	-0.0758515070	0.0016443694	0.2235094900
0.3580667100	-0.0009999500	-0.0758405030	0.0016782023	0.2199122900
0.3472815500	-0.0009999500	-0.0758095610	0.0017030303	0.2170980300
0.3342136100	-0.0009999500	-0.0757456870	0.0017366882	0.2138855500
0.3233595500	-0.0009999500	-0.0756700040	0.0017615115	0.2113361100
0.3106496900	-0.0009999500	-0.0755544980	0.0017935248	0.2084910400
0.3000610800	-0.0009999500	-0.0754355190	0.0018180751	0.2062169600
0.2877351000	-0.0009999500	-0.0752697590	0.0018497868	0.2037514600
0.2776111400	-0.0009999500	-0.0751121790	0.0018718109	0.2018087200
0.2657753200	-0.0009999500	-0.0749003960	0.0019019459	0.1997057800
0.2553135500	-0.0009999500	-0.0746896940	0.0019227140	0.1980828000
0.2439449300	-0.0009999500	-0.0744352120	0.0019523778	0.1963392800
0.2351326900	-0.0009999500	-0.0742170210	0.0019734853	0.1950831100
0.2244818500	-0.0009999500	-0.0739309420	0.0020017392	0.1937198200
0.2160568400	-0.0009999500	-0.0736845880	0.0020229125	0.1927585000
0.2057797500	-0.0009999500	-0.0733622090	0.0020502752	0.1916976700
0.1977314700	-0.0009999500	-0.0730901060	0.0020708111	0.1909480100
0.1878159300	-0.0009999500	-0.0727333650	0.0020950019	0.1901145600
0.1799355000	-0.0009999500	-0.0724301340	0.0021158627	0.1895576400
0.1703318800	-0.0009999500	-0.0720390680	0.0021408002	0.1889697500
0.1627608200	-0.0009999500	-0.0717115550	0.0021605469	0.1886298700
0.1536038200	-0.0009999500	-0.0712945910	0.0021827993	0.1883144800
0.1465258700	-0.0009999500	-0.0709543970	0.0022036203	0.1881799000
0.1376769700	-0.0009999500	-0.0705083390	0.0022284659	0.1880912200
0.1308205000	-0.0009999500	-0.0701450410	0.0022495145	0.1881330500
0.1222615100	-0.0009999500	-0.0696711470	0.0022694523	0.1882861700
0.1154647800	-0.0009999500	-0.0692762880	0.0022906459	0.1885487300
0.1072194400	-0.0009999500	-0.0687773600	0.0023123709	0.1889379600
0.1005076700	-0.0009999500	-0.0683520660	0.0023324291	0.1893749100
0.0925696790	-0.0009999500	-0.0678297060	0.0023519823	0.1899388000
0.0861881820	-0.0009999500	-0.0673912760	0.0023717221	0.1905376200
0.0786008760	-0.0009999500	-0.0668508340	0.0023889995	0.1913153500
0.0722910090	-0.0009999500	-0.0663834590	0.0024062972	0.1920750700
0.0649087430	-0.0009999500	-0.0658163350	0.0024233451	0.1930414300
0.0586824380	-0.0009999500	-0.0653204100	0.0024400961	0.1939774200
0.0515467640	-0.0009999500	-0.0647315230	0.0024548867	0.1951697600
0.0456434670	-0.0009999500	-0.0642270150	0.0024695678	0.1962856200
0.0387529400	-0.0009999500	-0.0636184660	0.0024852290	0.1976521300
0.0332163870	-0.0009999500	-0.0631126310	0.0025014039	0.1988734300
0.0265275280	-0.0009999500	-0.0624827070	0.0025161630	0.2004045200
0.0210837180	-0.0009999500	-0.0619525610	0.0025330043	0.2017688900
0.0145550590	-0.0009999500	-0.0612982440	0.0025467620	0.2035354200
0.0092446851	-0.0009999500	-0.0607483830	0.0025625602	0.2051061500
0.0029737905	-0.0009999500	-0.0600806470	0.0025738613	0.2070402200
-0.0023235544	-0.0009999500	-0.0594989730	0.0025917779	0.2087878000
-0.0083524017	-0.0009999500	-0.0588178490	0.0026050499	0.2108429100
-0.0136132720	-0.0009999500	-0.0582063200	0.0026259129	0.2128279800
-0.0193435010	-0.0009999500	-0.0575203670	0.0026384405	0.2151144600
-0.0245578030	-0.0009999500	-0.0568793790	0.0026557747	0.2173347600
-0.0301055890	-0.0009999500	-0.0561768710	0.0026655959	0.2197618200
-0.0351908170	-0.0009999500	-0.0555163440	0.0026830726	0.2221563300
-0.0405231980	-0.0009999500	-0.0548035350	0.0026932809	0.2247844200
-0.0453496650	-0.0009999500	-0.0541419010	0.0027072627	0.2273071100
-0.0506275300	-0.0009999500	-0.0533986020	0.0027174618	0.2301951200
-0.0551282880	-0.0009999500	-0.0527487810	0.0027326729	0.2328090500
-0.0603389480	-0.0009999500	-0.0519765950	0.0027442711	0.2359452500
-0.0646966170	-0.0009999500	-0.0513148080	0.0027591437	0.2387131300
-0.0698748380	-0.0009999500	-0.0505078920	0.0027688422	0.2421806200
-0.0739867390	-0.0009999500	-0.0498510710	0.0027825840	0.2450907400
-0.0790944170	-0.0009999500	-0.0490149370	0.0027933118	0.2488355500
-0.0830853210	-0.0009999500	-0.0483446750	0.0028081770	0.2519395400
-0.0881216820	-0.0009999500	-0.0474787760	0.0028200780	0.2560484100
-0.0920781200	-0.0009999500	-0.0467803220	0.0028348765	0.2594655800
-0.0969783810	-0.0009999500	-0.0458952340	0.0028428823	0.2639097600
-0.1010219800	-0.0009999500	-0.0451452810	0.0028590874	0.2678015800
-0.1057644900	-0.0009999500	-0.0442446510	0.0028707650	0.2725601200
-0.1096720200	-0.0009999500	-0.0434833730	0.0028836063	0.2767048800
-0.1142101400	-0.0009999500	-0.0425779820	0.0028927732	0.2817407500
-0.1181130900	-0.0009999500	-0.0417785870	0.0029059986	0.2863532300
-0.1225758000	-0.0009999500	-0.0408427490	0.0029122077	0.2917837800
-0.1265969900	-0.0009999500	-0.0399762690	0.0029263259	0.2970565000
-0.1307186600	-0.0009999500	-0.0390669960	0.0029335042	0.3028226200
-0.1348900500	-0.0009999500	-0.0381207020	0.0029455824	0.3089242300
-0.1388526700	-0.0009999500	-0.0372001570	0.0029485229	0.3150441100
-0.1430405400	-0.0009999500	-0.0361991820	0.0029613798	0.3218591200
-0.1469000300	-0.0009999500	-0.0352541210	0.0029655842	0.3285193400
-0.1509832600	-0.0009999500	-0.0342236910	0.0029740224	0.3360993900
-0.1549668000	-0.0009999500	-0.0331925790	0.0029752221	0.3438672400
-0.1591816100	-0.0009999500	-0.0320674810	0.0029863450	0.3529092700
-0.1629061100	-0.0009999500	-0.0310456720	0.0029933541	0.3611988700
-0.1661071600	-0.0009999500	-0.0301400140	0.0029938093	0.3684924200
-0.1695444600	-0.0009999500	-0.0291506310	0.0029594052	0.3767790200
-0.1744662200	-0.0009999500	-0.0276708750	0.0029458589	0.3908954900
-0.1768440900	-0.0009999500	-0.0269474350	0.0029562779	0.3975186600
-0.1796065900	-0.0009999500	-0.0260670710	0.0029506982	0.4064345400
-0.1829179200	-0.0009999500	-0.0250049160	0.0029585358	0.4174626500
-0.1864545900	-0.0009999500	-0.0238211140	0.0029499022	0.4296484000
-0.1888799800	-0.0009999500	-0.0229899730	0.0029458071	0.4379895600
-0.1920422900	-0.0009999500	-0.0218775420	0.0029280690	0.4504146600
-0.1938297500	-0.0009999500	-0.0212241580	0.0029342176	0.4581358700
-0.1965223300	-0.0009999500	-0.0202352780	0.0029081451	0.4692681700
-0.1984837500	-0.0009999500	-0.0194873680	0.0028784628	0.4789301800
-0.2015169400	-0.0009999500	-0.0183054230	0.0028467368	0.4956544000
-0.2035863100	-0.0009999500	-0.0174740520	0.0028244384	0.5067259700
-0.2062346800	-0.0009999500	-0.0163748230	0.0027840075	0.5213204000
-0.2081667600	-0.0009999500	-0.0155559700	0.0027440250	0.5327218800
-0.2106335800	-0.0009999500	-0.0144662420	0.0026820419	0.5488927400
-0.2120854400	-0.0009999500	-0.0138200950	0.0026551008	0.5583653500
-0.2134328300	-0.0009999500	-0.0131930980	0.0026264980	0.5685481400
-0.2157035800	-0.0009999500	-0.0121244410	0.0026086008	0.5863161700
-0.2173043500	-0.0009999500	-0.0113406900	0.0025715340	0.5991710400
-0.2191166700	-0.0009999500	-0.0104334870	0.0025291806	0.6153807000
-0.2206422200	-0.0009999500	-0.0096425591	0.0024819605	0.6293396400
-0.2223617300	-0.0009999500	-0.0087291328	0.0024331803	0.6463814400
-0.2238420500	-0.0009999500	-0.0079127681	0.0023831787	0.6614617100
-0.2255245100	-0.0009999500	-0.0069610667	0.0023207340	0.6801456800
-0.2269109900	-0.0009999500	-0.0061431075	0.0022606387	0.6962282100
-0.2285304400	-0.0009999500	-0.0051621050	0.0021924866	0.7161538600
-0.2298527200	-0.0009999500	-0.0043243147	0.0021312932	0.7330911200
-0.2313555300	-0.0009999500	-0.0033453270	0.0020609059	0.7541468700
-0.2325588200	-0.0009999500	-0.0025218476	0.0019942487	0.7717412700
-0.2339564900	-0.0009999500	-0.0015365873	0.0019120161	0.7934751500
-0.2350896000	-0.0009999500	-0.0006936432	0.0018360794	0.8115687400
-0.2363663500	-0.0009999500	0.0002867655	0.0017381933	0.8335935500
-0.2374017800	-0.0009999500	0.0011290181	0.0016499787	0.8517001900
-0.2385747300	-0.0009999500	0.0021166448	0.0015309619	0.8733373900
-0.2395547600	-0.0009999500	0.0029969520	0.0014282520	0.8912237900
-0.2406405400	-0.0009999500	0.0040118215	0.0012809906	0.9121239200
-0.2415248600	-0.0009999500	0.0049026455	0.0011537357	0.9287275700
-0.2424865700	-0.0009999500	0.0059167016	0.0009726643	0.9470758400
-0.2433190000	-0.0009999500	0.0068712202	0.0008164086	0.9611526700
-0.2441810700	-0.0009999500	0.0079151969	0.0006063303	0.9747754900
-0.2449302200	-0.0009999500	0.0089172563	0.0004215434	0.9836320900
-0.2456383600	-0.0009999500	0.0099319378	0.0002082788	0.9896923900
-0.2463195600	-0.0009999500	0.0110357700	0.0000092731	0.9894480100
-0.2468878500	-0.0009999500	0.0120415200	-0.0001756344	0.9853522200
-0.2474679800	-0.0009999500	0.0132420940	-0.0003523161	0.9702209800
-0.2478838300	-0.0009999500	0.0142170690	-0.0004588114	0.9536294300
-0.2483412200	-0.0009999500	0.0155310360	-0.0005566940	0.9170541800
-0.2485831700	-0.0009999500	0.0163855780	-0.0005394753	0.8894457800
-0.2488577800	-0.0009999500	0.0176344380	-0.0005154646	0.8359305300
-0.2489495300	-0.0009999500	0.0183119620	-0.0003913280	0.7993643900
-0.2490799600	-0.0009999500	0.0195041630	-0.0000892994	0.7327258600
-0.2490574400	-0.0009999500	0.0210570060	0.0003474445	0.6274364600
-0.2490484700	-0.0009999500	0.0217913630	0.0006707781	0.5840967900
-0.2489298000	-0.0009999500	0.0225160610	0.0010018885	0.5272405100
-0.2486806800	-0.0009999500	0.0240533050	0.0018541547	0.4111339700
-0.2483414300	-0.0009999500	0.0252130760	0.0023890878	0.3128505600
-0.2481372100	-0.0009999500	0.0258510950	0.0027804970	0.2633957000
-0.2476424700	-0.0009999500	0.0270478910	0.0033579196	0.1719633900
-0.2472743200	-0.0009999500	0.0278107300	0.0037467603	0.1163184000
-0.2465892400	-0.0009999500	0.0290396010	0.0042840386	0.0299135480
-0.2460487800	-0.0009999500	0.0298743400	0.0046761585	-0.0244010000
-0.2452581500	-0.0009999500	0.0309760030	0.0051322846	-0.0909774300
-0.2445578000	-0.0009999500	0.0318321510	0.0054358885	-0.1383066600
-0.2436918500	-0.0009999500	0.0328100620	0.0057375496	-0.1849090200
-0.2428425600	-0.0009999500	0.0336669980	0.0059547441	-0.2225126300
-0.2418947200	-0.0009999500	0.0345629680	0.0061511615	-0.2552191600
-0.2409286400	-0.0009999500	0.0353928130	0.0062965379	-0.2847414000
-0.2399231200	-0.0009999500	0.0362097020	0.0064227271	-0.3086746600
-0.2388503600	-0.0009999500	0.0370097830	0.0065041689	-0.3312412800
-0.2377577100	-0.0009999500	0.0377838690	0.0065592967	-0.3482615900
-0.2366081900	-0.0009999500	0.0385382400	0.0065911221	-0.3646153800
-0.2354529100	-0.0009999500	0.0392614790	0.0066119066	-0.3760279100
-0.2341827200	-0.0009999500	0.0400037800	0.0066097144	-0.3882286000
-0.2329255800	-0.0009999500	0.0407077220	0.0066131764	-0.3962479200
-0.2315619300	-0.0009999500	0.0414230490	0.0065883905	-0.4055119500
-0.2302497900	-0.0009999500	0.0420838930	0.0065847255	-0.4111047700
-0.2287795400	-0.0009999500	0.0427788790	0.0065347714	-0.4180718700
-0.2273794100	-0.0009999500	0.0434163290	0.0065196708	-0.4212992800
-0.2257869500	-0.0009999500	0.0440976880	0.0064512172	-0.4259299300
-0.2244045900	-0.0009999500	0.0446715130	0.0064426310	-0.4275051100
-0.2226267800	-0.0009999500	0.0453629870	0.0062699131	-0.4321486400
-0.2214928300	-0.0009999500	0.0457975530	0.0062790380	-0.4333469600
-0.2203588000	-0.0009999500	0.0462029240	0.0062116822	-0.4335201100
-0.2183501000	-0.0009999500	0.0469129310	0.0061949363	-0.4337148400
-0.2168965900	-0.0009999500	0.0473947340	0.0061689328	-0.4326830200
-0.2148317100	-0.0009999500	0.0480595010	0.0060913428	-0.4325721600
-0.2133052800	-0.0009999500	0.0485264320	0.0060478611	-0.4313760100
-0.2110256700	-0.0009999500	0.0491950740	0.0058921537	-0.4310358200
-0.2095974700	-0.0009999500	0.0495992560	0.0058784589	-0.4299177200
-0.2076750700	-0.0009999500	0.0501152980	0.0057372227	-0.4284105000
-0.2065871400	-0.0009999500	0.0504058260	0.0057211245	-0.4270383400
-0.2044329500	-0.0009999500	0.0509498490	0.0056653544	-0.4240775700
-0.2030473100	-0.0009999500	0.0512872640	0.0055818561	-0.4231248200
-0.2010702800	-0.0009999500	0.0517571790	0.0055403453	-0.4214449800
-0.1991717800	-0.0009999500	0.0521828530	0.0054711695	-0.4189131900
-0.1975435900	-0.0009999500	0.0525444370	0.0054447914	-0.4168048800
-0.1950059400	-0.0009999500	0.0530762370	0.0054006593	-0.4131910500
-0.1931822000	-0.0009999500	0.0534442220	0.0053427989	-0.4112035900
-0.1905696700	-0.0009999500	0.0539510470	0.0052830945	-0.4076019800
-0.1888018400	-0.0009999500	0.0542762320	0.0052243454	-0.4054157700
-0.1861730100	-0.0009999500	0.0547470970	0.0051896611	-0.4016870300
-0.1838601800	-0.0009999500	0.0551366580	0.0051298372	-0.3988292800
-0.1812049000	-0.0009999500	0.0555723310	0.0050968500	-0.3951485500
-0.1782160600	-0.0009999500	0.0560289660	0.0050174125	-0.3914127900
-0.1755795900	-0.0009999500	0.0564204680	0.0049498672	-0.3878933200
-0.1729333400	-0.0009999500	0.0567844850	0.0048662771	-0.3846096400
-0.1705957400	-0.0009999500	0.0571025310	0.0048382828	-0.3818367400
-0.1680320900	-0.0009999500	0.0574265830	0.0047463681	-0.3782874000
-0.1665130700	-0.0009999500	0.0576142670	0.0047263021	-0.3761264100
-0.1638159300	-0.0009999500	0.0579334650	0.0047192117	-0.3721228200
-0.1613155500	-0.0009999500	0.0582102200	0.0046553164	-0.3692733600
-0.1587730600	-0.0009999500	0.0584877880	0.0046466244	-0.3663180200
-0.1564428400	-0.0009999500	0.0587231630	0.0045821826	-0.3631711300
-0.1541019100	-0.0009999500	0.0589540190	0.0045489250	-0.3600861400
-0.1513067200	-0.0009999500	0.0592140260	0.0045286112	-0.3566161400
-0.1479614100	-0.0009999500	0.0595055410	0.0044772655	-0.3528154800
-0.1449325400	-0.0009999500	0.0597550680	0.0044387057	-0.3492043300
-0.1416595100	-0.0009999500	0.0600046440	0.0043911678	-0.3453312800
-0.1386022600	-0.0009999500	0.0602246110	0.0043577972	-0.3416292700
-0.1346774700	-0.0009999500	0.0604832770	0.0043023872	-0.3371430300
-0.1315258000	-0.0009999500	0.0606755200	0.0042667259	-0.3335617500
-0.1281563800	-0.0009999500	0.0608649400	0.0042216246	-0.3297476200
-0.1249113500	-0.0009999500	0.0610323620	0.0041885855	-0.3261284200
-0.1212399700	-0.0009999500	0.0612052270	0.0041374284	-0.3219905500
-0.1177652800	-0.0009999500	0.0613519850	0.0041016103	-0.3180886200
-0.1145233300	-0.0009999500	0.0614760820	0.0040605923	-0.3145470600
-0.1108454300	-0.0009999500	0.0616004910	0.0040290037	-0.3104825300
-0.1074816400	-0.0009999500	0.0617007390	0.0039877088	-0.3069293200
-0.1036660700	-0.0009999500	0.0617982630	0.0039615050	-0.3027814600
-0.1002248500	-0.0009999500	0.0618726050	0.0039171466	-0.2991666200
-0.0962634830	-0.0009999500	0.0619420860	0.0038879593	-0.2949518900
-0.0928181190	-0.0009999500	0.0619895460	0.0038498922	-0.2913005100
-0.0887628790	-0.0009999500	0.0620293730	0.0038231615	-0.2870011000
-0.0852655540	-0.0009999500	0.0620513480	0.0037879107	-0.2834740900
-0.0810529220	-0.0009999500	0.0620614660	0.0037609299	-0.2791774300
-0.0774706160	-0.0009999500	0.0620575850	0.0037247217	-0.2756076500
-0.0731555300	-0.0009999500	0.0620367450	0.0036960234	-0.2712276300
-0.0695024730	-0.0009999500	0.0620065220	0.0036611479	-0.2675913000
-0.0650475700	-0.0009999500	0.0619537420	0.0036305745	-0.2631369500
-0.0612469390	-0.0009999500	0.0618956090	0.0035932766	-0.2593869300
-0.0566997750	-0.0009999500	0.0618105530	0.0035619825	-0.2547816900
-0.0528398340	-0.0009999500	0.0617252510	0.0035265610	-0.2509568300
-0.0481373440	-0.0009999500	0.0616057480	0.0034949021	-0.2463019500
-0.0441397430	-0.0009999500	0.0614911880	0.0034572925	-0.2424069000
-0.0392956770	-0.0009999500	0.0613362710	0.0034241344	-0.2376122500
-0.0352196170	-0.0009999500	0.0611933250	0.0033864172	-0.2336276800
-0.0302062970	-0.0009999500	0.0610008170	0.0033523298	-0.2287300500
-0.0260537970	-0.0009999500	0.0608289950	0.0033139858	-0.2246869700
-0.0209403880	-0.0009999500	0.0606007090	0.0032792829	-0.2196583000
-0.0166720110	-0.0009999500	0.0603975910	0.0032398469	-0.2155312200
-0.0114396750	-0.0009999500	0.0601323770	0.0032037375	-0.2103947300
-0.0070176627	-0.0009999500	0.0598950610	0.0031646121	-0.2061280800
-0.0016586066	-0.0009999500	0.0595915020	0.0031293200	-0.2008714500
0.0029227985	-0.0009999500	0.0593185240	0.0030927189	-0.1964520400
0.0085151484	-0.0009999500	0.0589687750	0.0030567009	-0.1910471300
0.0131910780	-0.0009999500	0.0586633310	0.0030222933	-0.1865357600
0.0189720260	-0.0009999500	0.0582682040	0.0029858380	-0.1809442200
0.0237688420	-0.0009999500	0.0579277840	0.0029496078	-0.1763683600
0.0298007560	-0.0009999500	0.0574812180	0.0029100392	-0.1705403900
0.0346670230	-0.0009999500	0.0571086000	0.0028719362	-0.1658585500
0.0409155260	-0.0009999500	0.0566111800	0.0028313891	-0.1598009000
0.0458625260	-0.0009999500	0.0562050750	0.0027946333	-0.1550396100
0.0523721310	-0.0009999500	0.0556513630	0.0027513712	-0.1487505900
0.0574921670	-0.0009999500	0.0552031510	0.0027151439	-0.1438620200
0.0642143190	-0.0009999500	0.0545952320	0.0026721006	-0.1374031000
0.0694238920	-0.0009999500	0.0541113500	0.0026355709	-0.1324507400
0.0763708350	-0.0009999500	0.0534466060	0.0025894151	-0.1258270300
0.0817384790	-0.0009999500	0.0529202150	0.0025536788	-0.1206930700
0.0888991730	-0.0009999500	0.0521979480	0.0025096949	-0.1138645200
0.0944893880	-0.0009999500	0.0516212510	0.0024758001	-0.1086062400
0.1018577500	-0.0009999500	0.0508407240	0.0024307538	-0.1016384500
0.1076706800	-0.0009999500	0.0502116270	0.0023975764	-0.0961861680
0.1152107600	-0.0009999500	0.0493753660	0.0023534295	-0.0890749100
0.1212118900	-0.0009999500	0.0486960220	0.0023194171	-0.0834601450
0.1290077300	-0.0009999500	0.0477932880	0.0022739274	-0.0761507000
0.1351762300	-0.0009999500	0.0470650010	0.0022402788	-0.0703422500
0.1432436900	-0.0009999500	0.0460918990	0.0021963881	-0.0628229600
0.1496362500	-0.0009999500	0.0453067010	0.0021624063	-0.0568974060
0.1580797400	-0.0009999500	0.0442481560	0.0021186382	-0.0491246920
0.1647656300	-0.0009999500	0.0433954890	0.0020865264	-0.0429897350
0.1734999000	-0.0009999500	0.0422595520	0.0020397407	-0.0350226090
1 2 
2 3 
3 4 
4 5 
5 6 
6 7 
7 8 
8 9 
9 10 
10 11 
11 12 
12 13 
13 14 
14 15 
15 16 
16 17 
17 18 
18 19 
19 20 
20 21 
21 22 
22 23 
23 24 
24 25 
25 26 
26 27 
27 28 
28 29 
29 30 
30 31 
31 32 
32 33 
33 34 
34 35 
35 36 
36 37 
37 38 
38 39 
39 40 
40 41 
41 42 
42 43 
43 44 
44 45 
45 46 
46 47 
47 48 
48 49 
49 50 
50 51 
51 52 
52 53 
53 54 
54 55 
55 56 
56 57 
57 58 
58 59 
59 60 
60 61 
61 62 
62 63 
63 64 
64 65 
65 66 
66 67 
67 68 
68 69 
69 70 
70 71 
71 72 
72 73 
73 74 
74 75 
75 76 
76 77 
77 78 
78 79 
79 80 
80 81 
81 82 
82 83 
83 84 
84 85 
85 86 
86 87 
87 88 
88 89 
89 90 
90 91 
91 92 
92 93 
93 94 
94 95 
95 96 
96 97 
97 98 
98 99 
99 100 
100 101 
101 102 
102 103 
103 104 
104 105 
105 106 
106 107 
107 108 
108 109 
109 110 
110 111 
111 112 
112 113 
113 114 
114 115 
115 116 
116 117 
117 118 
118 119 
119 120 
120 121 
121 122 
122 123 
123 124 
124 125 
125 126 
126 127 
127 128 
128 129 
129 130 
130 131 
131 132 
132 133 
133 134 
134 135 
135 136 
136 137 
137 138 
138 139 
139 140 
140 141 
141 142 
142 143 
143 144 
144 145 
145 146 
146 147 
147 148 
148 149 
149 150 
150 151 
151 152 
152 153 
153 154 
154 155 
155 156 
156 157 
157 158 
158 159 
159 160 
160 161 
161 162 
162 163 
163 164 
164 165 
165 166 
166 167 
167 168 
168 169 
169 170 
170 171 
171 172 
172 173 
173 174 
174 175 
175 176 
176 177 
177 178 
178 179 
179 180 
180 181 
181 182 
182 183 
183 184 
184 185 
185 186 
186 187 
187 188 
188 189 
189 190 
190 191 
191 192 
192 193 
193 194 
194 195 
195 196 
196 197 
197 198 
198 199 
199 200 
200 201 
201 202 
202 203 
203 204 
204 205 
205 206 
206 207 
207 208 
208 209 
209 210 
210 211 
211 212 
212 213 
213 214 
214 215 
215 216 
216 217 
217 218 
218 219 
219 220 
220 221 
221 222 
222 223 
223 224 
224 225 
225 226 
226 227 
227 228 
228 229 
229 230 
230 231 
231 232 
232 233 
233 234 
234 235 
235 236 
236 237 
237 238 
238 239 
239 240 
240 241 
241 242 
242 243 
243 244 
244 245 
245 246 
246 247 
247 248 
248 249 
249 250 
250 251 
251 252 
252 253 
253 254 
254 255 
255 256 
256 257 
257 258 
258 259 
259 260 
260 261 
261 262 
262 263 
263 264 
264 265 
265 266 
266 267 
267 268 
268 269 
269 270 
270 271 
271 272 
272 273 
273 274 
274 275 
275 276 
276 277 
277 278 
278 279 
279 280 
280 281 
281 282 
282 283 
283 284 
284 285 
285 286 
286 287 
287 288 
288 289 
289 290 
290 291 
291 292 
292 293 
293 294 
294 295 
295 296 
296 297 
297 298 
298 299 
299 300 
300 301 
301 302 
302 303 
303 304 
304 305 
305 306 
306 307 
307 308 
308 309 
309 310 
310 311 
311 312 
312 313 
313 314 
314 315 
315 316 
316 317 
317 318 
318 319 
319 320 
320 321 
321 322 
322 323 
323 324 
324 325 
325 326 
326 327 
327 328 
328 329 
329 330 
330 331 
331 332 
332 333 
333 334 
334 335 
335 336 
336 337 
337 338 
338 339 
339 340 
340 341 
341 342 
342 343 
343 344 
344 345 
345 346 
346 347 
347 348 
348 349 
349 350 
350 351 
351 352 
352 353 
353 354 
354 355 
355 356 
356 357 
357 358 
358 359 
359 360 
360 361 
361 362 
362 363 
363 364 
364 365 
365 366 
366 367 
367 368 
368 369 
369 370 
370 371 
371 372 
372 373 
373 374 
374 375 
375 376 
376 377 
377 378 
378 379 
379 380 
380 381 
381 382 
382 383 
383 384 
ZONE T="Slice: Y=-0.035"
STRANDID=0, SOLUTIONTIME=0
Nodes=290, Elements=289, ZONETYPE=FELineSeg
DATAPACKING=POINT
DT=(DOUBLE DOUBLE DOUBLE DOUBLE DOUBLE )
0.1569850100	-0.0349999520	0.0443862230	0.0027448954	-0.0543172470
0.1683802800	-0.0349999520	0.0429240200	0.0026806705	-0.0436588080
0.1766132000	-0.0349999520	0.0418504550	0.0026335748	-0.0360098150
0.1961416800	-0.0349999520	0.0392107370	0.0025305931	-0.0181352420
0.1990482400	-0.0349999520	0.0388151710	0.0025166071	-0.0154945590
0.2018555300	-0.0349999520	0.0384196900	0.0025046856	-0.0129649620
0.2218945200	-0.0349999520	0.0355806460	0.0024267725	0.0049930885
0.2313926400	-0.0349999520	0.0341905910	0.0023818591	0.0134864450
0.2451449900	-0.0349999520	0.0321552530	0.0023177416	0.0256096810
0.2673247800	-0.0349999520	0.0287688860	0.0022247227	0.0446045100
0.2680936200	-0.0349999520	0.0286521040	0.0022213535	0.0452730020
0.2686359300	-0.0349999520	0.0285673640	0.0022191109	0.0457303230
0.2915012500	-0.0349999520	0.0249546170	0.0021259715	0.0651440400
0.2992659800	-0.0349999520	0.0237030960	0.0020959300	0.0715577680
0.3167935000	-0.0349999520	0.0208337850	0.0020275988	0.0860438640
0.3272216900	-0.0349999520	0.0191018900	0.0019885471	0.0945170820
0.3466834100	-0.0349999520	0.0158016590	0.0019134556	0.1099314800
0.3551696500	-0.0349999520	0.0143556610	0.0018818632	0.1166236000
0.3646923900	-0.0349999520	0.0126965040	0.0018481356	0.1239630200
0.3830595900	-0.0349999520	0.0094749825	0.0017847395	0.1381803200
0.3976174900	-0.0349999520	0.0068774489	0.0017356764	0.1494264900
0.4110009700	-0.0349999520	0.0044576917	0.0016936758	0.1596224000
0.4253649700	-0.0349999520	0.0018308178	0.0016452854	0.1704552600
0.4386169300	-0.0349999520	-0.0006284320	0.0015945242	0.1802712200
0.4560317400	-0.0349999520	-0.0038845602	0.0015339998	0.1930706800
0.4781211600	-0.0349999520	-0.0081058787	0.0014637768	0.2092405100
0.4911303500	-0.0349999520	-0.0106113540	0.0014260439	0.2187945100
0.5214488500	-0.0349999520	-0.0165631010	0.0013247026	0.2408448800
0.5342006100	-0.0349999520	-0.0191134140	0.0012855567	0.2502068300
0.5619486600	-0.0349999520	-0.0247257780	0.0011896097	0.2703717900
0.5795160500	-0.0349999520	-0.0283533150	0.0011310338	0.2836325500
0.5963714100	-0.0349999520	-0.0318556020	0.0010711926	0.2963347700
0.6239954800	-0.0349999520	-0.0377236750	0.0009599089	0.3188466400
0.6289697300	-0.0349999520	-0.0387777050	0.0009399837	0.3227887700
0.6311621700	-0.0349999520	-0.0392512640	0.0009303006	0.3246559200
0.6662242400	-0.0349999520	-0.0468996540	0.0007581306	0.3555745800
0.6697753100	-0.0349999520	-0.0476846690	0.0007387754	0.3588490200
0.6860109600	-0.0349999520	-0.0513239840	0.0006420713	0.3753588500
0.6977133800	-0.0349999520	-0.0539438280	0.0005738460	0.3870385000
0.6995324500	-0.0349999520	-0.0543558040	0.0005630195	0.3889309500
0.7022987000	-0.0349999520	-0.0549876540	0.0005416170	0.3919807700
0.7154911200	-0.0349999520	-0.0579986270	0.0004539978	0.4062453500
0.7250962300	-0.0349999520	-0.0602152200	0.0003744114	0.4181986500
0.7260779100	-0.0349999520	-0.0604416280	0.0003681354	0.4194127300
0.7266538100	-0.0349999520	-0.0605753060	0.0003626584	0.4200919600
0.7354165300	-0.0349999520	-0.0626141730	0.0002788154	0.4314020000
0.7367231200	-0.0349999520	-0.0629195570	0.0002583949	0.4333013300
0.7402703800	-0.0349999520	-0.0637501550	0.0002016380	0.4384227100
0.7420463000	-0.0349999520	-0.0641666800	0.0001835688	0.4409509600
0.7448219700	-0.0349999520	-0.0648192610	0.0003338765	0.4448477300
0.7449694900	-0.0349999520	-0.0648539660	0.0003447605	0.4450365000
0.7451789400	-0.0349999520	-0.0649033260	0.0004103159	0.4450976600
0.7471460100	-0.0349999520	-0.0653668050	0.0009500488	0.4461334600
0.7453872000	-0.0349999520	-0.0654669480	0.0009024918	0.4427511100
0.7449792000	-0.0349999520	-0.0654901860	0.0008907367	0.4420483700
0.7446042900	-0.0349999520	-0.0655113830	0.0008755039	0.4411372800
0.7421543000	-0.0349999520	-0.0656497250	0.0008040167	0.4347631900
0.7371015500	-0.0349999520	-0.0659314690	0.0009218113	0.4252186100
0.7370824200	-0.0349999520	-0.0659325350	0.0009222424	0.4251821600
0.7370516700	-0.0349999520	-0.0659342110	0.0009227471	0.4251283400
0.7307213500	-0.0349999520	-0.0662805140	0.0010192391	0.4141159100
0.7257020500	-0.0349999520	-0.0665491740	0.0010801856	0.4067848300
0.7194857600	-0.0349999520	-0.0668775440	0.0011445263	0.3987191900
0.7104213800	-0.0349999520	-0.0673435480	0.0012317775	0.3872367100
0.7091487100	-0.0349999520	-0.0674079880	0.0012415780	0.3857457600
0.6908507300	-0.0349999520	-0.0683021840	0.0013618695	0.3683055600
0.6903250200	-0.0349999520	-0.0683267790	0.0013652592	0.3678145100
0.6602237200	-0.0349999520	-0.0696737620	0.0015094972	0.3446350100
0.6569215100	-0.0349999520	-0.0698138550	0.0015239210	0.3423254500
0.6451312900	-0.0349999520	-0.0702680130	0.0015703592	0.3349821300
0.6184116000	-0.0349999520	-0.0713121220	0.0016742202	0.3178424200
0.6079086100	-0.0349999520	-0.0716748540	0.0017083523	0.3122047800
0.5722663400	-0.0349999520	-0.0728164320	0.0018137340	0.2944459900
0.5639061300	-0.0349999520	-0.0730586050	0.0018373537	0.2905393200
0.5235260100	-0.0349999520	-0.0740740000	0.0019389555	0.2729642400
0.5201602000	-0.0349999520	-0.0741597120	0.0019469172	0.2714859500
0.5195564000	-0.0349999520	-0.0741731900	0.0019483313	0.2712350500
0.4781944500	-0.0349999520	-0.0749608950	0.0020615744	0.2550436000
0.4760912400	-0.0349999520	-0.0749940350	0.0020675617	0.2542805700
0.4464419200	-0.0349999520	-0.0753996890	0.0021378014	0.2439492500
0.4401642400	-0.0349999520	-0.0754708130	0.0021507528	0.2418428400
0.4142853300	-0.0349999520	-0.0756963860	0.0022083122	0.2335905900
0.4053138500	-0.0349999520	-0.0757521090	0.0022271757	0.2308197000
0.3802497100	-0.0349999520	-0.0758409050	0.0022791425	0.2234843400
0.3669764400	-0.0349999520	-0.0758478790	0.0023067998	0.2198163000
0.3456646500	-0.0349999520	-0.0758010600	0.0023530640	0.2141790100
0.3342187400	-0.0349999520	-0.0757430200	0.0023774391	0.2113093600
0.3167374100	-0.0349999520	-0.0756120010	0.0024116837	0.2071965000
0.3037078700	-0.0349999520	-0.0754754770	0.0024380421	0.2043970800
0.2891826300	-0.0349999520	-0.0752899720	0.0024674210	0.2013979400
0.2731417100	-0.0349999520	-0.0750309230	0.0025002672	0.1983089600
0.2616437100	-0.0349999520	-0.0748202650	0.0025202879	0.1962695400
0.2390262800	-0.0349999520	-0.0743123070	0.0025562655	0.1928048300
0.2345022900	-0.0349999520	-0.0742026720	0.0025634540	0.1921600800
0.2273576700	-0.0349999520	-0.0740004550	0.0025765675	0.1912332000
0.2127211800	-0.0349999520	-0.0735835660	0.0025984348	0.1894205200
0.2002043900	-0.0349999520	-0.0731764880	0.0026168012	0.1882139600
0.1840582200	-0.0349999520	-0.0725821330	0.0026436373	0.1868721200
0.1785373800	-0.0349999520	-0.0723752380	0.0026529722	0.1863865100
0.1589870000	-0.0349999520	-0.0715411530	0.0026785044	0.1851503600
0.1519635500	-0.0349999520	-0.0712124560	0.0026881399	0.1848911600
0.1367889000	-0.0349999520	-0.0704615790	0.0027044523	0.1846309300
0.1207856400	-0.0349999520	-0.0695817470	0.0027331775	0.1847513500
0.1167629100	-0.0349999520	-0.0693545790	0.0027405805	0.1848371200
0.1123824900	-0.0349999520	-0.0690841530	0.0027512054	0.1850821800
0.0997490730	-0.0349999520	-0.0683052690	0.0027740777	0.1858079600
0.0883222670	-0.0349999520	-0.0675339700	0.0027894473	0.1868151100
0.0814697670	-0.0349999520	-0.0670569460	0.0028007435	0.1874052600
0.0678630550	-0.0349999520	-0.0660431390	0.0028232523	0.1888113300
0.0605346230	-0.0349999520	-0.0654664930	0.0028360129	0.1898063300
0.0488764050	-0.0349999520	-0.0645034310	0.0028510214	0.1916481000
0.0398407390	-0.0349999520	-0.0637106450	0.0028668682	0.1932512500
0.0310886200	-0.0349999520	-0.0629126730	0.0028763423	0.1950638600
0.0199537040	-0.0349999520	-0.0618365000	0.0028836005	0.1976152200
0.0128135930	-0.0349999520	-0.0611184200	0.0028981058	0.1994630200
0.0034683864	-0.0349999520	-0.0601333420	0.0029147038	0.2019731000
-0.0005540778	-0.0349999520	-0.0596940890	0.0029226880	0.2032303200
-0.0082136989	-0.0349999520	-0.0588351040	0.0029536166	0.2061398800
-0.0156416800	-0.0349999520	-0.0579570050	0.0029631984	0.2088303000
-0.0212147660	-0.0349999520	-0.0572942610	0.0029637003	0.2106830500
-0.0273944230	-0.0349999520	-0.0565099080	0.0029714979	0.2132937900
-0.0357848410	-0.0349999520	-0.0554393940	0.0029874228	0.2168952200
-0.0441197940	-0.0349999520	-0.0542991650	0.0030048083	0.2209108000
-0.0486888400	-0.0349999520	-0.0536761690	0.0030144371	0.2231261400
-0.0520335580	-0.0349999520	-0.0531877090	0.0030167173	0.2249970900
-0.0614068210	-0.0349999520	-0.0518181060	0.0030249827	0.2304365300
-0.0725575830	-0.0349999520	-0.0500728300	0.0030156131	0.2377454900
-0.0748102070	-0.0349999520	-0.0497197880	0.0030153187	0.2392203100
-0.0773198830	-0.0349999520	-0.0492928100	0.0030140598	0.2411184500
-0.0901957970	-0.0349999520	-0.0471150320	0.0030030584	0.2507618700
-0.0971120520	-0.0349999520	-0.0458635200	0.0030541743	0.2564568500
-0.1065354900	-0.0349999520	-0.0440850700	0.0030678136	0.2649494700
-0.1108167200	-0.0349999520	-0.0432596170	0.0030614017	0.2690155500
-0.1155126600	-0.0349999520	-0.0422928970	0.0030519232	0.2741324900
-0.1244679500	-0.0349999520	-0.0404369830	0.0030328768	0.2842661400
-0.1343320600	-0.0349999520	-0.0382424220	0.0030288575	0.2974856800
-0.1401450500	-0.0349999520	-0.0368791560	0.0030283583	0.3058602200
-0.1480100600	-0.0349999520	-0.0349762220	0.0030080635	0.3182809400
-0.1627192100	-0.0349999520	-0.0310996830	0.0029729619	0.3447624100
-0.1627377100	-0.0349999520	-0.0310948570	0.0029729236	0.3447950200
-0.1627439300	-0.0349999520	-0.0310931090	0.0029728664	0.3448079500
-0.1627890800	-0.0349999520	-0.0310797410	0.0029726515	0.3449119000
-0.1769693000	-0.0349999520	-0.0269030160	0.0029083245	0.3775767400
-0.1796152300	-0.0349999520	-0.0260610690	0.0028866994	0.3848872200
-0.1880601300	-0.0349999520	-0.0232698150	0.0028236093	0.4106506100
-0.1923668700	-0.0349999520	-0.0217436890	0.0027812928	0.4259873000
-0.1974210700	-0.0349999520	-0.0198920850	0.0027307248	0.4451897100
-0.2044066200	-0.0349999520	-0.0171204820	0.0026195721	0.4769476400
-0.2060096000	-0.0349999520	-0.0164745470	0.0025914241	0.4847828400
-0.2071463800	-0.0349999520	-0.0159748900	0.0025728902	0.4913205500
-0.2135791500	-0.0349999520	-0.0131310360	0.0024685111	0.5289360300
-0.2151683600	-0.0349999520	-0.0123655270	0.0024346441	0.5399792800
-0.2189665300	-0.0349999520	-0.0105102270	0.0023430271	0.5675287800
-0.2211101800	-0.0349999520	-0.0093853539	0.0022832899	0.5859925700
-0.2231655100	-0.0349999520	-0.0082921544	0.0022368725	0.6039754200
-0.2260863600	-0.0349999520	-0.0066305739	0.0021619710	0.6326751100
-0.2264944800	-0.0349999520	-0.0063964967	0.0021527635	0.6368117300
-0.2271180600	-0.0349999520	-0.0060151140	0.0021304597	0.6441140200
-0.2292679300	-0.0349999520	-0.0047029564	0.0020645150	0.6698384900
-0.2306242600	-0.0349999520	-0.0038170023	0.0020166836	0.6880350700
-0.2318615500	-0.0349999520	-0.0030070667	0.0019767275	0.7049595100
-0.2334419900	-0.0349999520	-0.0018965041	0.0019236534	0.7289952600
-0.2341314300	-0.0349999520	-0.0014120400	0.0018995574	0.7397471100
-0.2346513000	-0.0349999520	-0.0010215205	0.0018890357	0.7486194400
-0.2359201600	-0.0349999520	-0.0000651526	0.0018478126	0.7703256000
-0.2372869000	-0.0349999520	0.0010304578	0.0017742254	0.7962244700
-0.2375830100	-0.0349999520	0.0012712451	0.0017588037	0.8019074200
-0.2382364400	-0.0349999520	0.0018381806	0.0017129855	0.8156481400
-0.2392910600	-0.0349999520	0.0027479981	0.0016359035	0.8375879500
-0.2396927500	-0.0349999520	0.0031210866	0.0016004007	0.8467286800
-0.2409825800	-0.0349999520	0.0043452997	0.0014741142	0.8766063500
-0.2420193600	-0.0349999520	0.0054234769	0.0013326088	0.9021949200
-0.2426502700	-0.0349999520	0.0060945172	0.0012382170	0.9177546500
-0.2442521900	-0.0349999520	0.0080031389	0.0009186745	0.9576092400
-0.2443030900	-0.0349999520	0.0080654863	0.0009077623	0.9588510400
-0.2444320600	-0.0349999520	0.0082489401	0.0008721773	0.9616397000
-0.2458084400	-0.0349999520	0.0101877160	0.0004959737	0.9915975300
-0.2462398600	-0.0349999520	0.0109156750	0.0003407117	0.9971742600
-0.2470123300	-0.0349999520	0.0122730140	0.0000537371	1.0050434000
-0.2477779100	-0.0349999520	0.0139657110	-0.0002307820	0.9935439200
-0.2479196800	-0.0349999520	0.0142907980	-0.0002837363	0.9906245500
-0.2480793300	-0.0349999520	0.0147733500	-0.0003378869	0.9799517400
-0.2485232100	-0.0349999520	0.0161285270	-0.0004810112	0.9477633800
-0.2488321200	-0.0349999520	0.0174985030	-0.0005063347	0.8939051600
-0.2489115000	-0.0349999520	0.0180303940	-0.0004509309	0.8667749200
-0.2490714600	-0.0349999520	0.0193710770	-0.0002331362	0.7904641600
-0.2490652800	-0.0349999520	0.0214768540	0.0004482578	0.6325946500
-0.2490653700	-0.0349999520	0.0215818470	0.0004818313	0.6247521000
-0.2490540600	-0.0349999520	0.0216618500	0.0005199649	0.6174311000
-0.2487626400	-0.0349999520	0.0236905870	0.0014897963	0.4309746000
-0.2482454500	-0.0349999520	0.0255344040	0.0025168733	0.2456410400
-0.2482139300	-0.0349999520	0.0256467780	0.0025793481	0.2343610500
-0.2481724500	-0.0349999520	0.0257462970	0.0026339408	0.2243740700
-0.2474646700	-0.0349999520	0.0274483230	0.0035641872	0.0536580760
-0.2466299800	-0.0349999520	0.0289693850	0.0042896741	-0.0880171880
-0.2465371800	-0.0349999520	0.0291380620	0.0043691146	-0.1035810900
-0.2463886000	-0.0349999520	0.0293523780	0.0044455324	-0.1200156100
-0.2453052800	-0.0349999520	0.0309232830	0.0050226156	-0.2411502500
-0.2443402900	-0.0349999520	0.0320670160	0.0053241044	-0.3123582300
-0.2438121100	-0.0349999520	0.0326874780	0.0054937719	-0.3510647100
-0.2432471400	-0.0349999520	0.0332457350	0.0056322745	-0.3775306900
-0.2420792900	-0.0349999520	0.0344006120	0.0058837781	-0.4312834400
-0.2403898200	-0.0349999520	0.0358447620	0.0062913047	-0.4809987500
-0.2403806400	-0.0349999520	0.0358523430	0.0062930056	-0.4812434600
-0.2402560100	-0.0349999520	0.0359474160	0.0063069508	-0.4838966700
-0.2388822700	-0.0349999520	0.0369963570	0.0064526913	-0.5130206900
-0.2387756400	-0.0349999520	0.0370718090	0.0064506311	-0.5144791600
-0.2376358500	-0.0349999520	0.0378702360	0.0063994709	-0.5281806600
-0.2366032000	-0.0349999520	0.0385409970	0.0063930471	-0.5369068400
-0.2360765300	-0.0349999520	0.0388817120	0.0064101274	-0.5411523600
-0.2351372700	-0.0349999520	0.0394441370	0.0064312110	-0.5458431200
-0.2344127000	-0.0349999520	0.0398790350	0.0064652348	-0.5491320500
-0.2339698400	-0.0349999520	0.0401259400	0.0064855408	-0.5505548100
-0.2326109600	-0.0349999520	0.0408801440	0.0064900829	-0.5539618700
-0.2306796500	-0.0349999520	0.0418681060	0.0064414358	-0.5561427500
-0.2303202300	-0.0349999520	0.0420519260	0.0064415562	-0.5565367900
-0.2300167800	-0.0349999520	0.0421961620	0.0064494480	-0.5564495300
-0.2278042600	-0.0349999520	0.0432270770	0.0064357572	-0.5541111200
-0.2271309200	-0.0349999520	0.0435257740	0.0064276022	-0.5530566600
-0.2250045200	-0.0349999520	0.0444256250	0.0063769564	-0.5483182700
-0.2244659500	-0.0349999520	0.0446476150	0.0063738309	-0.5467269400
-0.2228819700	-0.0349999520	0.0452612150	0.0063081508	-0.5438599600
-0.2217327400	-0.0349999520	0.0457086820	0.0062909501	-0.5412210800
-0.2212327600	-0.0349999520	0.0458899590	0.0062886171	-0.5400146200
-0.2185349300	-0.0349999520	0.0468488190	0.0062469039	-0.5319950000
-0.2169152600	-0.0349999520	0.0473885280	0.0061769315	-0.5271344800
-0.2142289600	-0.0349999520	0.0482425690	0.0061186051	-0.5184478200
-0.2117446200	-0.0349999520	0.0489848220	0.0060392810	-0.5105585500
-0.2092141500	-0.0349999520	0.0497006510	0.0059705648	-0.5030347700
-0.2059184200	-0.0349999520	0.0505720750	0.0058979385	-0.4935499700
-0.2038818300	-0.0349999520	0.0510848690	0.0058746525	-0.4873594900
-0.1986919500	-0.0349999520	0.0522906300	0.0057403963	-0.4734636500
-0.1981526900	-0.0349999520	0.0524126110	0.0057185566	-0.4719964600
-0.1966616700	-0.0349999520	0.0527143850	0.0056813423	-0.4684587400
-0.1911999900	-0.0349999520	0.0538294090	0.0055387297	-0.4547271100
-0.1891169000	-0.0349999520	0.0542130280	0.0054973766	-0.4501449200
-0.1830359400	-0.0349999520	0.0552728880	0.0053837828	-0.4359777300
-0.1792238700	-0.0349999520	0.0558710810	0.0053042841	-0.4281394800
-0.1737767500	-0.0349999520	0.0566672120	0.0052104374	-0.4170985500
-0.1687837500	-0.0349999520	0.0573283430	0.0051481364	-0.4077105800
-0.1639082400	-0.0349999520	0.0579135680	0.0050890479	-0.3988582800
-0.1594837500	-0.0349999520	0.0584110130	0.0050247662	-0.3913124500
-0.1514997200	-0.0349999520	0.0591897780	0.0049147733	-0.3785538100
-0.1501866300	-0.0349999520	0.0593154280	0.0048963520	-0.3764852900
-0.1487206700	-0.0349999520	0.0594349350	0.0048766450	-0.3743594600
-0.1403480800	-0.0349999520	0.0600986260	0.0047463431	-0.3616697800
-0.1353226300	-0.0349999520	0.0604426600	0.0047018066	-0.3551686400
-0.1258971400	-0.0349999520	0.0609760250	0.0045667006	-0.3424207300
-0.1245837500	-0.0349999520	0.0610497780	0.0045512400	-0.3406401000
-0.1214929200	-0.0349999520	0.0611782260	0.0045373547	-0.3368760000
-0.1137091700	-0.0349999520	0.0615060700	0.0044855850	-0.3272047600
-0.1100931500	-0.0349999520	0.0616127070	0.0044486465	-0.3229099200
-0.1030518600	-0.0349999520	0.0618140960	0.0043514215	-0.3142605100
-0.0927287790	-0.0349999520	0.0619799350	0.0042563472	-0.3027630200
-0.0906473850	-0.0349999520	0.0620145610	0.0042373407	-0.3004074100
-0.0895074080	-0.0349999520	0.0620218660	0.0042289603	-0.2991264500
-0.0779552160	-0.0349999520	0.0620557290	0.0041260172	-0.2860629600
-0.0754265860	-0.0349999520	0.0620510730	0.0040983643	-0.2834266400
-0.0726228880	-0.0349999520	0.0620260050	0.0040738055	-0.2804505800
-0.0640492220	-0.0349999520	0.0619390980	0.0040121576	-0.2712197900
-0.0592426730	-0.0349999520	0.0618580620	0.0039751650	-0.2661535400
-0.0523797570	-0.0349999520	0.0617109720	0.0039184846	-0.2589953500
-0.0471522060	-0.0349999520	0.0615790560	0.0038701112	-0.2534022900
-0.0371828380	-0.0349999520	0.0612539610	0.0037836156	-0.2429585900
-0.0339976590	-0.0349999520	0.0611489750	0.0037568564	-0.2396959400
-0.0311293010	-0.0349999520	0.0610361290	0.0037369389	-0.2368028200
-0.0212060120	-0.0349999520	0.0606127900	0.0036847848	-0.2268278000
-0.0193265170	-0.0349999520	0.0605255370	0.0036725591	-0.2249812200
-0.0113508800	-0.0349999520	0.0601282230	0.0036264933	-0.2176185700
-0.0087066740	-0.0349999520	0.0599857310	0.0036086716	-0.2149749400
-0.0014885933	-0.0349999520	0.0595822740	0.0035515949	-0.2074574200
0.0054843691	-0.0349999520	0.0591572970	0.0035082270	-0.2005085600
0.0110961330	-0.0349999520	0.0588011370	0.0034805220	-0.1948677700
0.0196073410	-0.0349999520	0.0582230130	0.0034386248	-0.1864897600
0.0241897270	-0.0349999520	0.0578958690	0.0034122900	-0.1818579400
0.0333836000	-0.0349999520	0.0572073760	0.0033670093	-0.1727102500
0.0376273580	-0.0349999520	0.0568739100	0.0033429991	-0.1684704300
0.0470709610	-0.0349999520	0.0561028940	0.0032978535	-0.1591114100
0.0517604430	-0.0349999520	0.0557029400	0.0032753729	-0.1545242500
0.0616041050	-0.0349999520	0.0548331770	0.0032272834	-0.1448922600
0.0667990220	-0.0349999520	0.0543551560	0.0032006143	-0.1398005200
0.0770858600	-0.0349999520	0.0533764810	0.0031480432	-0.1298108700
0.0829620360	-0.0349999520	0.0527959690	0.0031169223	-0.1239420900
0.0947626530	-0.0349999520	0.0515896340	0.0030511909	-0.1124294600
0.1033180600	-0.0349999520	0.0506802350	0.0030111153	-0.1043636200
0.1170519400	-0.0349999520	0.0491657520	0.0029463513	-0.0913434920
0.1245166800	-0.0349999520	0.0483125780	0.0029107976	-0.0843441780
0.1374893800	-0.0349999520	0.0467864310	0.0028416931	-0.0722936090
0.1456389300	-0.0349999520	0.0457958240	0.0028003976	-0.0647626740
0.1569850100	-0.0349999520	0.0443862230	0.0027448954	-0.0543172470
1 2 
2 3 
3 4 
4 5 
5 6 
6 7 
7 8 
8 9 
9 10 
10 11 
11 12 
12 13 
13 14 
14 15 
15 16 
16 17 
17 18 
18 19 
19 20 
20 21 
21 22 
22 23 
23 24 
24 25 
25 26 
26 27 
27 28 
28 29 
29 30 
30 31 
31 32 
32 33 
33 34 
34 35 
35 36 
36 37 
37 38 
38 39 
39 40 
40 41 
41 42 
42 43 
43 44 
44 45 
45 46 
46 47 
47 48 
48 49 
49 50 
50 51 
51 52 
52 53 
53 54 
54 55 
55 56 
56 57 
57 58 
58 59 
59 60 
60 61 
61 62 
62 63 
63 64 
64 65 
65 66 
66 67 
67 68 
68 69 
69 70 
70 71 
71 72 
72 73 
73 74 
74 75 
75 76 
76 77 
77 78 
78 79 
79 80 
80 81 
81 82 
82 83 
83 84 
84 85 
85 86 
86 87 
87 88 
88 89 
89 90 
90 91 
91 92 
92 93 
93 94 
94 95 
95 96 
96 97 
97 98 
98 99 
99 100 
100 101 
101 102 
102 103 
103 104 
104 105 
105 106 
106 107 
107 108 
108 109 
109 110 
110 111 
111 112 
112 113 
113 114 
114 115 
115 116 
116 117 
117 118 
118 119 
119 120 
120 121 
121 122 
122 123 
123 124 
124 125 
125 126 
126 127 
127 128 
128 129 
129 130 
130 131 
131 132 
132 133 
133 134 
134 135 
135 136 
136 137 
137 138 
138 139 
139 140 
140 141 
141 142 
142 143 
143 144 
144 145 
145 146 
146 147 
147 148 
148 149 
149 150 
150 151 
151 152 
152 153 
153 154 
154 155 
155 156 
156 157 
157 158 
158 159 
159 160 
160 161 
161 162 
162 163 
163 164 
164 165 
165 166 
166 167 
167 168 
168 169 
169 170 
170 171 
171 172 
172 173 
173 174 
174 175 
175 176 
176 177 
177 178 
178 179 
179 180 
180 181 
181 182 
182 183 
183 184 
184 185 
185 186 
186 187 
187 188 
188 189 
189 190 
190 191 
191 192 
192 193 
193 194 
194 195 
195 196 
196 197 
197 198 
198 199 
199 200 
200 201 
201 202 
202 203 
203 204 
204 205 
205 206 
206 207 
207 208 
208 209 
209 210 
210 211 
211 212 
212 213 
213 214 
214 215 
215 216 
216 217 
217 218 
218 219 
219 220 
220 221 
221 222 
222 223 
223 224 
224 225 
225 226 
226 227 
227 228 
228 229 
229 230 
230 231 
231 232 
232 233 
233 234 
234 235 
235 236 
236 237 
237 238 
238 239 
239 240 
240 241 
241 242 
242 243 
243 244 
244 245 
245 246 
246 247 
247 248 
248 249 
249 250 
250 251 
251 252 
252 253 
253 254 
254 255 
255 256 
256 257 
257 258 
258 259 
259 260 
260 261 
261 262 
262 263 
263 264 
264 265 
265 266 
266 267 
267 268 
268 269 
269 270 
270 271 
271 272 
272 273 
273 274 
274 275 
275 276 
276 277 
277 278 
278 279 
279 280 
280 281 
281 282 
282 283 
283 284 
284 285 
285 286 
286 287 
287 288 
288 289 
289 290 
ZONE T="Slice: Y=-0.73"
STRANDID=0, SOLUTIONTIME=0
Nodes=337, Elements=336, ZONETYPE=FELineSeg
DATAPACKING=POINT
DT=(DOUBLE DOUBLE DOUBLE DOUBLE DOUBLE )
0.1748914100	-0.7299999600	0.0420783830	0.0025818608	0.0680189880
0.1948831700	-0.7299999600	0.0393892680	0.0025101386	0.0775745440
0.1961625400	-0.7299999600	0.0392118360	0.0025065303	0.0782109500
0.2152512800	-0.7299999600	0.0365360530	0.0024328177	0.0868575800
0.2192386800	-0.7299999600	0.0359576750	0.0024199676	0.0887205900
0.2340262400	-0.7299999600	0.0338111630	0.0023616680	0.0950704070
0.2493188400	-0.7299999600	0.0315245580	0.0023095715	0.1014629100
0.2547165500	-0.7299999600	0.0307067970	0.0022935226	0.1038474000
0.2752295100	-0.7299999600	0.0275364820	0.0022273282	0.1119294600
0.2803739600	-0.7299999600	0.0267239680	0.0022129860	0.1140382200
0.3003922100	-0.7299999600	0.0235226940	0.0021548141	0.1209181200
0.3104479300	-0.7299999600	0.0218760150	0.0021305560	0.1245714400
0.3236480100	-0.7299999600	0.0197007600	0.0020917911	0.1285938300
0.3440561300	-0.7299999600	0.0162376590	0.0020345185	0.1339829300
0.3538440500	-0.7299999600	0.0145825830	0.0020053431	0.1366590400
0.3584648400	-0.7299999600	0.0137826660	0.0020010793	0.1381068400
0.3759481600	-0.7299999600	0.0107129740	0.0019947169	0.1417949200
0.3877129900	-0.7299999600	0.0086519783	0.0019867246	0.1442053600
0.3911756600	-0.7299999600	0.0080323704	0.0019845989	0.1445616900
0.4123585200	-0.7299999600	0.0042144107	0.0019834964	0.1474571500
0.4145262200	-0.7299999600	0.0038193692	0.0019829779	0.1475669900
0.4219560900	-0.7299999600	0.0024521139	0.0019888361	0.1479465200
0.4336843800	-0.7299999600	0.0002964304	0.0019939092	0.1486534600
0.4367027600	-0.7299999600	-0.0002644097	0.0019982671	0.1488749700
0.4512166100	-0.7299999600	-0.0029786171	0.0020215472	0.1488646600
0.4584329100	-0.7299999600	-0.0043399250	0.0020370459	0.1485964400
0.4685259200	-0.7299999600	-0.0062570954	0.0020590571	0.1473134500
0.4773295800	-0.7299999600	-0.0079420405	0.0020839934	0.1462522400
0.4847261900	-0.7299999600	-0.0093659693	0.0021093419	0.1448095900
0.4931736900	-0.7299999600	-0.0110026610	0.0021431354	0.1430327100
0.4979114200	-0.7299999600	-0.0119258030	0.0021622458	0.1416223900
0.5056637500	-0.7299999600	-0.0134421620	0.0021891859	0.1397081800
0.5133934000	-0.7299999600	-0.0149639990	0.0022320067	0.1368371200
0.5192081300	-0.7299999600	-0.0161155570	0.0022561733	0.1348642400
0.5277644400	-0.7299999600	-0.0178152010	0.0022900238	0.1314684300
0.5428763600	-0.7299999600	-0.0208512990	0.0023669365	0.1234524500
0.5465474700	-0.7299999600	-0.0215889980	0.0023862305	0.1219054300
0.5493703500	-0.7299999600	-0.0221632270	0.0024083454	0.1199659800
0.5663101100	-0.7299999600	-0.0256168490	0.0025315596	0.1087496300
0.5698599800	-0.7299999600	-0.0263469680	0.0025547455	0.1062833700
0.5875124300	-0.7299999600	-0.0300020540	0.0026929584	0.0913205670
0.5875794300	-0.7299999600	-0.0300160260	0.0026934217	0.0912640020
0.5877555000	-0.7299999600	-0.0300529790	0.0026947623	0.0910809930
0.6038359400	-0.7299999600	-0.0334256660	0.0027998638	0.0762780760
0.6195619100	-0.7299999600	-0.0367651580	0.0029181045	0.0589708950
0.6215681400	-0.7299999600	-0.0371908250	0.0029309824	0.0571084990
0.6336166300	-0.7299999600	-0.0397858280	0.0030132215	0.0430971940
0.6417766200	-0.7299999600	-0.0415429810	0.0030659848	0.0339281560
0.6428942100	-0.7299999600	-0.0417867410	0.0030737882	0.0324558910
0.6599974600	-0.7299999600	-0.0455239600	0.0031679353	0.0128844080
0.6639348900	-0.7299999600	-0.0463954510	0.0031870704	0.0079853255
0.6768248700	-0.7299999600	-0.0492498090	0.0032200864	-0.0027966551
0.6859741200	-0.7299999600	-0.0512984730	0.0032419396	-0.0120138020
0.6891621900	-0.7299999600	-0.0520124320	0.0032434154	-0.0139438270
0.6935012900	-0.7299999600	-0.0529924780	0.0032281230	-0.0144678240
0.6988524200	-0.7299999600	-0.0542010660	0.0032071388	-0.0146867250
0.7026624100	-0.7299999600	-0.0550680270	0.0031727492	-0.0130340740
0.7077694500	-0.7299999600	-0.0562299830	0.0031095717	-0.0083011976
0.7131261200	-0.7299999600	-0.0574566830	0.0030203285	-0.0011881859
0.7150522500	-0.7299999600	-0.0578977990	0.0029831558	0.0020723117
0.7165469500	-0.7299999600	-0.0582419670	0.0029457604	0.0056102085
0.7211343600	-0.7299999600	-0.0592981950	0.0028198208	0.0188090410
0.7247597600	-0.7299999600	-0.0601367390	0.0026902344	0.0325870290
0.7263370800	-0.7299999600	-0.0605016160	0.0026286437	0.0392493490
0.7282393600	-0.7299999600	-0.0609433950	0.0025351647	0.0490418190
0.7308209500	-0.7299999600	-0.0615428800	0.0024013312	0.0636328830
0.7325046100	-0.7299999600	-0.0619351980	0.0022947656	0.0746446100
0.7347295900	-0.7299999600	-0.0624537060	0.0021402210	0.0911339300
0.7369087900	-0.7299999600	-0.0629630830	0.0019499313	0.1094758200
0.7380650600	-0.7299999600	-0.0632333230	0.0018468615	0.1199379300
0.7390074700	-0.7299999600	-0.0634541360	0.0017378715	0.1295238400
0.7407831000	-0.7299999600	-0.0638701990	0.0015134517	0.1501541900
0.7422887100	-0.7299999600	-0.0642237290	0.0012648251	0.1686634700
0.7431975600	-0.7299999600	-0.0644371210	0.0011199112	0.1799934200
0.7440695200	-0.7299999600	-0.0646422800	0.0010633989	0.1905915000
0.7452444400	-0.7299999600	-0.0649187040	0.0009635307	0.2071494800
0.7462588500	-0.7299999600	-0.0651577490	0.0015999193	0.2243700200
0.7471460100	-0.7299999600	-0.0653668050	0.0021774683	0.2388914100
0.7459845500	-0.7299999600	-0.0654329290	0.0023044443	0.2506021900
0.7448477100	-0.7299999600	-0.0654976520	0.0024228186	0.2633019100
0.7436009000	-0.7299999600	-0.0655680750	0.0022551068	0.2670222500
0.7423156500	-0.7299999600	-0.0656406580	0.0020799778	0.2711862300
0.7407637200	-0.7299999600	-0.0657275390	0.0020695289	0.2743168800
0.7393205200	-0.7299999600	-0.0658082890	0.0020584082	0.2773269400
0.7343269600	-0.7299999600	-0.0660841690	0.0020022839	0.2819768200
0.7341568500	-0.7299999600	-0.0660935640	0.0020004296	0.2821490800
0.7339330300	-0.7299999600	-0.0661056560	0.0019999343	0.2821490800
0.7266823100	-0.7299999600	-0.0664979440	0.0019626097	0.2829189300
0.7173112000	-0.7299999600	-0.0669906290	0.0019778586	0.2777861100
0.7168706100	-0.7299999600	-0.0670138970	0.0019782848	0.2775339200
0.7166464300	-0.7299999600	-0.0670255650	0.0019791529	0.2773329600
0.7156596800	-0.7299999600	-0.0670753640	0.0019841563	0.2765190900
0.7033786800	-0.7299999600	-0.0676962660	0.0020488239	0.2659171800
0.6972487600	-0.7299999600	-0.0679920240	0.0020870345	0.2609468100
0.6875196100	-0.7299999600	-0.0684589820	0.0021518077	0.2522313000
0.6676830600	-0.7299999600	-0.0693534540	0.0022424301	0.2399778400
0.6666533900	-0.7299999600	-0.0694000050	0.0022474088	0.2392564700
0.6651259700	-0.7299999600	-0.0694630300	0.0022522166	0.2384991000
0.6412230700	-0.7299999600	-0.0704527720	0.0023374632	0.2255384300
0.6312308900	-0.7299999600	-0.0708345250	0.0023597619	0.2221719500
0.6022092700	-0.7299999600	-0.0718740370	0.0024226365	0.2116309700
0.5981885800	-0.7299999600	-0.0720131620	0.0024302688	0.2102790500
0.5943282800	-0.7299999600	-0.0721304490	0.0024339851	0.2094284700
0.5614557300	-0.7299999600	-0.0731310770	0.0024849732	0.1994793700
0.5489448300	-0.7299999600	-0.0734523910	0.0024975039	0.1968063900
0.5291246200	-0.7299999600	-0.0739571600	0.0025274967	0.1910536300
0.5094545500	-0.7299999600	-0.0743764710	0.0025496255	0.1866482200
0.4994071400	-0.7299999600	-0.0745873230	0.0025644313	0.1841139300
0.4746545300	-0.7299999600	-0.0750144500	0.0025973410	0.1784348500
0.4715681700	-0.7299999600	-0.0750655010	0.0026023514	0.1775879700
0.4535122500	-0.7299999600	-0.0753057520	0.0026261748	0.1735371800
0.4451762100	-0.7299999600	-0.0754175560	0.0026380056	0.1715966800
0.4439115500	-0.7299999600	-0.0754309070	0.0026394857	0.1713511200
0.4194357100	-0.7299999600	-0.0756630150	0.0026741248	0.1662349000
0.4158378800	-0.7299999600	-0.0756876100	0.0026783277	0.1655642500
0.3934258500	-0.7299999600	-0.0758097770	0.0027084728	0.1607676600
0.3875135500	-0.7299999600	-0.0758282240	0.0027159371	0.1597272000
0.3683338800	-0.7299999600	-0.0758541520	0.0027434298	0.1560874100
0.3666775500	-0.7299999600	-0.0758530570	0.0027459112	0.1557829700
0.3476933200	-0.7299999600	-0.0758123550	0.0027772700	0.1520964500
0.3419355200	-0.7299999600	-0.0757864790	0.0027846273	0.1511281000
0.3233259600	-0.7299999600	-0.0756712630	0.0028154631	0.1481211500
0.3201558900	-0.7299999600	-0.0756439120	0.0028186268	0.1476623400
0.3029498500	-0.7299999600	-0.0754712820	0.0028354909	0.1446591500
0.2934026700	-0.7299999600	-0.0753458740	0.0028463412	0.1432768900
0.2781108300	-0.7299999600	-0.0751213430	0.0028652384	0.1411717800
0.2700797600	-0.7299999600	-0.0749791860	0.0028753633	0.1400506900
0.2552449100	-0.7299999600	-0.0746879730	0.0028929376	0.1378379900
0.2470551400	-0.7299999600	-0.0745092480	0.0028996960	0.1368931400
0.2381460100	-0.7299999600	-0.0742815210	0.0029115478	0.1360451100
0.2232942600	-0.7299999600	-0.0738969820	0.0029331665	0.1341740300
0.2097470500	-0.7299999600	-0.0734873640	0.0029485300	0.1326800000
0.1973867400	-0.7299999600	-0.0730688420	0.0029585260	0.1315383900
0.1870035100	-0.7299999600	-0.0727047030	0.0029733318	0.1306511500
0.1777243800	-0.7299999600	-0.0723375230	0.0029811974	0.1301699100
0.1593193700	-0.7299999600	-0.0715437080	0.0029964360	0.1290783300
0.1519288900	-0.7299999600	-0.0712163750	0.0030034831	0.1285341500
0.1472884600	-0.7299999600	-0.0709928570	0.0030060452	0.1284767700
0.1397638300	-0.7299999600	-0.0706009050	0.0030152270	0.1283673900
0.1237452100	-0.7299999600	-0.0697512700	0.0030370761	0.1279768200
0.1128993500	-0.7299999600	-0.0691230890	0.0030473638	0.1278659100
0.1015402500	-0.7299999600	-0.0684148220	0.0030655831	0.1277472700
0.0952140240	-0.7299999600	-0.0680063960	0.0030699239	0.1277536000
0.0835528300	-0.7299999600	-0.0672059130	0.0030732258	0.1282421800
0.0791520400	-0.7299999600	-0.0668897550	0.0030772826	0.1284332600
0.0651924460	-0.7299999600	-0.0658355130	0.0030828948	0.1292236300
0.0608041290	-0.7299999600	-0.0654932780	0.0030878854	0.1295069600
0.0564881640	-0.7299999600	-0.0651332590	0.0030944065	0.1298762900
0.0398281960	-0.7299999600	-0.0637100120	0.0031178171	0.1311295600
0.0353454130	-0.7299999600	-0.0633106900	0.0031240784	0.1315114300
0.0309678600	-0.7299999600	-0.0628954840	0.0031303136	0.1321101300
0.0177456180	-0.7299999600	-0.0616184030	0.0031600957	0.1337523500
0.0122354600	-0.7299999600	-0.0610602500	0.0031689702	0.1344593500
-0.0010785870	-0.7299999600	-0.0596365630	0.0031923405	0.1369260300
-0.0020235628	-0.7299999600	-0.0595346610	0.0031944633	0.1371079800
-0.0029943960	-0.7299999600	-0.0594241730	0.0031956437	0.1373000300
-0.0166070480	-0.7299999600	-0.0578456220	0.0032151666	0.1398498600
-0.0231200050	-0.7299999600	-0.0570588110	0.0032205663	0.1413357900
-0.0378730220	-0.7299999600	-0.0551610290	0.0032443643	0.1453170500
-0.0380852590	-0.7299999600	-0.0551337900	0.0032449095	0.1453703500
-0.0382455400	-0.7299999600	-0.0551122050	0.0032448757	0.1454120400
-0.0558058950	-0.7299999600	-0.0526484290	0.0032450066	0.1503977600
-0.0563918610	-0.7299999600	-0.0525654410	0.0032463995	0.1505459100
-0.0569322590	-0.7299999600	-0.0524851010	0.0032464381	0.1507496400
-0.0611602960	-0.7299999600	-0.0518256460	0.0032526087	0.1523468500
-0.0765993820	-0.7299999600	-0.0494277700	0.0032808957	0.1580068900
-0.0790936430	-0.7299999600	-0.0490052660	0.0032867347	0.1591080100
-0.0948570970	-0.7299999600	-0.0462830400	0.0033157821	0.1661378600
-0.0962613300	-0.7299999600	-0.0460213940	0.0033152413	0.1668795300
-0.1072420800	-0.7299999600	-0.0439608020	0.0033302309	0.1726037000
-0.1169821900	-0.7299999600	-0.0420062580	0.0033327615	0.1788348400
-0.1203921500	-0.7299999600	-0.0412976630	0.0033418999	0.1810900400
-0.1319073900	-0.7299999600	-0.0388013650	0.0033788141	0.1895964400
-0.1337738000	-0.7299999600	-0.0383723010	0.0033825153	0.1912699000
-0.1437161600	-0.7299999600	-0.0360363570	0.0033688784	0.2001993100
-0.1471514700	-0.7299999600	-0.0351775070	0.0033540387	0.2037709700
-0.1587285300	-0.7299999600	-0.0321898130	0.0033150319	0.2161078500
-0.1636244400	-0.7299999600	-0.0308112200	0.0033215649	0.2230757900
-0.1733180900	-0.7299999600	-0.0280281160	0.0033679305	0.2371095100
-0.1765707400	-0.7299999600	-0.0270119290	0.0033871766	0.2431614400
-0.1826713100	-0.7299999600	-0.0250856930	0.0033643775	0.2543080200
-0.1858015800	-0.7299999600	-0.0240248740	0.0033221381	0.2609782500
-0.1927814000	-0.7299999600	-0.0216106230	0.0032641407	0.2769781100
-0.1958519100	-0.7299999600	-0.0204615800	0.0032319210	0.2864199900
-0.2037264100	-0.7299999600	-0.0174179340	0.0032054728	0.3107194000
-0.2043885100	-0.7299999600	-0.0171410460	0.0032005571	0.3133579500
-0.2111510300	-0.7299999600	-0.0142427580	0.0030729415	0.3418160400
-0.2113623900	-0.7299999600	-0.0141443200	0.0030686972	0.3429847100
-0.2169776300	-0.7299999600	-0.0115055240	0.0029951196	0.3734614000
-0.2180831300	-0.7299999600	-0.0109430750	0.0029819457	0.3807121500
-0.2212621300	-0.7299999600	-0.0093197506	0.0029294044	0.4017849000
-0.2228328000	-0.7299999600	-0.0084622186	0.0028681071	0.4146463300
-0.2248156400	-0.7299999600	-0.0073695960	0.0028282378	0.4302078800
-0.2273271200	-0.7299999600	-0.0058911624	0.0027316152	0.4549512600
-0.2278186400	-0.7299999600	-0.0056017679	0.0027031166	0.4598137700
-0.2290237200	-0.7299999600	-0.0048384028	0.0026547596	0.4742694200
-0.2308563700	-0.7299999600	-0.0036777854	0.0025831748	0.4963703800
-0.2313434900	-0.7299999600	-0.0033510008	0.0025629073	0.5031189300
-0.2339664700	-0.7299999600	-0.0015306895	0.0024906932	0.5418565900
-0.2341721200	-0.7299999600	-0.0013804702	0.0024824201	0.5453017400
-0.2362912700	-0.7299999600	0.0002266917	0.0023720363	0.5834171800
-0.2366245700	-0.7299999600	0.0004931565	0.0023551529	0.5902450700
-0.2383139700	-0.7299999600	0.0018905795	0.0022763029	0.6263630400
-0.2388722900	-0.7299999600	0.0023802074	0.0022437945	0.6398459700
-0.2401228700	-0.7299999600	0.0035161749	0.0021629483	0.6718133100
-0.2408629500	-0.7299999600	0.0042341226	0.0021005552	0.6930984300
-0.2417589700	-0.7299999600	0.0051373644	0.0020129865	0.7199216500
-0.2426363500	-0.7299999600	0.0060857213	0.0019029285	0.7492103600
-0.2432490400	-0.7299999600	0.0067802346	0.0018160499	0.7707232200
-0.2441915000	-0.7299999600	0.0079296427	0.0016517597	0.8069113500
-0.2445786400	-0.7299999600	0.0084305070	0.0015731841	0.8226643800
-0.2455013200	-0.7299999600	0.0097256992	0.0013451471	0.8626343000
-0.2457744900	-0.7299999600	0.0101390610	0.0012665938	0.8749403400
-0.2466152000	-0.7299999600	0.0115374380	0.0009788114	0.9131612800
-0.2468771300	-0.7299999600	0.0120211220	0.0008763360	0.9253789800
-0.2475789200	-0.7299999600	0.0134741450	0.0005652177	0.9560442600
-0.2477794300	-0.7299999600	0.0139522760	0.0004657482	0.9641039400
-0.2482968700	-0.7299999600	0.0153716270	0.0001957327	0.9797724500
-0.2484476900	-0.7299999600	0.0158790850	0.0001184213	0.9820668100
-0.2487720500	-0.7299999600	0.0171859280	-0.0000322607	0.9781385100
-0.2489081900	-0.7299999600	0.0179859010	-0.0000716382	0.9681297500
-0.2490450400	-0.7299999600	0.0191258580	-0.0000528532	0.9434421700
-0.2491010700	-0.7299999600	0.0201388370	0.0000221546	0.9142044200
-0.2490524400	-0.7299999600	0.0216265340	0.0003233558	0.8496112800
-0.2490414100	-0.7299999600	0.0218694400	0.0003777773	0.8385734600
-0.2489914100	-0.7299999600	0.0221906420	0.0004865102	0.8200721100
-0.2487512800	-0.7299999600	0.0237432610	0.0010136278	0.7295334300
-0.2483835500	-0.7299999600	0.0250480310	0.0015483718	0.6387709400
-0.2482154700	-0.7299999600	0.0256423650	0.0017993713	0.5977758800
-0.2479395300	-0.7299999600	0.0262901260	0.0020810917	0.5499631200
-0.2473834200	-0.7299999600	0.0276122200	0.0026768411	0.4510376500
-0.2470355300	-0.7299999600	0.0282568110	0.0029981667	0.4017908900
-0.2463650900	-0.7299999600	0.0293998850	0.0034148447	0.3187052300
-0.2459902300	-0.7299999600	0.0299746250	0.0035666038	0.2785179300
-0.2449780900	-0.7299999600	0.0313299410	0.0039086755	0.1884477000
-0.2447708800	-0.7299999600	0.0315929540	0.0039635233	0.1716593200
-0.2435646400	-0.7299999600	0.0329360220	0.0042557549	0.0966217960
-0.2433870100	-0.7299999600	0.0331349860	0.0042998011	0.0854788200
-0.2433487200	-0.7299999600	0.0331732560	0.0043065327	0.0836231040
-0.2419455600	-0.7299999600	0.0345205480	0.0045282751	0.0215421600
-0.2415438400	-0.7299999600	0.0348706470	0.0045775866	0.0075258720
-0.2404366400	-0.7299999600	0.0358059590	0.0047002266	-0.0283735690
-0.2396062000	-0.7299999600	0.0364480430	0.0047674609	-0.0497304800
-0.2387750700	-0.7299999600	0.0370728150	0.0048335136	-0.0695560050
-0.2376778300	-0.7299999600	0.0378339250	0.0048920305	-0.0896561520
-0.2368760900	-0.7299999600	0.0383710410	0.0049374363	-0.1019650900
-0.2355148900	-0.7299999600	0.0392202440	0.0050180048	-0.1174609700
-0.2345158800	-0.7299999600	0.0398159700	0.0050554272	-0.1278337400
-0.2331266900	-0.7299999600	0.0405928490	0.0050783274	-0.1384660300
-0.2315969500	-0.7299999600	0.0414090640	0.0051185238	-0.1489063800
-0.2301814600	-0.7299999600	0.0421107630	0.0051500924	-0.1556642800
-0.2286413500	-0.7299999600	0.0428471450	0.0051740736	-0.1619128400
-0.2270732700	-0.7299999600	0.0435452760	0.0051709084	-0.1668377200
-0.2256839000	-0.7299999600	0.0441452940	0.0051565111	-0.1690883200
-0.2233895700	-0.7299999600	0.0450708160	0.0051547405	-0.1728329100
-0.2224933800	-0.7299999600	0.0454196740	0.0051385509	-0.1733543600
-0.2187103800	-0.7299999600	0.0467867660	0.0050232857	-0.1735975400
-0.2181684400	-0.7299999600	0.0469745810	0.0050183005	-0.1733824500
-0.2159676800	-0.7299999600	0.0476750660	0.0050084788	-0.1729108400
-0.2133723100	-0.7299999600	0.0485078470	0.0050023073	-0.1715298300
-0.2124873000	-0.7299999600	0.0487683860	0.0049924609	-0.1711710400
-0.2086015300	-0.7299999600	0.0498694670	0.0049414979	-0.1678223600
-0.2069974800	-0.7299999600	0.0502957370	0.0049022850	-0.1665305800
-0.2035164200	-0.7299999600	0.0511717570	0.0048355471	-0.1614558000
-0.2019145900	-0.7299999600	0.0515588890	0.0048131247	-0.1600619400
-0.1984661200	-0.7299999600	0.0523436700	0.0047579550	-0.1578622600
-0.1983057300	-0.7299999600	0.0523791980	0.0047549800	-0.1577050400
-0.1951274600	-0.7299999600	0.0530536060	0.0046792536	-0.1553489100
-0.1948129800	-0.7299999600	0.0531177040	0.0046752732	-0.1550779300
-0.1914146200	-0.7299999600	0.0537898690	0.0046288558	-0.1500754700
-0.1895194500	-0.7299999600	0.0541440810	0.0046017325	-0.1480141100
-0.1861603700	-0.7299999600	0.0547463150	0.0045643578	-0.1437271700
-0.1836807700	-0.7299999600	0.0551696940	0.0045281212	-0.1413930800
-0.1792612100	-0.7299999600	0.0558686070	0.0044267182	-0.1364646700
-0.1779128500	-0.7299999600	0.0560794880	0.0044055797	-0.1350635700
-0.1766866700	-0.7299999600	0.0562571320	0.0043926805	-0.1341371700
-0.1720409800	-0.7299999600	0.0569093150	0.0043409288	-0.1291282300
-0.1711061300	-0.7299999600	0.0570336540	0.0043301382	-0.1282367100
-0.1661542500	-0.7299999600	0.0576554200	0.0042691249	-0.1241486700
-0.1649682500	-0.7299999600	0.0577997340	0.0042528612	-0.1232642600
-0.1634963300	-0.7299999600	0.0579640010	0.0042382161	-0.1222364100
-0.1584010700	-0.7299999600	0.0585247500	0.0041966898	-0.1172943300
-0.1546407000	-0.7299999600	0.0589000360	0.0041618684	-0.1141798500
-0.1513813600	-0.7299999600	0.0592026080	0.0041176706	-0.1114265500
-0.1472964400	-0.7299999600	0.0595636890	0.0040725700	-0.1088088700
-0.1407221600	-0.7299999600	0.0600711550	0.0040078669	-0.1034092000
-0.1400432700	-0.7299999600	0.0601239950	0.0040008006	-0.1028284800
-0.1395024400	-0.7299999600	0.0601618440	0.0039963752	-0.1023799100
-0.1306138300	-0.7299999600	0.0607177990	0.0039079942	-0.0947836260
-0.1281858400	-0.7299999600	0.0608640390	0.0038798111	-0.0933872610
-0.1261813000	-0.7299999600	0.0609697850	0.0038646063	-0.0925957780
-0.1228465000	-0.7299999600	0.0611218620	0.0038476865	-0.0901694220
-0.1155444600	-0.7299999600	0.0614330470	0.0037922474	-0.0848102350
-0.1118356100	-0.7299999600	0.0615700670	0.0037616348	-0.0825766770
-0.1081367200	-0.7299999600	0.0616769460	0.0037326029	-0.0805639330
-0.1033251800	-0.7299999600	0.0618059340	0.0037001751	-0.0774809940
-0.0989449550	-0.7299999600	0.0618957470	0.0036681415	-0.0748129340
-0.0939572010	-0.7299999600	0.0619712020	0.0036272771	-0.0717216730
-0.0898315760	-0.7299999600	0.0620223020	0.0035965961	-0.0695333930
-0.0853780580	-0.7299999600	0.0620452350	0.0035654694	-0.0670683830
-0.0792449490	-0.7299999600	0.0620564710	0.0035208913	-0.0634510220
-0.0744546500	-0.7299999600	0.0620462600	0.0034885711	-0.0608086590
-0.0689534400	-0.7299999600	0.0619948320	0.0034540224	-0.0580524360
-0.0641751440	-0.7299999600	0.0619395230	0.0034252372	-0.0551850720
-0.0562599150	-0.7299999600	0.0618015160	0.0033804737	-0.0506824180
-0.0517968050	-0.7299999600	0.0616920660	0.0033511240	-0.0480332640
-0.0455819960	-0.7299999600	0.0615350050	0.0033174650	-0.0449363220
-0.0390455390	-0.7299999600	0.0613254980	0.0032843069	-0.0412342400
-0.0332815680	-0.7299999600	0.0611113500	0.0032540259	-0.0377302240
-0.0263094190	-0.7299999600	0.0608401480	0.0032131669	-0.0342842040
-0.0195965880	-0.7299999600	0.0605371150	0.0031822274	-0.0310300460
-0.0142316540	-0.7299999600	0.0602726600	0.0031616280	-0.0279325950
-0.0083419690	-0.7299999600	0.0599679610	0.0031371701	-0.0247318930
-0.0004250381	-0.7299999600	0.0595110020	0.0030968370	-0.0206076630
0.0043360796	-0.7299999600	0.0592333640	0.0030772759	-0.0183637570
0.0092754224	-0.7299999600	0.0589163450	0.0030612711	-0.0159112510
0.0186203050	-0.7299999600	0.0582877430	0.0030273360	-0.0109516250
0.0266110100	-0.7299999600	0.0577203150	0.0030035650	-0.0068022758
0.0373063980	-0.7299999600	0.0568834950	0.0029640109	-0.0011884990
0.0434651930	-0.7299999600	0.0564027650	0.0029482758	0.0017927834
0.0485324000	-0.7299999600	0.0559798330	0.0029283956	0.0042674630
0.0645726840	-0.7299999600	0.0545583780	0.0028882121	0.0126394950
0.0662947070	-0.7299999600	0.0544050110	0.0028828953	0.0134871700
0.0679570440	-0.7299999600	0.0542482140	0.0028779751	0.0142945040
0.0843571130	-0.7299999600	0.0526572910	0.0028428319	0.0229057450
0.0871653330	-0.7299999600	0.0523760540	0.0028346451	0.0242840050
0.1064745700	-0.7299999600	0.0503432040	0.0027840468	0.0341793080
0.1065931300	-0.7299999600	0.0503307540	0.0027837174	0.0342395940
0.1066110100	-0.7299999600	0.0503287690	0.0027836827	0.0342493060
0.1070436200	-0.7299999600	0.0502798300	0.0027827632	0.0344680770
0.1282184600	-0.7299999600	0.0478864130	0.0027357191	0.0451339220
0.1292163600	-0.7299999600	0.0477703100	0.0027320221	0.0456079990
0.1350677000	-0.7299999600	0.0470628810	0.0027127390	0.0485074970
0.1501036900	-0.7299999600	0.0452495030	0.0026594392	0.0558673780
0.1526806400	-0.7299999600	0.0449259430	0.0026538764	0.0571845920
0.1741710800	-0.7299999600	0.0421737130	0.0025837865	0.0676511380
0.1748914100	-0.7299999600	0.0420783830	0.0025818608	0.0680189880
1 2 
2 3 
3 4 
4 5 
5 6 
6 7 
7 8 
8 9 
9 10 
10 11 
11 12 
12 13 
13 14 
14 15 
15 16 
16 17 
17 18 
18 19 
19 20 
20 21 
21 22 
22 23 
23 24 
24 25 
25 26 
26 27 
27 28 
28 29 
29 30 
30 31 
31 32 
32 33 
33 34 
34 35 
35 36 
36 37 
37 38 
38 39 
39 40 
40 41 
41 42 
42 43 
43 44 
44 45 
45 46 
46 47 
47 48 
48 49 
49 50 
50 51 
51 52 
52 53 
53 54 
54 55 
55 56 
56 57 
57 58 
58 59 
59 60 
60 61 
61 62 
62 63 
63 64 
64 65 
65 66 
66 67 
67 68 
68 69 
69 70 
70 71 
71 72 
72 73 
73 74 
74 75 
75 76 
76 77 
77 78 
78 79 
79 80 
80 81 
81 82 
82 83 
83 84 
84 85 
85 86 
86 87 
87 88 
88 89 
89 90 
90 91 
91 92 
92 93 
93 94 
94 95 
95 96 
96 97 
97 98 
98 99 
99 100 
100 101 
101 102 
102 103 
103 104 
104 105 
105 106 
106 107 
107 108 
108 109 
109 110 
110 111 
111 112 
112 113 
113 114 
114 115 
115 116 
116 117 
117 118 
118 119 
119 120 
120 121 
121 122 
122 123 
123 124 
124 125 
125 126 
126 127 
127 128 
128 129 
129 130 
130 131 
131 132 
132 133 
133 134 
134 135 
135 136 
136 137 
137 138 
138 139 
139 140 
140 141 
141 142 
142 143 
143 144 
144 145 
145 146 
146 147 
147 148 
148 149 
149 150 
150 151 
151 152 
152 153 
153 154 
154 155 
155 156 
156 157 
157 158 
158 159 
159 160 
160 161 
161 162 
162 163 
163 164 
164 165 
165 166 
166 167 
167 168 
168 169 
169 170 
170 171 
171 172 
172 173 
173 174 
174 175 
175 176 
176 177 
177 178 
178 179 
179 180 
180 181 
181 182 
182 183 
183 184 
184 185 
185 186 
186 187 
187 188 
188 189 
189 190 
190 191 
191 192 
192 193 
193 194 
194 195 
195 196 
196 197 
197 198 
198 199 
199 200 
200 201 
201 202 
202 203 
203 204 
204 205 
205 206 
206 207 
207 208 
208 209 
209 210 
210 211 
211 212 
212 213 
213 214 
214 215 
215 216 
216 217 
217 218 
218 219 
219 220 
220 221 
221 222 
222 223 
223 224 
224 225 
225 226 
226 227 
227 228 
228 229 
229 230 
230 231 
231 232 
232 233 
233 234 
234 235 
235 236 
236 237 
237 238 
238 239 
239 240 
240 241 
241 242 
242 243 
243 244 
244 245 
245 246 
246 247 
247 248 
248 249 
249 250 
250 251 
251 252 
252 253 
253 254 
254 255 
255 256 
256 257 
257 258 
258 259 
259 260 
260 261 
261 262 
262 263 
263 264 
264 265 
265 266 
266 267 
267 268 
268 269 
269 270 
270 271 
271 272 
272 273 
273 274 
274 275 
275 276 
276 277 
277 278 
278 279 
279 280 
280 281 
281 282 
282 283 
283 284 
284 285 
285 286 
286 287 
287 288 
288 289 
289 290 
290 291 
291 292 
292 293 
293 294 
294 295 
295 296 
296 297 
297 298 
298 299 
299 300 
300 301 
301 302 
302 303 
303 304 
304 305 
305 306 
306 307 
307 308 
308 309 
309 310 
310 311 
311 312 
312 313 
313 314 
314 315 
315 316 
316 317 
317 318 
318 319 
319 320 
320 321 
321 322 
322 323 
323 324 
324 325 
325 326 
326 327 
327 328 
328 329 
329 330 
330 331 
331 332 
332 333 
333 334 
334 335 
335 336 
336 337 
