TITLE     = "Surface mesh and solution"
VARIABLES = "x"
"y"
"z"
"cfx"
"Cp"
DATASETAUXDATA alpha_deg="  0.0000000E+00"
DATASETAUXDATA beta_deg="  0.0000000E+00"
DATASETAUXDATA bref="  0.7500000"
DATASETAUXDATA cref="   1.000000"
DATASETAUXDATA itranflg="           0"
DATASETAUXDATA ivisc="           2"
DATASETAUXDATA mach="  0.2000000"
DATASETAUXDATA reue_mil="   4.600000"
DATASETAUXDATA sref="  0.7500000"
DATASETAUXDATA tinf_r="   521.0000"
DATASETAUXDATA xmc="  0.0000000E+00"
DATASETAUXDATA ymc="  0.0000000E+00"
DATASETAUXDATA zmc="  0.0000000E+00"
ZONE T="Slice: Y=-0.001"
 STRANDID=0, SOLUTIONTIME=0
 Nodes=319, Elements=313, ZONETYPE=FELineSeg
 DATAPACKING=POINT
 DT=(DOUBLE DOUBLE DOUBLE DOUBLE DOUBLE )
 7.386058150E-01 -1.000000000E-03 -1.302361330E-01 1.635280859E-03 3.286608701E-01
 7.386058150E-01 -1.000000000E-03 -1.302361330E-01 1.635280859E-03 3.286608701E-01
 7.376793178E-01 -1.000000000E-03 -1.299307887E-01 7.153708924E-04 4.116556666E-01
 7.386058150E-01 -1.000000000E-03 -1.302361330E-01 1.635280859E-03 3.286608701E-01
 7.386058150E-01 -1.000000000E-03 -1.302361330E-01 1.635280859E-03 3.286608701E-01
 7.343786496E-01 -1.000000000E-03 -1.301067585E-01 7.680270877E-04 4.066631613E-01
 7.343030019E-01 -1.000000000E-03 -1.301043523E-01 7.671176504E-04 4.065351192E-01
 7.303515320E-01 -1.000000000E-03 -1.299802534E-01 7.453362006E-04 4.053855166E-01
 7.301001588E-01 -1.000000000E-03 -1.299721293E-01 7.415168809E-04 4.052282548E-01
 7.182311269E-01 -1.000000000E-03 -1.295781039E-01 7.260577305E-04 3.990846636E-01
 7.147771092E-01 -1.000000000E-03 -1.294591878E-01 7.560248874E-04 3.967327740E-01
 7.041587714E-01 -1.000000000E-03 -1.290799241E-01 8.090116550E-04 3.915142002E-01
 6.983395544E-01 -1.000000000E-03 -1.288676222E-01 8.270253736E-04 3.891928941E-01
 6.844682828E-01 -1.000000000E-03 -1.283270128E-01 8.798655744E-04 3.840853810E-01
 6.748397477E-01 -1.000000000E-03 -1.279446165E-01 9.265561256E-04 3.809355382E-01
 6.575985700E-01 -1.000000000E-03 -1.272013999E-01 9.594908944E-04 3.749093392E-01
 6.434620664E-01 -1.000000000E-03 -1.265743598E-01 1.009242595E-03 3.706964768E-01
 6.240301314E-01 -1.000000000E-03 -1.256413921E-01 1.031212783E-03 3.659094508E-01
 6.055370420E-01 -1.000000000E-03 -1.247147292E-01 1.065760024E-03 3.616591199E-01
 5.842779226E-01 -1.000000000E-03 -1.235761774E-01 1.072894296E-03 3.574367840E-01
 7.368686251E-01 -1.000000000E-03 -1.301833898E-01 1.043416396E-03 4.130277269E-01
 7.348182526E-01 -1.000000000E-03 -1.301203499E-01 8.046878462E-04 4.076558284E-01
 7.367230742E-01 -1.000000000E-03 -1.301789437E-01 9.528529792E-04 4.117724994E-01
 7.282310615E-01 -1.000000000E-03 -1.299124260E-01 7.187547915E-04 4.042062235E-01
 7.250928368E-01 -1.000000000E-03 -1.298114126E-01 6.901940184E-04 4.022942084E-01
 7.233519365E-01 -1.000000000E-03 -1.297532315E-01 6.919691843E-04 4.015288419E-01
 7.364738875E-01 -1.000000000E-03 -1.295327949E-01 7.095685762E-05 4.093584609E-01
 7.363633880E-01 -1.000000000E-03 -1.294963529E-01 1.482690908E-06 4.090231748E-01
 7.343328212E-01 -1.000000000E-03 -1.288274558E-01 -1.360628091E-04 4.075859256E-01
 7.306025687E-01 -1.000000000E-03 -1.276008061E-01 -1.491997628E-04 4.046642626E-01
 7.343681359E-01 -1.000000000E-03 -1.288390518E-01 -1.354307871E-04 4.076105135E-01
 7.305833314E-01 -1.000000000E-03 -1.275945002E-01 -1.491546503E-04 4.046529375E-01
 7.196037385E-01 -1.000000000E-03 -1.240062507E-01 -1.476097123E-04 3.998229877E-01
 7.162191003E-01 -1.000000000E-03 -1.229046744E-01 -1.579440114E-04 3.984754960E-01
 7.058054538E-01 -1.000000000E-03 -1.195290986E-01 -1.749167417E-04 3.936142801E-01
 7.005257341E-01 -1.000000000E-03 -1.178227158E-01 -1.839224079E-04 3.908313964E-01
 6.859456966E-01 -1.000000000E-03 -1.131482833E-01 -2.023712280E-04 3.837590484E-01
 5.139370622E-01 -1.000000000E-03 -6.075751285E-02 -4.266365812E-05 2.746672836E-01
 5.391705892E-01 -1.000000000E-03 -6.813872129E-02 -1.221080222E-04 2.961064766E-01
 4.756927528E-01 -1.000000000E-03 -4.976333226E-02 4.675693317E-05 2.436262326E-01
 4.512548923E-01 -1.000000000E-03 -4.286165954E-02 9.577428162E-05 2.221089026E-01
 5.065529931E-01 -1.000000000E-03 -5.861791883E-02 -2.407336662E-05 2.690148293E-01
 4.819730681E-01 -1.000000000E-03 -5.155237847E-02 3.116873518E-05 2.489266267E-01
 6.788475904E-01 -1.000000000E-03 -1.108794802E-01 -2.099086221E-04 3.803859531E-01
 6.598226101E-01 -1.000000000E-03 -1.048690271E-01 -2.324474002E-04 3.715418477E-01
 4.417050177E-01 -1.000000000E-03 -4.019069621E-02 1.257044063E-04 2.133952286E-01
 4.169732900E-01 -1.000000000E-03 -3.334166412E-02 2.008103002E-04 1.908648387E-01
 5.504482803E-01 -1.000000000E-03 -7.147048954E-02 -1.472250503E-04 3.050032205E-01
 5.746515575E-01 -1.000000000E-03 -7.868614253E-02 -2.072418519E-04 3.217712555E-01
 6.485494252E-01 -1.000000000E-03 -1.013232027E-01 -2.458268827E-04 3.657446392E-01
 6.276040391E-01 -1.000000000E-03 -9.482267773E-02 -2.555796638E-04 3.539900230E-01
 2.775400145E-01 -1.000000000E-03 3.201193052E-03 4.080459840E-04 4.724750058E-02
 3.012780871E-01 -1.000000000E-03 -2.746546535E-03 3.709975889E-04 7.489706848E-02
 3.137181896E-01 -1.000000000E-03 -5.916184453E-03 3.523083167E-04 8.796812212E-02
 3.357133462E-01 -1.000000000E-03 -1.158500898E-02 3.217087189E-04 1.107103003E-01
 2.431195687E-01 -1.000000000E-03 1.159741100E-02 4.938568648E-04 8.262197791E-03
 2.684038633E-01 -1.000000000E-03 5.459191940E-03 4.241915275E-04 3.680915628E-02
 5.891108438E-01 -1.000000000E-03 -8.304771954E-02 -2.265443903E-04 3.312851708E-01
 6.110549537E-01 -1.000000000E-03 -8.972158865E-02 -2.524240073E-04 3.446251994E-01
 4.037239072E-01 -1.000000000E-03 -2.971804020E-02 2.204826828E-04 1.787356440E-01
 3.812596294E-01 -1.000000000E-03 -2.363351112E-02 2.703340035E-04 1.575373175E-01
 3.483887102E-01 -1.000000000E-03 -1.490208801E-02 3.130490200E-04 1.242705050E-01
 3.686911935E-01 -1.000000000E-03 -2.027177626E-02 2.914437083E-04 1.445446956E-01
 2.350789082E-01 -1.000000000E-03 1.351922343E-02 5.077803228E-04 -1.146364834E-03
 2.070247801E-01 -1.000000000E-03 2.008213512E-02 5.658705005E-04 -3.582410398E-02
 1.985476431E-01 -1.000000000E-03 2.202425984E-02 5.886804760E-04 -4.724760713E-02
 1.682304225E-01 -1.000000000E-03 2.879776303E-02 5.667306391E-04 -9.234157146E-02
 7.348049611E-01 -1.000000000E-03 -1.289829273E-01 -1.057163848E-04 4.079363820E-01
 7.363633880E-01 -1.000000000E-03 -1.294963529E-01 1.482690908E-06 4.090231748E-01
 7.304752464E-01 -1.000000000E-03 -1.275590144E-01 -1.489866571E-04 4.046029775E-01
 7.259064228E-01 -1.000000000E-03 -1.260606610E-01 -1.411342194E-04 4.025222798E-01
 7.233825306E-01 -1.000000000E-03 -1.252362644E-01 -1.442670270E-04 4.014874001E-01
 -2.283439719E-01 -1.000000000E-03 1.494978941E-02 6.405195650E-04 9.714572526E-01
 -2.259771409E-01 -1.000000000E-03 1.321956648E-02 7.495929322E-04 9.554504056E-01
 -2.288781146E-01 -1.000000000E-03 1.535614690E-02 6.094466905E-04 9.752496755E-01
 -2.308892482E-01 -1.000000000E-03 1.692876098E-02 4.855072822E-04 9.877498594E-01
 -2.254376393E-01 -1.000000000E-03 1.283647561E-02 7.741137903E-04 9.514979233E-01
 -2.226790125E-01 -1.000000000E-03 1.095281328E-02 8.717199978E-04 9.312276198E-01
 -2.219882512E-01 -1.000000000E-03 1.049424627E-02 8.945139110E-04 9.260474120E-01
 -2.187562329E-01 -1.000000000E-03 8.435074915E-03 9.754108513E-04 9.039200363E-01
 -2.179940048E-01 -1.000000000E-03 7.962440888E-03 9.948640203E-04 8.983825165E-01
 -2.141149926E-01 -1.000000000E-03 5.656260330E-03 1.079612729E-03 8.717487695E-01
 -2.130947741E-01 -1.000000000E-03 5.067665217E-03 1.100280097E-03 8.647314373E-01
 -2.085311504E-01 -1.000000000E-03 2.542865906E-03 1.180556825E-03 8.335478087E-01
 -2.076145126E-01 -1.000000000E-03 2.049459341E-03 1.195995972E-03 8.276670376E-01
 -2.020091183E-01 -1.000000000E-03 -8.367197632E-04 1.294219496E-03 7.967297882E-01
 -2.008016794E-01 -1.000000000E-03 -1.441974593E-03 1.313012515E-03 7.900463490E-01
 -1.940055663E-01 -1.000000000E-03 -4.684588241E-03 1.401842618E-03 7.567284477E-01
 -1.829423200E-01 -1.000000000E-03 -9.586634119E-03 1.524669924E-03 7.085833275E-01
 -1.731785465E-01 -1.000000000E-03 -1.356827298E-02 1.629464428E-03 6.756097330E-01
 -1.922789006E-01 -1.000000000E-03 -5.483747238E-03 1.422555420E-03 7.488672054E-01
 -1.842482497E-01 -1.000000000E-03 -9.027793383E-03 1.513022563E-03 7.138357840E-01
 -1.707651504E-01 -1.000000000E-03 -1.452275341E-02 1.638553218E-03 6.677250857E-01
 -1.588317411E-01 -1.000000000E-03 -1.898388213E-02 1.678838363E-03 6.322525621E-01
 -1.554187139E-01 -1.000000000E-03 -2.021440725E-02 1.719465721E-03 6.232348198E-01
 -1.413059953E-01 -1.000000000E-03 -2.503109680E-02 1.801057535E-03 5.914675754E-01
 -1.378025098E-01 -1.000000000E-03 -2.618464585E-02 1.774157301E-03 5.839300251E-01
 -1.208837821E-01 -1.000000000E-03 -3.142868023E-02 1.811525672E-03 5.537519987E-01
 -1.158503471E-01 -1.000000000E-03 -3.293597286E-02 1.794330637E-03 5.459349504E-01
 -9.499206828E-02 -1.000000000E-03 -3.877146560E-02 1.784733654E-03 5.162237303E-01
 -8.833817449E-02 -1.000000000E-03 -4.055430820E-02 1.782436128E-03 5.073951503E-01
 -6.452303785E-02 -1.000000000E-03 -4.652545828E-02 1.717529810E-03 4.814745240E-01
 -5.671461441E-02 -1.000000000E-03 -4.838670041E-02 1.722069928E-03 4.740114180E-01
 -3.173372981E-02 -1.000000000E-03 -5.400784364E-02 1.666056906E-03 4.522616194E-01
 -2.260585467E-02 -1.000000000E-03 -5.595305313E-02 1.649493284E-03 4.451752641E-01
 1.831626316E-03 -1.000000000E-03 -6.090152114E-02 1.644143216E-03 4.287125979E-01
 1.245762046E-02 -1.000000000E-03 -6.294633647E-02 1.637135620E-03 4.224327409E-01
 3.986649822E-02 -1.000000000E-03 -6.793157435E-02 1.617723299E-03 4.084972520E-01
 5.395684721E-02 -1.000000000E-03 -7.037782437E-02 1.587005498E-03 4.018288853E-01
 4.965097293E-01 -1.000000000E-03 -1.182001531E-01 9.907303460E-04 3.462202885E-01
 4.704664988E-01 -1.000000000E-03 -1.163958667E-01 1.094906356E-03 3.450907836E-01
 4.637800906E-01 -1.000000000E-03 -1.159166299E-01 1.118740995E-03 3.444919075E-01
 4.391467203E-01 -1.000000000E-03 -1.140949071E-01 1.133968864E-03 3.414309034E-01
 5.026025415E-01 -1.000000000E-03 -1.186091766E-01 9.935244904E-04 3.466475643E-01
 5.307811946E-01 -1.000000000E-03 -1.204293447E-01 9.999418970E-04 3.496034540E-01
 4.282319026E-01 -1.000000000E-03 -1.132599532E-01 1.190515467E-03 3.407711313E-01
 4.041344917E-01 -1.000000000E-03 -1.113554786E-01 1.303113488E-03 3.406535371E-01
 5.411951618E-01 -1.000000000E-03 -1.210738215E-01 1.006698501E-03 3.507980311E-01
 5.670331984E-01 -1.000000000E-03 -1.226077285E-01 1.053550620E-03 3.544377627E-01
 5.842779226E-01 -1.000000000E-03 -1.235761774E-01 1.072894296E-03 3.574367840E-01
 3.888485390E-01 -1.000000000E-03 -1.100976677E-01 1.306716782E-03 3.406572225E-01
 3.667028198E-01 -1.000000000E-03 -1.082211318E-01 1.353975450E-03 3.406303673E-01
 3.325473443E-01 -1.000000000E-03 -1.051593493E-01 1.427305621E-03 3.427359211E-01
 3.536290214E-01 -1.000000000E-03 -1.070714797E-01 1.400032751E-03 3.410521012E-01
 2.971276660E-01 -1.000000000E-03 -1.017684273E-01 1.397200014E-03 3.459511312E-01
 3.194917367E-01 -1.000000000E-03 -1.039401847E-01 1.422116373E-03 3.438187656E-01
 2.596926327E-01 -1.000000000E-03 -9.793076561E-02 1.384020292E-03 3.479938760E-01
 2.836515073E-01 -1.000000000E-03 -1.004219565E-01 1.390871969E-03 3.468801448E-01
 1.103665316E-01 -1.000000000E-03 -7.927999111E-02 1.255049194E-03 3.817446371E-01
 1.119812235E-01 -1.000000000E-03 -7.951618430E-02 1.250781751E-03 3.812349365E-01
 1.415954350E-01 -1.000000000E-03 -8.369574777E-02 1.339921192E-03 3.699684811E-01
 2.162306559E-01 -1.000000000E-03 -9.310003896E-02 1.410585626E-03 3.545127200E-01
 1.879996667E-01 -1.000000000E-03 -8.971789763E-02 1.443279918E-03 3.611039698E-01
 2.245786338E-01 -1.000000000E-03 -9.405972546E-02 1.395414485E-03 3.529850218E-01
 2.502700559E-01 -1.000000000E-03 -9.692084211E-02 1.359834663E-03 3.489490696E-01
 1.488690013E-01 -1.000000000E-03 -8.468283759E-02 1.377239493E-03 3.679191999E-01
 1.788384477E-01 -1.000000000E-03 -8.857740677E-02 1.467631201E-03 3.628497183E-01
 7.744120684E-02 -1.000000000E-03 -7.421843432E-02 1.208454116E-03 3.917501575E-01
 8.213511351E-02 -1.000000000E-03 -7.498797244E-02 1.191862476E-03 3.897132640E-01
 9.814167999E-02 -1.000000000E-03 -7.741946874E-02 1.204102182E-03 3.852534366E-01
 -2.438389462E-01 -1.000000000E-03 3.129615016E-02 -1.968076345E-03 7.406835229E-01
 -2.438830489E-01 -1.000000000E-03 3.137820876E-02 -1.979132011E-03 7.353626269E-01
 -2.447228917E-01 -1.000000000E-03 3.309321630E-02 -2.168005021E-03 6.051969377E-01
 -2.447597938E-01 -1.000000000E-03 3.317725786E-02 -2.167195907E-03 5.982203882E-01
 -2.454521465E-01 -1.000000000E-03 3.495799895E-02 -2.136182646E-03 4.329362677E-01
 -2.454813076E-01 -1.000000000E-03 3.504493190E-02 -2.122174759E-03 4.241203945E-01
 -2.460002229E-01 -1.000000000E-03 3.688353776E-02 -1.803438528E-03 2.153713713E-01
 -2.460203561E-01 -1.000000000E-03 3.697287455E-02 -1.771041825E-03 2.046861190E-01
 -2.463373843E-01 -1.000000000E-03 3.885657471E-02 -1.033683661E-03 -4.428187914E-02
 -2.463828599E-01 -1.000000000E-03 4.199763320E-02 1.153731371E-03 -4.940537246E-01
 -2.463196188E-01 -1.000000000E-03 4.262143568E-02 1.765795280E-03 -6.099716920E-01
 -2.464371783E-01 -1.000000000E-03 4.086190794E-02 1.969635211E-04 -3.349658821E-01
 -2.464354382E-01 -1.000000000E-03 4.097399688E-02 2.894935824E-04 -3.513593184E-01
 -2.463997504E-01 -1.000000000E-03 4.178169387E-02 9.837782256E-04 -4.664608554E-01
 -2.463471168E-01 -1.000000000E-03 3.894746663E-02 -9.781342045E-04 -5.641205412E-02
 -2.428732844E-01 -1.000000000E-03 2.964653121E-02 -1.690439761E-03 8.346276353E-01
 -2.427827693E-01 -1.000000000E-03 2.950290391E-02 -1.668687609E-03 8.419234686E-01
 -2.422970954E-01 -1.000000000E-03 2.876304241E-02 -1.521335058E-03 8.754275688E-01
 -2.421728678E-01 -1.000000000E-03 2.857958297E-02 -1.482383760E-03 8.833640718E-01
 -2.416117448E-01 -1.000000000E-03 2.778330890E-02 -1.306346454E-03 9.123452443E-01
 -2.414822847E-01 -1.000000000E-03 2.760516298E-02 -1.266356404E-03 9.182883687E-01
 -2.408379913E-01 -1.000000000E-03 2.675147820E-02 -1.072917489E-03 9.441035043E-01
 -2.406787293E-01 -1.000000000E-03 2.654686412E-02 -1.024922090E-03 9.489487850E-01
 -2.399452862E-01 -1.000000000E-03 2.564005420E-02 -8.252011899E-04 9.682447531E-01
 -2.397794460E-01 -1.000000000E-03 2.544105599E-02 -7.827101187E-04 9.716666134E-01
 -2.389360158E-01 -1.000000000E-03 2.446698943E-02 -5.810848478E-04 9.877136999E-01
 -2.387205848E-01 -1.000000000E-03 2.422580320E-02 -5.320310274E-04 9.908005155E-01
 -2.377762787E-01 -1.000000000E-03 2.320646858E-02 -3.441717871E-04 9.992940728E-01
 -2.375772441E-01 -1.000000000E-03 2.299773648E-02 -3.014817669E-04 1.000454312E+00
 -2.365033899E-01 -1.000000000E-03 2.191066979E-02 -1.200695718E-04 1.006001389E+00
 -2.362406248E-01 -1.000000000E-03 2.165154048E-02 -7.608208324E-05 1.006025944E+00
 -2.349908250E-01 -1.000000000E-03 2.046400499E-02 1.043478558E-04 1.004006983E+00
 -2.346981703E-01 -1.000000000E-03 2.019356788E-02 1.423515122E-04 1.003421791E+00
 -2.332614776E-01 -1.000000000E-03 1.891261831E-02 2.888900608E-04 9.999577278E-01
 -2.329258312E-01 -1.000000000E-03 1.862165807E-02 3.254821244E-04 9.984225459E-01
 -2.312667692E-01 -1.000000000E-03 1.723603655E-02 4.546118417E-04 9.902034732E-01
 -2.308892482E-01 -1.000000000E-03 1.692876098E-02 4.855072822E-04 9.877498594E-01
 -2.442853790E-01 -1.000000000E-03 3.216202594E-02 -2.100340491E-03 6.773457392E-01
 -2.434078150E-01 -1.000000000E-03 3.052954531E-02 -1.828942738E-03 7.858949046E-01
 -2.443684147E-01 -1.000000000E-03 3.233163411E-02 -2.119358978E-03 6.644580584E-01
 -2.443312116E-01 -1.000000000E-03 3.225149076E-02 -2.113770366E-03 6.707743761E-01
 -2.443272473E-01 -1.000000000E-03 3.224342432E-02 -2.113089564E-03 6.713898987E-01
 -2.443293003E-01 -1.000000000E-03 3.224748130E-02 -2.113465767E-03 6.711280221E-01
 -2.450957218E-01 -1.000000000E-03 3.398946447E-02 -2.194897342E-03 5.245736439E-01
 -2.451659198E-01 -1.000000000E-03 3.416999988E-02 -2.192279973E-03 5.078065591E-01
 -2.451352996E-01 -1.000000000E-03 3.408539558E-02 -2.196792857E-03 5.159361757E-01
 -2.451319609E-01 -1.000000000E-03 3.407684867E-02 -2.197101510E-03 5.167567644E-01
 -2.451337090E-01 -1.000000000E-03 3.408115482E-02 -2.197052929E-03 5.164095417E-01
 -2.457401639E-01 -1.000000000E-03 3.588390518E-02 -2.044017588E-03 3.315921092E-01
 -2.457932734E-01 -1.000000000E-03 3.607206021E-02 -2.012015261E-03 3.102037395E-01
 -2.457709437E-01 -1.000000000E-03 3.598402044E-02 -2.031869334E-03 3.205961330E-01
 -2.457684118E-01 -1.000000000E-03 3.597511124E-02 -2.033660999E-03 3.216478750E-01
 -2.457697616E-01 -1.000000000E-03 3.597960386E-02 -2.032929832E-03 3.212096387E-01
 -2.461894010E-01 -1.000000000E-03 3.783303666E-02 -1.519763643E-03 9.543789844E-02
 -2.462222940E-01 -1.000000000E-03 3.802844441E-02 -1.444013804E-03 6.957624588E-02
 -2.462097525E-01 -1.000000000E-03 3.793721500E-02 -1.484712647E-03 8.227306552E-02
 -2.462081755E-01 -1.000000000E-03 3.792795861E-02 -1.488821774E-03 8.349092655E-02
 -2.462090535E-01 -1.000000000E-03 3.793263253E-02 -1.487032179E-03 8.299892718E-02
 -2.462019380E-01 -1.000000000E-03 4.341204442E-02 2.160061826E-03 -7.017653150E-01
 -2.462019380E-01 -1.000000000E-03 4.341204442E-02 2.160061826E-03 -7.017653150E-01
 -2.464230237E-01 -1.000000000E-03 4.000420484E-02 -4.155759381E-04 -2.069426766E-01
 -2.464137911E-01 -1.000000000E-03 3.981959745E-02 -5.261575616E-04 -1.801083744E-01
 -2.464219042E-01 -1.000000000E-03 3.992741686E-02 -4.633566202E-04 -1.952603203E-01
 -2.464214341E-01 -1.000000000E-03 3.991785915E-02 -4.700888359E-04 -1.939021920E-01
 -2.464217593E-01 -1.000000000E-03 3.992269423E-02 -4.671004926E-04 -1.944109474E-01
 -2.433633334E-01 -1.000000000E-03 3.045270608E-02 -1.815523439E-03 7.903236740E-01
 -2.433816015E-01 -1.000000000E-03 3.048283942E-02 -1.820625287E-03 7.886895467E-01
 -2.433789685E-01 -1.000000000E-03 3.047835306E-02 -1.819872610E-03 7.889377546E-01
 -2.433802773E-01 -1.000000000E-03 3.048052816E-02 -1.820177235E-03 7.888456580E-01
 -2.399448179E-01 -1.000000000E-03 5.389366062E-02 9.380046120E-03 -1.547277366E+00
 -2.405845674E-01 -1.000000000E-03 5.330107556E-02 9.157091485E-03 -1.549216542E+00
 -2.398316360E-01 -1.000000000E-03 5.399455442E-02 9.389620314E-03 -1.547259540E+00
 -2.391906796E-01 -1.000000000E-03 5.454537364E-02 9.440170856E-03 -1.551684930E+00
 -2.406632363E-01 -1.000000000E-03 5.322533060E-02 9.141753982E-03 -1.548187087E+00
 -2.419933178E-01 -1.000000000E-03 5.183151730E-02 8.671862019E-03 -1.516440357E+00
 -2.420513383E-01 -1.000000000E-03 5.176521112E-02 8.648430737E-03 -1.513972277E+00
 -2.432407687E-01 -1.000000000E-03 5.026547553E-02 7.920866696E-03 -1.444329537E+00
 -2.432920877E-01 -1.000000000E-03 5.019396130E-02 7.882143172E-03 -1.440148501E+00
 -2.443224292E-01 -1.000000000E-03 4.858103533E-02 6.874553697E-03 -1.327663914E+00
 -2.443657048E-01 -1.000000000E-03 4.850452959E-02 6.815926758E-03 -1.321071937E+00
 -2.458390955E-01 -1.000000000E-03 4.498059284E-02 3.856944826E-03 -9.199939558E-01
 -2.452398489E-01 -1.000000000E-03 4.670428922E-02 5.372414712E-03 -1.130640894E+00
 -2.458924497E-01 -1.000000000E-03 4.478855050E-02 3.658490537E-03 -8.992832062E-01
 -2.460435028E-01 -1.000000000E-03 4.418920849E-02 3.225906960E-03 -7.889413312E-01
 -2.452060538E-01 -1.000000000E-03 4.678524461E-02 5.451400305E-03 -1.139850972E+00
 -2.390543181E-01 -1.000000000E-03 5.465851738E-02 9.437843670E-03 -1.553199880E+00
 -2.383814240E-01 -1.000000000E-03 5.519695076E-02 9.302574149E-03 -1.553219039E+00
 -2.382517106E-01 -1.000000000E-03 5.529754498E-02 9.274859100E-03 -1.552764586E+00
 -2.375156387E-01 -1.000000000E-03 5.584737612E-02 9.196713343E-03 -1.537364316E+00
 -2.373454343E-01 -1.000000000E-03 5.597063383E-02 9.180407574E-03 -1.533955741E+00
 -2.365291640E-01 -1.000000000E-03 5.653910795E-02 9.134425986E-03 -1.521837991E+00
 -2.363490157E-01 -1.000000000E-03 5.666046065E-02 9.119410541E-03 -1.520179960E+00
 -2.354527566E-01 -1.000000000E-03 5.724146514E-02 9.022152962E-03 -1.504624670E+00
 -2.352463619E-01 -1.000000000E-03 5.737068965E-02 8.983632327E-03 -1.501191231E+00
 -2.342178273E-01 -1.000000000E-03 5.798897988E-02 8.788071132E-03 -1.480982321E+00
 -2.340526858E-01 -1.000000000E-03 5.808492011E-02 8.759771678E-03 -1.478189843E+00
 -2.328689798E-01 -1.000000000E-03 5.874358720E-02 8.597978509E-03 -1.457116719E+00
 -2.326300860E-01 -1.000000000E-03 5.887171618E-02 8.556153323E-03 -1.452950805E+00
 -2.313533884E-01 -1.000000000E-03 5.952711121E-02 8.309125836E-03 -1.424883555E+00
 -2.311121883E-01 -1.000000000E-03 5.964655395E-02 8.272689230E-03 -1.420006554E+00
 -2.297110695E-01 -1.000000000E-03 6.031060937E-02 8.128334517E-03 -1.393007771E+00
 -2.293840970E-01 -1.000000000E-03 6.046017217E-02 8.095646146E-03 -1.388161674E+00
 -2.278057299E-01 -1.000000000E-03 6.114773930E-02 7.910847042E-03 -1.361459246E+00
 -2.274456550E-01 -1.000000000E-03 6.129856309E-02 7.853297011E-03 -1.356272695E+00
 -2.256764156E-01 -1.000000000E-03 6.200333196E-02 7.575883424E-03 -1.326142162E+00
 -2.252794998E-01 -1.000000000E-03 6.215498332E-02 7.507409402E-03 -1.319540649E+00
 -2.231826071E-01 -1.000000000E-03 6.291305859E-02 7.155299374E-03 -1.283199939E+00
 -2.228412889E-01 -1.000000000E-03 6.303142867E-02 7.102383327E-03 -1.278192247E+00
 -2.202807623E-01 -1.000000000E-03 6.386618789E-02 6.817428263E-03 -1.243274232E+00
 -2.197293990E-01 -1.000000000E-03 6.403734098E-02 6.742489631E-03 -1.236470025E+00
 -2.168547938E-01 -1.000000000E-03 6.487119741E-02 6.409475634E-03 -1.199419874E+00
 -2.162228376E-01 -1.000000000E-03 6.504476312E-02 6.321523910E-03 -1.191746111E+00
 -2.131232651E-01 -1.000000000E-03 6.583760386E-02 6.063399320E-03 -1.151202167E+00
 -2.122212796E-01 -1.000000000E-03 6.605501443E-02 5.970893002E-03 -1.140382978E+00
 -2.087921261E-01 -1.000000000E-03 6.681975589E-02 5.765228017E-03 -1.108009158E+00
 -2.074108551E-01 -1.000000000E-03 6.710760167E-02 5.627642869E-03 -1.095005689E+00
 -2.462019380E-01 -1.000000000E-03 4.341204442E-02 2.160061826E-03 -7.017653150E-01
 -2.411813664E-01 -1.000000000E-03 5.270499528E-02 8.914114563E-03 -1.540449017E+00
 -2.415079891E-01 -1.000000000E-03 5.236146472E-02 8.798788985E-03 -1.532493186E+00
 -2.413410458E-01 -1.000000000E-03 5.254416788E-02 8.886920286E-03 -1.537379863E+00
 -2.413220155E-01 -1.000000000E-03 5.256416322E-02 8.896261305E-03 -1.538425000E+00
 -2.413314996E-01 -1.000000000E-03 5.255445511E-02 8.887888007E-03 -1.537738630E+00
 -2.424899116E-01 -1.000000000E-03 5.123862542E-02 8.341418958E-03 -1.493851541E+00
 -2.428076175E-01 -1.000000000E-03 5.083796850E-02 8.145920780E-03 -1.475261416E+00
 -2.426581474E-01 -1.000000000E-03 5.103604031E-02 8.268863723E-03 -1.485401834E+00
 -2.426409779E-01 -1.000000000E-03 5.105774297E-02 8.281218250E-03 -1.486729173E+00
 -2.426495755E-01 -1.000000000E-03 5.104719796E-02 8.273082566E-03 -1.485865544E+00
 -2.436757571E-01 -1.000000000E-03 4.962731996E-02 7.471558421E-03 -1.406947708E+00
 -2.439520575E-01 -1.000000000E-03 4.919470295E-02 7.200007564E-03 -1.376788752E+00
 -2.438236078E-01 -1.000000000E-03 4.940820943E-02 7.358385232E-03 -1.393561273E+00
 -2.438086810E-01 -1.000000000E-03 4.943164544E-02 7.374971668E-03 -1.395146686E+00
 -2.438162081E-01 -1.000000000E-03 4.942024502E-02 7.364914994E-03 -1.393975388E+00
 -2.446836989E-01 -1.000000000E-03 4.790015541E-02 6.247737774E-03 -1.267743787E+00
 -2.456069724E-01 -1.000000000E-03 4.571833030E-02 4.331693722E-03 -1.019816949E+00
 -2.454816495E-01 -1.000000000E-03 4.606759044E-02 4.664060710E-03 -1.060798200E+00
 -2.455750113E-01 -1.000000000E-03 4.582108077E-02 4.430509141E-03 -1.032780190E+00
 -2.455685307E-01 -1.000000000E-03 4.583989298E-02 4.450269000E-03 -1.035199944E+00
 -2.449102881E-01 -1.000000000E-03 4.743644852E-02 5.880801509E-03 -1.218769798E+00
 -2.448070154E-01 -1.000000000E-03 4.766477091E-02 6.073017724E-03 -1.246198747E+00
 -2.447947839E-01 -1.000000000E-03 4.768989465E-02 6.094473243E-03 -1.248735499E+00
 -2.448010226E-01 -1.000000000E-03 4.767765413E-02 6.081254031E-03 -1.247134864E+00
 -2.462019380E-01 -1.000000000E-03 4.341204442E-02 2.160061826E-03 -7.017653150E-01
 -2.028067588E-01 -1.000000000E-03 6.797755787E-02 5.132435021E-03 -1.051102798E+00
 -2.074108551E-01 -1.000000000E-03 6.710760167E-02 5.627642869E-03 -1.095005689E+00
 -2.023112983E-01 -1.000000000E-03 6.806444127E-02 5.081984594E-03 -1.046914553E+00
 -1.697481723E-01 -1.000000000E-03 7.151813994E-02 3.695083297E-03 -8.334456734E-01
 -1.687701650E-01 -1.000000000E-03 7.157175836E-02 3.671814238E-03 -8.288408600E-01
 -1.576245963E-01 -1.000000000E-03 7.199564512E-02 3.474041233E-03 -7.793625582E-01
 -1.555918376E-01 -1.000000000E-03 7.205058384E-02 3.429447848E-03 -7.705042816E-01
 -1.424716876E-01 -1.000000000E-03 7.216128512E-02 3.143344114E-03 -7.163582153E-01
 -1.386981557E-01 -1.000000000E-03 7.214792210E-02 3.075353262E-03 -7.020740166E-01
 -1.237708265E-01 -1.000000000E-03 7.183842897E-02 2.823527389E-03 -6.505169871E-01
 -1.204655326E-01 -1.000000000E-03 7.173447570E-02 2.703355842E-03 -6.399097629E-01
 -1.026700890E-01 -1.000000000E-03 7.086559872E-02 2.433528045E-03 -5.933956306E-01
 -9.693670547E-02 -1.000000000E-03 7.052985141E-02 2.414410450E-03 -5.790900895E-01
 -7.525868054E-02 -1.000000000E-03 6.885959527E-02 2.240454589E-03 -5.235001335E-01
 -6.894020488E-02 -1.000000000E-03 6.830393355E-02 2.193554714E-03 -5.078250675E-01
 -4.434097034E-02 -1.000000000E-03 6.574302178E-02 1.905032371E-03 -4.527086309E-01
 -3.551644193E-02 -1.000000000E-03 6.471674293E-02 1.839094190E-03 -4.343778040E-01
 -1.024378910E-02 -1.000000000E-03 6.145483661E-02 1.603770591E-03 -3.821774306E-01
 -1.682834925E-03 -1.000000000E-03 6.025005619E-02 1.547694756E-03 -3.655755701E-01
 2.314237343E-02 -1.000000000E-03 5.650874019E-02 1.378728724E-03 -3.214022422E-01
 3.447590554E-02 -1.000000000E-03 5.468519237E-02 1.328218626E-03 -3.013161886E-01
 6.152387341E-02 -1.000000000E-03 5.005532774E-02 1.201635012E-03 -2.511364101E-01
 7.542689356E-02 -1.000000000E-03 4.755802298E-02 1.154192181E-03 -2.275157470E-01
 1.323049860E-01 -1.000000000E-03 3.644624231E-02 6.331402394E-04 -1.444548604E-01
 1.626692728E-01 -1.000000000E-03 3.000742668E-02 5.705617041E-04 -1.002426057E-01
 1.313114377E-01 -1.000000000E-03 3.665178232E-02 6.346253256E-04 -1.459361002E-01
 1.682304225E-01 -1.000000000E-03 2.879776303E-02 5.667306391E-04 -9.234157146E-02
 -2.001511303E-01 -1.000000000E-03 6.840573539E-02 4.820600031E-03 -1.026065800E+00
 -1.968487914E-01 -1.000000000E-03 6.893208711E-02 4.507029668E-03 -9.951014629E-01
 -1.960638485E-01 -1.000000000E-03 6.904114934E-02 4.473226194E-03 -9.889496357E-01
 -1.894283374E-01 -1.000000000E-03 6.989370740E-02 4.006931081E-03 -9.482707380E-01
 -1.816968520E-01 -1.000000000E-03 7.065831260E-02 3.662717065E-03 -8.948226954E-01
 -1.742546499E-01 -1.000000000E-03 7.120722952E-02 3.621419435E-03 -8.557992768E-01
 -1.799786066E-01 -1.000000000E-03 7.082190358E-02 3.595848324E-03 -8.848624723E-01
 9.860642678E-02 -1.000000000E-03 4.316584421E-02 7.347438700E-04 -1.914474360E-01
 1.036363846E-01 -1.000000000E-03 4.221611467E-02 7.005477042E-04 -1.839435763E-01
 1.228242803E-01 -1.000000000E-03 3.835691451E-02 6.420594966E-04 -1.575465575E-01
 4 1
 1 2
 2 3
 3 27
 27 28
 22 6
 6 7
 7 8
 8 9
 9 24
 24 25
 25 26
 26 10
 10 11
 11 12
 12 13
 13 14
 14 15
 15 16
 16 17
 17 18
 18 19
 19 20
 23 22
 4 5
 5 21
 21 23
 29 31
 31 68
 68 69
 30 29
 32 30
 32 70
 70 71
 71 72
 72 33
 33 34
 34 35
 35 36
 36 37
 37 44
 44 45
 45 50
 50 51
 51 59
 59 58
 58 49
 49 48
 48 39
 39 38
 38 42
 42 43
 43 40
 40 41
 41 46
 46 47
 47 60
 60 61
 61 63
 63 62
 62 55
 55 54
 54 53
 53 52
 52 57
 57 56
 56 64
 64 65
 65 66
 66 67
 73 75
 75 76
 77 74
 74 73
 79 78
 78 77
 81 80
 80 79
 83 82
 82 81
 85 84
 84 83
 87 86
 86 85
 87 88
 88 91
 91 92
 92 89
 89 90
 90 93
 93 94
 94 95
 95 96
 96 97
 97 98
 98 99
 99 100
 100 101
 101 102
 102 103
 103 104
 104 105
 105 106
 106 107
 107 108
 108 109
 109 138
 138 139
 139 140
 140 129
 129 130
 130 131
 131 136
 136 137
 137 133
 133 132
 132 134
 134 135
 135 127
 127 128
 128 125
 125 126
 126 123
 123 124
 124 122
 122 121
 121 117
 117 116
 116 113
 113 112
 112 111
 111 110
 110 114
 114 115
 115 118
 118 119
 119 120
 141 142
 142 178
 178 182
 182 183
 183 181
 181 180
 180 143
 143 144
 144 184
 184 187
 187 188
 188 186
 186 185
 185 145
 145 146
 146 189
 189 192
 192 193
 193 191
 191 190
 190 147
 147 148
 148 194
 194 197
 197 198
 198 196
 196 195
 195 149
 149 155
 155 202
 202 204
 204 205
 205 203
 203 201
 201 152
 152 153
 153 154
 154 150
 150 151
 151 199
 199 200
 141 179
 179 207
 207 209
 209 208
 208 206
 206 156
 156 157
 157 158
 158 159
 159 160
 160 161
 161 162
 162 163
 163 164
 164 165
 165 166
 166 167
 167 168
 168 169
 169 170
 170 171
 171 172
 172 173
 173 174
 174 175
 175 176
 176 177
 210 212
 212 213
 213 226
 226 227
 227 228
 228 229
 229 230
 230 231
 231 232
 232 233
 233 234
 234 235
 235 236
 236 237
 237 238
 238 239
 239 240
 240 241
 241 242
 242 243
 243 244
 244 245
 245 246
 246 247
 247 248
 248 249
 249 250
 250 251
 251 252
 252 253
 253 254
 254 255
 255 256
 280 273
 273 220
 220 219
 219 269
 269 270
 270 272
 272 271
 271 268
 268 218
 218 217
 217 264
 264 265
 265 267
 267 266
 266 263
 263 216
 216 215
 215 259
 259 260
 260 262
 262 261
 261 258
 258 214
 214 211
 211 210
 257 282
 282 224
 224 223
 223 221
 221 274
 274 276
 276 277
 277 275
 275 222
 222 225
 225 278
 278 279
 279 281
 281 280
 283 285
 285 310
 310 311
 311 312
 312 313
 313 314
 314 316
 316 315
 315 286
 286 287
 287 288
 288 289
 289 290
 290 291
 291 292
 292 293
 293 294
 294 295
 295 296
 296 297
 297 298
 298 299
 299 300
 300 301
 301 302
 302 303
 303 304
 304 305
 305 317
 317 318
 318 319
 319 308
 308 306
 306 307
 307 309
 284 283
ZONE T="Slice: Y=-0.035"
 STRANDID=0, SOLUTIONTIME=0
 Nodes=303, Elements=296, ZONETYPE=FELineSeg
 DATAPACKING=POINT
 DT=(DOUBLE DOUBLE DOUBLE DOUBLE DOUBLE )
 7.374712109E-01 -3.500000000E-02 -1.302017351E-01 3.768924266E-03 4.360909418E-01
 7.376314890E-01 -3.500000000E-02 -1.302065946E-01 3.854782073E-03 3.929856271E-01
 7.386058150E-01 -3.500000000E-02 -1.302361330E-01 4.017310256E-03 1.099384908E-01
 7.376805414E-01 -3.500000000E-02 -1.299307861E-01 2.435505748E-03 3.741289376E-01
 7.370446845E-01 -3.500000000E-02 -1.301887157E-01 3.172190516E-03 4.278665495E-01
 7.355575802E-01 -3.500000000E-02 -1.301431984E-01 1.625547929E-03 4.064671394E-01
 7.360872355E-01 -3.500000000E-02 -1.301595021E-01 1.665316734E-03 4.070195681E-01
 7.341913557E-01 -3.500000000E-02 -1.301010196E-01 1.553941611E-03 4.045362422E-01
 7.308033615E-01 -3.500000000E-02 -1.299948380E-01 1.617306553E-03 4.032301638E-01
 7.305034798E-01 -3.500000000E-02 -1.299854198E-01 1.622517996E-03 4.031280075E-01
 7.299551207E-01 -3.500000000E-02 -1.299678138E-01 1.624822251E-03 4.029573698E-01
 7.233617835E-01 -3.500000000E-02 -1.297540165E-01 1.648670112E-03 4.007478928E-01
 7.262809489E-01 -3.500000000E-02 -1.298500502E-01 1.641104031E-03 4.027607054E-01
 7.201390528E-01 -3.500000000E-02 -1.296474829E-01 1.661544232E-03 3.992114070E-01
 7.100194137E-01 -3.500000000E-02 -1.292973288E-01 1.715602646E-03 3.935622479E-01
 7.079759138E-01 -3.500000000E-02 -1.292267354E-01 1.725434516E-03 3.923756797E-01
 7.067007455E-01 -3.500000000E-02 -1.291803392E-01 1.730255178E-03 3.918526316E-01
 6.935736189E-01 -3.500000000E-02 -1.286932953E-01 1.754026654E-03 3.867820641E-01
 6.800130497E-01 -3.500000000E-02 -1.281566238E-01 1.763612310E-03 3.812677911E-01
 6.659265400E-01 -3.500000000E-02 -1.275761784E-01 1.765988017E-03 3.761652325E-01
 5.360015911E-01 -3.500000000E-02 -1.207557012E-01 1.936696244E-03 3.489950118E-01
 5.479665339E-01 -3.500000000E-02 -1.214795079E-01 1.917019434E-03 3.505621781E-01
 5.694598983E-01 -3.500000000E-02 -1.227485460E-01 1.888707608E-03 3.534680179E-01
 5.909774009E-01 -3.500000000E-02 -1.239372194E-01 1.856023110E-03 3.579279815E-01
 6.018438659E-01 -3.500000000E-02 -1.245252597E-01 1.840398035E-03 3.600579404E-01
 6.400356705E-01 -3.500000000E-02 -1.264074919E-01 1.787019246E-03 3.689628350E-01
 6.314381421E-01 -3.500000000E-02 -1.260090812E-01 1.795964669E-03 3.666957706E-01
 6.345984547E-01 -3.500000000E-02 -1.261649345E-01 1.791197033E-03 3.674406397E-01
 7.375862062E-01 -3.500000000E-02 -1.298996550E-01 2.241071490E-03 3.992756160E-01
 7.374730658E-01 -3.500000000E-02 -1.298623378E-01 2.097973640E-03 4.001224571E-01
 7.356401699E-01 -3.500000000E-02 -1.292580954E-01 5.077985733E-04 4.067566697E-01
 7.365347142E-01 -3.500000000E-02 -1.295528392E-01 8.706641079E-04 4.064171886E-01
 7.344324599E-01 -3.500000000E-02 -1.288601862E-01 1.321157339E-04 4.071050291E-01
 7.325741886E-01 -3.500000000E-02 -1.282488728E-01 1.140590467E-05 4.060466771E-01
 7.307584730E-01 -3.500000000E-02 -1.276523465E-01 -4.138093234E-05 4.056310541E-01
 7.317942908E-01 -3.500000000E-02 -1.279923426E-01 -3.085962284E-05 4.059065485E-01
 7.238904011E-01 -3.500000000E-02 -1.254018169E-01 -6.312256322E-05 4.048846124E-01
 7.275814037E-01 -3.500000000E-02 -1.266094399E-01 -7.088225768E-05 4.060094006E-01
 7.198336355E-01 -3.500000000E-02 -1.240762500E-01 -5.866870078E-05 4.018845597E-01
 7.134358886E-01 -3.500000000E-02 -1.219972753E-01 -3.480581041E-05 3.991835196E-01
 7.082754182E-01 -3.500000000E-02 -1.203190267E-01 -2.127664537E-05 3.965320549E-01
 7.044795609E-01 -3.500000000E-02 -1.190939031E-01 -1.042197590E-05 3.953116171E-01
 7.082754182E-01 -3.500000000E-02 -1.203190267E-01 -2.127664537E-05 3.965320549E-01
 3.853145203E-01 -3.500000000E-02 -2.472009844E-02 1.044308337E-03 1.565966815E-01
 4.763112464E-01 -3.500000000E-02 -4.993661290E-02 7.178047656E-04 2.428077800E-01
 3.893673091E-01 -3.500000000E-02 -2.581958391E-02 1.032509803E-03 1.603410274E-01
 4.098353819E-01 -3.500000000E-02 -3.137851230E-02 9.179139776E-04 1.805172700E-01
 1.682639416E-01 -3.500000000E-02 2.879309059E-02 2.126908066E-03 -9.757478192E-02
 6.379734723E-01 -3.500000000E-02 -9.802118656E-02 1.427138154E-04 3.620953524E-01
 6.950151793E-01 -3.500000000E-02 -1.160420485E-01 1.676936644E-06 3.914110747E-01
 6.832543678E-01 -3.500000000E-02 -1.122872448E-01 3.035459731E-05 3.836837428E-01
 4.769663176E-01 -3.500000000E-02 -5.012309980E-02 7.157016927E-04 2.433222921E-01
 5.098748176E-01 -3.500000000E-02 -5.957931994E-02 5.753398368E-04 2.683625195E-01
 3.805148183E-01 -3.500000000E-02 -2.344242964E-02 1.065300614E-03 1.517871260E-01
 3.542664466E-01 -3.500000000E-02 -1.644240288E-02 1.158030921E-03 1.274735130E-01
 6.382129818E-01 -3.500000000E-02 -9.809601523E-02 1.421256480E-04 3.622108523E-01
 6.678806016E-01 -3.500000000E-02 -1.073969099E-01 5.412427483E-05 3.760849022E-01
 5.175308807E-01 -3.500000000E-02 -6.180547466E-02 5.468423919E-04 2.751760739E-01
 5.445610611E-01 -3.500000000E-02 -6.972762395E-02 4.460481329E-04 2.960626364E-01
 2.706615369E-01 -3.500000000E-02 4.903988625E-03 1.527548971E-03 3.485474664E-02
 2.756293110E-01 -3.500000000E-02 3.676109722E-03 1.496546928E-03 3.980684760E-02
 4.726954095E-01 -3.500000000E-02 -4.891925245E-02 7.292815502E-04 2.394702243E-01
 4.354191211E-01 -3.500000000E-02 -3.844020634E-02 8.400316799E-04 2.051695496E-01
 4.407037464E-01 -3.500000000E-02 -3.991035454E-02 8.233828134E-04 2.097333462E-01
 4.380203370E-01 -3.500000000E-02 -3.915834483E-02 8.265769886E-04 2.075157885E-01
 5.563316922E-01 -3.500000000E-02 -7.322124973E-02 4.043187040E-04 3.041305075E-01
 5.763761187E-01 -3.500000000E-02 -7.920360713E-02 3.203412527E-04 3.193021435E-01
 3.232957509E-01 -3.500000000E-02 -8.373299778E-03 1.296865601E-03 9.703553258E-02
 3.203328518E-01 -3.500000000E-02 -7.604271852E-03 1.308105144E-03 9.399543265E-02
 3.211564913E-01 -3.500000000E-02 -7.815157750E-03 1.303945486E-03 9.469878391E-02
 6.375591544E-01 -3.500000000E-02 -9.789366781E-02 1.439191338E-04 3.618444863E-01
 5.963789089E-01 -3.500000000E-02 -8.525472470E-02 2.575705306E-04 3.348449467E-01
 6.080703553E-01 -3.500000000E-02 -8.880634598E-02 2.169181654E-04 3.442812200E-01
 1.538209861E-01 -3.500000000E-02 3.190221713E-02 2.271602773E-03 -1.192186607E-01
 1.405459827E-01 -3.500000000E-02 3.473008782E-02 2.343675794E-03 -1.352435395E-01
 1.844477385E-01 -3.500000000E-02 2.518179721E-02 2.057081683E-03 -7.448698615E-02
 2.014933413E-01 -3.500000000E-02 2.135011786E-02 1.941398648E-03 -4.910274919E-02
 1.948211540E-01 -3.500000000E-02 2.287838434E-02 1.965853170E-03 -5.800500584E-02
 2.333225501E-01 -3.500000000E-02 1.394039490E-02 1.754742855E-03 -8.317303297E-03
 2.346116208E-01 -3.500000000E-02 1.363480248E-02 1.746716824E-03 -6.616120051E-03
 -2.164362719E-01 -3.500000000E-02 7.017015274E-03 1.228736435E-03 8.559757391E-01
 -2.184135739E-01 -3.500000000E-02 8.239426384E-03 1.201729804E-03 8.711615061E-01
 -2.204019871E-01 -3.500000000E-02 9.468808945E-03 1.164379348E-03 8.864460133E-01
 -2.126911597E-01 -3.500000000E-02 4.837030186E-03 1.254479546E-03 8.342443207E-01
 -2.125743532E-01 -3.500000000E-02 4.768851141E-03 1.254977794E-03 8.335740892E-01
 -2.125436132E-01 -3.500000000E-02 4.751534194E-03 1.255111895E-03 8.333407402E-01
 -2.082215945E-01 -3.500000000E-02 2.379056987E-03 1.311133171E-03 8.040609717E-01
 -2.070225349E-01 -3.500000000E-02 1.734629010E-03 1.334764440E-03 7.976310939E-01
 -2.059873237E-01 -3.500000000E-02 1.206360231E-03 1.358923498E-03 7.932273879E-01
 -1.992345159E-01 -3.500000000E-02 -2.212073648E-03 1.472557241E-03 7.574674480E-01
 -1.989193256E-01 -3.500000000E-02 -2.363676316E-03 1.476191139E-03 7.557574208E-01
 -1.914546533E-01 -3.500000000E-02 -5.861358108E-03 1.591321261E-03 7.206673988E-01
 -1.902104022E-01 -3.500000000E-02 -6.414719703E-03 1.609410610E-03 7.149838972E-01
 -1.385635449E-01 -3.500000000E-02 -2.593821429E-02 2.155635236E-03 5.721025065E-01
 -1.836203528E-01 -3.500000000E-02 -9.300736257E-03 1.705186477E-03 6.903256036E-01
 -1.370010998E-01 -3.500000000E-02 -2.644061015E-02 2.164404267E-03 5.689772971E-01
 -1.157581777E-01 -3.500000000E-02 -3.296380395E-02 2.255771932E-03 5.321486663E-01
 -1.756333659E-01 -3.500000000E-02 -1.257695659E-02 1.806525539E-03 6.669268296E-01
 -1.131873496E-01 -3.500000000E-02 -3.371206528E-02 2.263929915E-03 5.282975034E-01
 -1.734461631E-01 -3.500000000E-02 -1.347462344E-02 1.836784865E-03 6.602200368E-01
 -1.394592723E-02 -3.500000000E-02 -5.776376081E-02 2.396300629E-03 4.351844815E-01
 -1.526923844E-01 -3.500000000E-02 -2.111098948E-02 2.041576336E-03 6.041449242E-01
 -1.583854788E-01 -3.500000000E-02 -1.915659047E-02 1.994975390E-03 6.171910994E-01
 -1.578894764E-01 -3.500000000E-02 -1.933916888E-02 1.999747207E-03 6.160056297E-01
 -1.580985972E-01 -3.500000000E-02 -1.926484845E-02 1.997884520E-03 6.164167156E-01
 -1.007836782E-02 -3.500000000E-02 -5.853789511E-02 2.399051816E-03 4.326971051E-01
 1.745826266E-02 -3.500000000E-02 -6.389405476E-02 2.425263968E-03 4.158792091E-01
 2.839448847E-02 -3.500000000E-02 -6.589249995E-02 2.433319928E-03 4.098340153E-01
 5.234693647E-02 -3.500000000E-02 -7.010366885E-02 2.440891334E-03 3.976564975E-01
 -9.616997464E-02 -3.500000000E-02 -3.841591467E-02 2.315737169E-03 5.069342776E-01
 -8.993517557E-02 -3.500000000E-02 -4.014498472E-02 2.334721682E-03 4.990926133E-01
 -8.918323905E-02 -3.500000000E-02 -4.034215115E-02 2.336448689E-03 4.983573564E-01
 -6.327772618E-02 -3.500000000E-02 -4.684778498E-02 2.367711119E-03 4.725414052E-01
 -6.263277009E-02 -3.500000000E-02 -4.700129603E-02 2.368278639E-03 4.718615496E-01
 -2.192613128E-02 -3.500000000E-02 -5.606462398E-02 2.393764271E-03 4.388760685E-01
 -3.904725692E-02 -3.500000000E-02 -5.242695473E-02 2.383229275E-03 4.476321377E-01
 6.803287886E-02 -3.500000000E-02 -7.270319177E-02 2.440765530E-03 3.913833088E-01
 8.965137118E-02 -3.500000000E-02 -7.614420741E-02 2.436503415E-03 3.841857148E-01
 1.101773782E-01 -3.500000000E-02 -7.923112439E-02 2.420703435E-03 3.789135726E-01
 3.676036410E-01 -3.500000000E-02 -1.083033441E-01 2.191734206E-03 3.393592634E-01
 3.694545713E-01 -3.500000000E-02 -1.084596042E-01 2.188858030E-03 3.392667717E-01
 1.494441068E-01 -3.500000000E-02 -8.476090795E-02 2.359337914E-03 3.679169111E-01
 1.330815109E-01 -3.500000000E-02 -8.251109175E-02 2.395782100E-03 3.736346387E-01
 2.249225534E-01 -3.500000000E-02 -9.410212734E-02 2.258852473E-03 3.522106719E-01
 2.028549958E-01 -3.500000000E-02 -9.152539219E-02 2.274023519E-03 3.541116645E-01
 2.286465518E-01 -3.500000000E-02 -9.452734817E-02 2.257209404E-03 3.518490013E-01
 2.579342404E-01 -3.500000000E-02 -9.774562684E-02 2.253577360E-03 3.483825274E-01
 3.655636824E-01 -3.500000000E-02 -1.081212708E-01 2.192858170E-03 3.392901450E-01
 3.382055521E-01 -3.500000000E-02 -1.056861761E-01 2.207652623E-03 3.391485202E-01
 2.642113625E-01 -3.500000000E-02 -9.841056527E-02 2.254658646E-03 3.483183486E-01
 2.963416107E-01 -3.500000000E-02 -1.016735021E-01 2.251784466E-03 3.441887377E-01
 3.057397069E-01 -3.500000000E-02 -1.026181986E-01 2.249727954E-03 3.431359769E-01
 3.035759078E-01 -3.500000000E-02 -1.024106613E-01 2.251005962E-03 3.434453260E-01
 3.044527938E-01 -3.500000000E-02 -1.024973900E-01 2.250740031E-03 3.431516062E-01
 1.636103200E-01 -3.500000000E-02 -8.660438109E-02 2.344269238E-03 3.631876228E-01
 1.815767715E-01 -3.500000000E-02 -8.891912008E-02 2.308636570E-03 3.577884296E-01
 1.745229414E-01 -3.500000000E-02 -8.803950781E-02 2.314846530E-03 3.587054272E-01
 -2.463270240E-01 -3.500000000E-02 3.878081251E-02 -1.038878657E-03 1.751703318E-01
 -2.463581311E-01 -3.500000000E-02 3.906341539E-02 -8.935630038E-04 1.392381998E-01
 -2.463455644E-01 -3.500000000E-02 3.892632851E-02 -9.967479464E-04 1.569939155E-01
 -2.459925571E-01 -3.500000000E-02 3.685266867E-02 -1.692251941E-03 4.361120429E-01
 -2.460362710E-01 -3.500000000E-02 3.704650668E-02 -1.653383436E-03 4.136327548E-01
 -2.455062199E-01 -3.500000000E-02 3.512151304E-02 -1.833894329E-03 6.192607429E-01
 -2.454442768E-01 -3.500000000E-02 3.493613859E-02 -1.839670670E-03 6.356797460E-01
 -2.447857837E-01 -3.500000000E-02 3.323742367E-02 -1.698394267E-03 7.676756397E-01
 -2.447069056E-01 -3.500000000E-02 3.305855791E-02 -1.670457981E-03 7.790413971E-01
 -2.439177396E-01 -3.500000000E-02 3.144363006E-02 -1.417604235E-03 8.676731400E-01
 -2.438199179E-01 -3.500000000E-02 3.126202968E-02 -1.391375151E-03 8.762634929E-01
 -2.463463022E-01 -3.500000000E-02 4.239345437E-02 1.378940209E-03 -3.908279408E-01
 -2.430874392E-01 -3.500000000E-02 2.999063800E-02 -1.230847033E-03 9.171322040E-01
 -2.463018851E-01 -3.500000000E-02 4.271684425E-02 1.645141716E-03 -4.421114157E-01
 -2.462019380E-01 -3.500000000E-02 4.341204442E-02 2.281634644E-03 -5.585726381E-01
 -2.461932147E-01 -3.500000000E-02 3.784205233E-02 -1.399086363E-03 3.208545041E-01
 -2.462045704E-01 -3.500000000E-02 3.790789383E-02 -1.370839868E-03 3.106999154E-01
 -2.457732067E-01 -3.500000000E-02 3.599368267E-02 -1.789528592E-03 5.392311437E-01
 -2.457544889E-01 -3.500000000E-02 3.592683665E-02 -1.795380693E-03 5.462482910E-01
 -2.451306538E-01 -3.500000000E-02 3.407402467E-02 -1.790194774E-03 7.169894378E-01
 -2.451152421E-01 -3.500000000E-02 3.403430617E-02 -1.786699025E-03 7.201126353E-01
 -2.443293833E-01 -3.500000000E-02 3.224842292E-02 -1.549718121E-03 8.325444935E-01
 -2.442980072E-01 -3.500000000E-02 3.218442777E-02 -1.540201697E-03 8.360904521E-01
 -2.464171299E-01 -3.500000000E-02 3.984213310E-02 -4.919469005E-04 3.089854465E-02
 -2.464217886E-01 -3.500000000E-02 3.993382374E-02 -4.523384038E-04 1.806563844E-02
 -2.464378915E-01 -3.500000000E-02 4.082875918E-02 9.044335479E-05 -1.226714765E-01
 -2.464368378E-01 -3.500000000E-02 4.089357731E-02 1.439825518E-04 -1.343532528E-01
 -2.463801133E-01 -3.500000000E-02 4.199424453E-02 1.046936229E-03 -3.267904722E-01
 -2.464091471E-01 -3.500000000E-02 4.165280625E-02 7.823142531E-04 -2.735156318E-01
 -2.432978215E-01 -3.500000000E-02 3.034249127E-02 -1.234634864E-03 9.183027463E-01
 -2.434388632E-01 -3.500000000E-02 3.058278324E-02 -1.277804847E-03 9.088688409E-01
 -2.426938390E-01 -3.500000000E-02 2.936369170E-02 -1.146055327E-03 9.508745107E-01
 -2.426749412E-01 -3.500000000E-02 2.933396343E-02 -1.141241850E-03 9.518066846E-01
 -2.421581457E-01 -3.500000000E-02 2.855718002E-02 -9.061802295E-04 9.699222045E-01
 -2.421468262E-01 -3.500000000E-02 2.854072325E-02 -9.026454717E-04 9.702903234E-01
 -2.415052891E-01 -3.500000000E-02 2.763598016E-02 -7.462110826E-04 9.885061875E-01
 -2.414482437E-01 -3.500000000E-02 2.755838829E-02 -7.358312944E-04 9.898174726E-01
 -2.407114985E-01 -3.500000000E-02 2.658814434E-02 -5.779497243E-04 1.003142912E+00
 -2.406607314E-01 -3.500000000E-02 2.652330973E-02 -5.688959389E-04 1.004101490E+00
 -2.381173498E-01 -3.500000000E-02 2.356682593E-02 -5.915532504E-05 1.013462054E+00
 -2.385746155E-01 -3.500000000E-02 2.406620037E-02 -1.392326437E-04 1.017275036E+00
 -2.388782878E-01 -3.500000000E-02 2.440148434E-02 -2.062287497E-04 1.015722196E+00
 -2.398067757E-01 -3.500000000E-02 2.547310988E-02 -3.750918050E-04 1.013313570E+00
 -2.397305483E-01 -3.500000000E-02 2.538272114E-02 -3.586329894E-04 1.013930620E+00
 -2.372962260E-01 -3.500000000E-02 2.270774337E-02 2.613733080E-05 1.018702390E+00
 -2.371996598E-01 -3.500000000E-02 2.260786531E-02 3.726494517E-05 1.018610756E+00
 -2.361220745E-01 -3.500000000E-02 2.153533498E-02 2.078821894E-04 1.015373204E+00
 -2.360706791E-01 -3.500000000E-02 2.148553838E-02 2.143900649E-04 1.015231255E+00
 -2.346820687E-01 -3.500000000E-02 2.017783223E-02 3.658872888E-04 1.011211830E+00
 -2.345821490E-01 -3.500000000E-02 2.008679903E-02 3.765503424E-04 1.010568273E+00
 -2.328446697E-01 -3.500000000E-02 1.855126028E-02 5.461867146E-04 9.970871496E-01
 -2.327578924E-01 -3.500000000E-02 1.847708883E-02 5.544079543E-04 9.964645890E-01
 -2.304602517E-01 -3.500000000E-02 1.658562184E-02 7.561016499E-04 9.785791067E-01
 -2.306674503E-01 -3.500000000E-02 1.675047251E-02 7.395736320E-04 9.805411195E-01
 -2.276399770E-01 -3.500000000E-02 1.442528217E-02 9.395577498E-04 9.528130138E-01
 -2.280055277E-01 -3.500000000E-02 1.469581919E-02 9.200145328E-04 9.561445454E-01
 -2.249231355E-01 -3.500000000E-02 1.247729805E-02 1.048310013E-03 9.263021764E-01
 -2.242354850E-01 -3.500000000E-02 1.200342961E-02 1.071710533E-03 9.200699503E-01
 -2.212051133E-01 -3.500000000E-02 9.986161357E-03 1.147919152E-03 8.942816094E-01
 -2.204019871E-01 -3.500000000E-02 9.468808945E-03 1.164379348E-03 8.864460133E-01
 -2.460568042E-01 -3.500000000E-02 4.410768968E-02 2.917487019E-03 -6.801452474E-01
 -2.462019380E-01 -3.500000000E-02 4.341204442E-02 2.281634644E-03 -5.585726381E-01
 -2.448023158E-01 -3.500000000E-02 4.767442195E-02 6.520278482E-03 -1.286500570E+00
 -2.447872872E-01 -3.500000000E-02 4.770504870E-02 6.550518319E-03 -1.290506764E+00
 -2.391755915E-01 -3.500000000E-02 5.455796450E-02 1.078801610E-02 -1.813173785E+00
 -2.390372474E-01 -3.500000000E-02 5.467235728E-02 1.082619605E-02 -1.813934298E+00
 -2.460020761E-01 -3.500000000E-02 4.436717096E-02 3.150792323E-03 -7.333061766E-01
 -2.406678672E-01 -3.500000000E-02 5.322120271E-02 1.068935527E-02 -1.787608641E+00
 -2.406285089E-01 -3.500000000E-02 5.325917340E-02 1.069698900E-02 -1.789105573E+00
 -2.449598036E-01 -3.500000000E-02 4.732805527E-02 6.171379906E-03 -1.233729299E+00
 -2.451960208E-01 -3.500000000E-02 4.681011646E-02 5.658238613E-03 -1.156435220E+00
 -2.452094498E-01 -3.500000000E-02 4.677832959E-02 5.628289334E-03 -1.151457085E+00
 -2.455439326E-01 -3.500000000E-02 4.590997084E-02 4.721413907E-03 -9.949613599E-01
 -2.455548047E-01 -3.500000000E-02 4.587853418E-02 4.686128490E-03 -9.895509644E-01
 -2.438147326E-01 -3.500000000E-02 4.942176079E-02 7.977945698E-03 -1.513122887E+00
 -2.438476269E-01 -3.500000000E-02 4.937046148E-02 7.933153161E-03 -1.507214486E+00
 -2.445562653E-01 -3.500000000E-02 4.814156230E-02 6.904299488E-03 -1.349030391E+00
 -2.443292652E-01 -3.500000000E-02 4.856990619E-02 7.258129816E-03 -1.406918634E+00
 -2.443407577E-01 -3.500000000E-02 4.854961115E-02 7.241627287E-03 -1.404350651E+00
 -2.432893386E-01 -3.500000000E-02 5.019803471E-02 8.828684323E-03 -1.579688862E+00
 -2.432552558E-01 -3.500000000E-02 5.024566309E-02 8.872556957E-03 -1.583966248E+00
 -2.426763324E-01 -3.500000000E-02 5.101279033E-02 9.541261579E-03 -1.670698278E+00
 -2.426342389E-01 -3.500000000E-02 5.106591480E-02 9.586506518E-03 -1.674943984E+00
 -2.420189908E-01 -3.500000000E-02 5.180279366E-02 9.961540958E-03 -1.724785524E+00
 -2.420069744E-01 -3.500000000E-02 5.181652714E-02 9.970473532E-03 -1.725696426E+00
 -2.413664011E-01 -3.500000000E-02 5.251755805E-02 1.035048056E-02 -1.764294745E+00
 -2.413282849E-01 -3.500000000E-02 5.255733234E-02 1.035850663E-02 -1.766166170E+00
 -2.459103638E-01 -3.500000000E-02 4.470799473E-02 3.465324472E-03 -7.677653497E-01
 -2.457927881E-01 -3.500000000E-02 4.514344052E-02 3.845454451E-03 -8.335645760E-01
 -2.399060716E-01 -3.500000000E-02 5.392894197E-02 1.084372959E-02 -1.809620700E+00
 -2.399311830E-01 -3.500000000E-02 5.390646505E-02 1.083800017E-02 -1.809438972E+00
 -2.383274728E-01 -3.500000000E-02 5.523934001E-02 1.088808923E-02 -1.816355374E+00
 -2.382680775E-01 -3.500000000E-02 5.528502052E-02 1.089402037E-02 -1.815958349E+00
 -2.374114334E-01 -3.500000000E-02 5.592361905E-02 1.109304876E-02 -1.803985948E+00
 -2.373605775E-01 -3.500000000E-02 5.596001687E-02 1.109139372E-02 -1.803449277E+00
 -2.363948353E-01 -3.500000000E-02 5.663025628E-02 1.108389739E-02 -1.790942174E+00
 -2.363127247E-01 -3.500000000E-02 5.668497669E-02 1.107608957E-02 -1.789952770E+00
 -2.352504306E-01 -3.500000000E-02 5.736890177E-02 1.093396127E-02 -1.772821362E+00
 -2.352181596E-01 -3.500000000E-02 5.738885990E-02 1.093249435E-02 -1.772226761E+00
 -2.340423887E-01 -3.500000000E-02 5.809134260E-02 1.089987080E-02 -1.749210474E+00
 -2.339959081E-01 -3.500000000E-02 5.811796259E-02 1.090110772E-02 -1.748103948E+00
 -2.326191327E-01 -3.500000000E-02 5.887829440E-02 1.086584670E-02 -1.711365036E+00
 -2.325847099E-01 -3.500000000E-02 5.889644682E-02 1.086076420E-02 -1.710539854E+00
 -2.310404143E-01 -3.500000000E-02 5.968210643E-02 1.063789360E-02 -1.674273340E+00
 -2.309446313E-01 -3.500000000E-02 5.972868208E-02 1.062281208E-02 -1.671831128E+00
 -2.292945086E-01 -3.500000000E-02 6.050134686E-02 1.036195346E-02 -1.632403063E+00
 -2.292324349E-01 -3.500000000E-02 6.052912676E-02 1.035233724E-02 -1.631022508E+00
 -2.274483733E-01 -3.500000000E-02 6.129817068E-02 1.000840108E-02 -1.588588063E+00
 -2.272691589E-01 -3.500000000E-02 6.137158658E-02 9.970002513E-03 -1.584782307E+00
 -2.253744124E-01 -3.500000000E-02 6.211904627E-02 9.562799598E-03 -1.539474705E+00
 -2.249620157E-01 -3.500000000E-02 6.227297783E-02 9.479514372E-03 -1.530314502E+00
 -2.223231553E-01 -3.500000000E-02 6.320671344E-02 9.069127722E-03 -1.464434770E+00
 -2.225884246E-01 -3.500000000E-02 6.311755505E-02 9.105892741E-03 -1.470543121E+00
 -2.194188785E-01 -3.500000000E-02 6.413179272E-02 8.694935288E-03 -1.410140290E+00
 4.671578533E-01 -3.500000000E-02 -1.161600092E-01 2.066821093E-03 3.442462898E-01
 5.002589725E-01 -3.500000000E-02 -1.184521918E-01 2.014537884E-03 3.420164045E-01
 4.625671271E-01 -3.500000000E-02 -1.158282318E-01 2.071822166E-03 3.438557129E-01
 4.328007129E-01 -3.500000000E-02 -1.136152457E-01 2.112563237E-03 3.413854319E-01
 5.082803121E-01 -3.500000000E-02 -1.189810043E-01 1.998097828E-03 3.427278316E-01
 5.360015911E-01 -3.500000000E-02 -1.207557012E-01 1.936696244E-03 3.489950118E-01
 4.239837335E-01 -3.500000000E-02 -1.129227212E-01 2.124801432E-03 3.408221884E-01
 3.981861126E-01 -3.500000000E-02 -1.108765418E-01 2.138092141E-03 3.381711603E-01
 3.694545713E-01 -3.500000000E-02 -1.084596042E-01 2.188858030E-03 3.392667717E-01
 -2.160423991E-01 -3.500000000E-02 6.509254536E-02 8.319256403E-03 -1.343292009E+00
 -2.149070532E-01 -3.500000000E-02 6.538920827E-02 8.226619932E-03 -1.327706937E+00
 -2.189386199E-01 -3.500000000E-02 6.427492827E-02 8.651160477E-03 -1.400333511E+00
 -2.194188785E-01 -3.500000000E-02 6.413179272E-02 8.694935288E-03 -1.410140290E+00
 -2.065205785E-01 -3.500000000E-02 6.728823232E-02 7.747917204E-03 -1.206675660E+00
 -2.020123198E-01 -3.500000000E-02 6.811205131E-02 7.376097852E-03 -1.154483846E+00
 -2.111093218E-01 -3.500000000E-02 6.631228082E-02 7.978479849E-03 -1.271132787E+00
 -2.077073012E-01 -3.500000000E-02 6.703996121E-02 7.821986521E-03 -1.222615596E+00
 -2.104436704E-01 -3.500000000E-02 6.646363089E-02 7.931758498E-03 -1.259921518E+00
 -2.010889547E-01 -3.500000000E-02 6.827079152E-02 7.311134553E-03 -1.143200359E+00
 -1.983228207E-01 -3.500000000E-02 6.869639266E-02 7.119364185E-03 -1.122241368E+00
 -1.910916587E-01 -3.500000000E-02 6.970052126E-02 6.581787520E-03 -1.042241396E+00
 -1.961763449E-01 -3.500000000E-02 6.902967591E-02 6.943497704E-03 -1.103750516E+00
 -1.954623309E-01 -3.500000000E-02 6.912627922E-02 6.907201579E-03 -1.096474187E+00
 -1.883793743E-01 -3.500000000E-02 7.000874524E-02 6.390843697E-03 -1.008010864E+00
 -1.865869116E-01 -3.500000000E-02 7.020586880E-02 6.344254138E-03 -9.932198069E-01
 -1.850438629E-01 -3.500000000E-02 7.034355386E-02 6.340591030E-03 -9.764229957E-01
 -1.535732840E-01 -3.500000000E-02 7.208817682E-02 5.748785501E-03 -7.967552467E-01
 -1.660365243E-01 -3.500000000E-02 7.169578617E-02 6.086491978E-03 -8.604069869E-01
 -1.601716689E-01 -3.500000000E-02 7.191132295E-02 5.956140431E-03 -8.269599756E-01
 -1.762842742E-01 -3.500000000E-02 7.110883859E-02 6.292113151E-03 -9.299008548E-01
 -1.742203910E-01 -3.500000000E-02 7.124541590E-02 6.265258514E-03 -9.187940235E-01
 1.006407351E-02 -3.500000000E-02 5.853975157E-02 3.450018206E-03 -3.546704120E-01
 -1.468556616E-01 -3.500000000E-02 7.213355701E-02 5.664907127E-03 -7.659345315E-01
 -1.398076875E-01 -3.500000000E-02 7.215245994E-02 5.517641930E-03 -7.378666571E-01
 -1.236617930E-01 -3.500000000E-02 7.182847860E-02 5.229439232E-03 -6.816387834E-01
 -1.172463707E-01 -3.500000000E-02 7.159727791E-02 5.114152114E-03 -6.599618800E-01
 1.285846141E-02 -3.500000000E-02 5.811243992E-02 3.420446084E-03 -3.492760963E-01
 3.948842422E-02 -3.500000000E-02 5.386524593E-02 3.162099773E-03 -3.002389688E-01
 4.656246076E-02 -3.500000000E-02 5.267522529E-02 3.103998423E-03 -2.861022632E-01
 7.140017200E-02 -3.500000000E-02 4.828664735E-02 2.898704552E-03 -2.416549119E-01
 -9.786258642E-02 -3.500000000E-02 7.058654581E-02 4.837358952E-03 -5.985479563E-01
 -9.444586333E-02 -3.500000000E-02 7.036372087E-02 4.789113156E-03 -5.881565188E-01
 -6.879281250E-02 -3.500000000E-02 6.830074027E-02 4.433536324E-03 -5.215320168E-01
 -6.838679634E-02 -3.500000000E-02 6.826257544E-02 4.428574908E-03 -5.205238039E-01
 -3.963789068E-02 -3.500000000E-02 6.522557901E-02 4.030151144E-03 -4.526916191E-01
 -3.884792062E-02 -3.500000000E-02 6.512832127E-02 4.020755313E-03 -4.509959056E-01
 2.369192902E-03 -3.500000000E-02 5.963744285E-02 3.543943107E-03 -3.687197806E-01
 -1.405431440E-02 -3.500000000E-02 6.199116792E-02 3.716618249E-03 -3.991099344E-01
 8.391894352E-02 -3.500000000E-02 4.597271099E-02 2.804442616E-03 -2.235957293E-01
 1.072482563E-01 -3.500000000E-02 4.150319700E-02 2.621064092E-03 -1.867253208E-01
 1.238373691E-01 -3.500000000E-02 3.813566998E-02 2.511008863E-03 -1.613700013E-01
 1.405459827E-01 -3.500000000E-02 3.473008782E-02 2.343675794E-03 -1.352435395E-01
 3 2
 2 1
 1 5
 5 7
 7 6
 6 8
 8 9
 9 10
 10 11
 11 13
 13 12
 12 14
 14 15
 15 16
 16 17
 17 18
 18 19
 19 20
 20 26
 26 28
 28 27
 27 25
 25 24
 24 23
 23 22
 22 21
 4 3
 29 4
 29 30
 30 32
 32 31
 31 33
 33 34
 34 36
 36 35
 35 38
 38 37
 37 39
 39 40
 40 41
 49 56
 56 57
 57 51
 51 50
 50 42
 42 43
 45 52
 52 53
 53 58
 58 59
 59 66
 66 67
 67 72
 72 73
 73 71
 71 49
 48 74
 74 75
 46 47
 47 63
 63 65
 65 64
 64 62
 62 45
 44 54
 54 55
 55 68
 68 70
 70 69
 69 61
 61 60
 60 80
 80 79
 79 77
 77 78
 78 76
 76 48
 46 44
 81 82
 82 83
 81 84
 84 85
 85 86
 86 87
 87 88
 88 89
 89 90
 90 91
 91 92
 92 93
 93 95
 95 98
 98 100
 100 103
 103 105
 105 104
 104 102
 102 94
 94 96
 96 97
 97 99
 99 110
 110 111
 111 112
 112 113
 113 114
 114 116
 116 115
 115 101
 101 106
 106 107
 107 108
 108 109
 109 117
 117 118
 118 119
 119 123
 123 122
 122 135
 135 137
 137 136
 136 125
 125 124
 124 126
 126 127
 127 130
 130 131
 131 133
 133 134
 134 132
 132 129
 129 128
 128 120
 120 121
 167 150
 150 169
 169 170
 170 171
 171 172
 172 173
 173 174
 174 175
 175 176
 176 180
 180 181
 181 179
 179 178
 178 177
 177 182
 182 183
 183 184
 184 185
 185 186
 186 187
 187 188
 188 189
 189 191
 191 190
 190 193
 193 192
 192 194
 194 195
 195 196
 196 197
 161 162
 162 163
 163 164
 164 166
 166 165
 165 149
 149 151
 151 152
 143 156
 156 155
 155 141
 141 142
 142 153
 153 154
 154 138
 138 140
 140 139
 139 161
 167 168
 168 148
 148 147
 147 160
 160 159
 159 146
 146 145
 145 158
 158 157
 157 144
 144 143
 200 201
 201 214
 214 216
 216 215
 215 213
 213 212
 212 217
 217 218
 218 219
 219 220
 220 221
 221 222
 222 223
 223 224
 224 205
 205 206
 206 228
 228 227
 227 202
 202 203
 203 229
 229 230
 230 231
 231 232
 232 233
 233 234
 234 235
 235 236
 236 237
 237 238
 238 239
 239 240
 240 241
 241 242
 242 243
 243 244
 244 245
 245 246
 246 247
 247 248
 248 250
 250 249
 249 251
 209 208
 208 207
 207 200
 211 210
 210 209
 225 226
 226 211
 199 198
 198 204
 204 225
 252 254
 254 255
 255 258
 258 259
 259 260
 257 256
 256 253
 253 252
 263 261
 261 262
 262 267
 267 269
 269 268
 268 265
 265 266
 266 270
 270 271
 271 273
 273 274
 274 272
 272 275
 275 276
 276 277
 277 281
 281 282
 282 279
 279 280
 280 278
 278 284
 284 285
 285 286
 286 287
 287 292
 292 293
 293 294
 294 295
 295 296
 296 297
 297 299
 299 298
 298 283
 283 288
 288 289
 289 290
 290 291
 291 300
 300 301
 301 302
 302 303
 264 263
ZONE T="Slice: Y=-0.73"
 STRANDID=0, SOLUTIONTIME=0
 Nodes=319, Elements=311, ZONETYPE=FELineSeg
 DATAPACKING=POINT
 DT=(DOUBLE DOUBLE DOUBLE DOUBLE DOUBLE )
 2.121971851E-01 -7.300000000E-01 -9.263496613E-02 2.990806724E-03 1.151960226E-01
 2.550372350E-01 -7.300000000E-01 -9.742746231E-02 2.975256190E-03 1.019209062E-01
 2.709028784E-01 -7.300000000E-01 -9.911494424E-02 2.979970585E-03 9.960666379E-02
 2.951457944E-01 -7.300000000E-01 -1.015804204E-01 2.961513259E-03 9.453998219E-02
 2.167165120E-01 -7.300000000E-01 -9.315543380E-02 2.985457791E-03 1.146447494E-01
 2.408680806E-01 -7.300000000E-01 -9.589184151E-02 2.974964021E-03 1.061698419E-01
 1.908613781E-01 -7.300000000E-01 -9.005400449E-02 2.994777858E-03 1.224534014E-01
 -2.340531346E-01 -7.300000000E-01 1.961008095E-02 1.468659140E-03 7.861462230E-01
 -2.326498978E-01 -7.300000000E-01 1.838682737E-02 1.570193118E-03 7.630455466E-01
 -2.344375029E-01 -7.300000000E-01 1.995647852E-02 1.442513425E-03 7.926154675E-01
 -2.322385221E-01 -7.300000000E-01 1.803872437E-02 1.596278696E-03 7.567054634E-01
 -2.304348875E-01 -7.300000000E-01 1.656646672E-02 1.700135559E-03 7.294652019E-01
 -2.300120763E-01 -7.300000000E-01 1.623167744E-02 1.718780440E-03 7.235558794E-01
 -2.278350262E-01 -7.300000000E-01 1.456905063E-02 1.790561998E-03 6.931222581E-01
 -2.275565987E-01 -7.300000000E-01 1.436198478E-02 1.798366070E-03 6.891690353E-01
 -2.135635399E-01 -7.300000000E-01 5.332866261E-03 2.072181155E-03 5.599253354E-01
 -2.226417674E-01 -7.300000000E-01 1.092818202E-02 1.927931583E-03 6.341831882E-01
 -2.267770791E-01 -7.300000000E-01 1.380464142E-02 1.814769440E-03 6.811004903E-01
 -2.135029570E-01 -7.300000000E-01 5.298675353E-03 2.074221394E-03 5.596692952E-01
 -2.087892351E-01 -7.300000000E-01 2.684164666E-03 2.219608328E-03 5.288753647E-01
 -2.250071966E-01 -7.300000000E-01 1.253368361E-02 1.851604425E-03 6.597562996E-01
 -2.241062726E-01 -7.300000000E-01 1.192286415E-02 1.878333122E-03 6.507253995E-01
 -2.209981826E-01 -7.300000000E-01 9.852386006E-03 1.983184507E-03 6.165547379E-01
 -2.186259982E-01 -7.300000000E-01 8.351780715E-03 2.021065372E-03 5.990514852E-01
 -2.181838758E-01 -7.300000000E-01 8.078708472E-03 2.023864380E-03 5.951991276E-01
 -2.136059932E-01 -7.300000000E-01 5.357796507E-03 2.071074748E-03 5.602314789E-01
 -2.060419274E-01 -7.300000000E-01 1.227092333E-03 2.272711073E-03 5.129998204E-01
 -2.028487884E-01 -7.300000000E-01 -4.156858112E-04 2.337446074E-03 4.946369363E-01
 -1.981089873E-01 -7.300000000E-01 -2.748536914E-03 2.409462329E-03 4.722551983E-01
 -1.958975962E-01 -7.300000000E-01 -3.805427117E-03 2.445091714E-03 4.624614412E-01
 -1.633582253E-01 -7.300000000E-01 -1.733621382E-02 2.805073079E-03 3.668381497E-01
 -1.734074614E-01 -7.300000000E-01 -1.343829721E-02 2.716292404E-03 3.925135268E-01
 -1.774541127E-01 -7.300000000E-01 -1.186420932E-02 2.680320602E-03 4.025578026E-01
 -1.770711413E-01 -7.300000000E-01 -1.202113050E-02 2.684667959E-03 4.013982892E-01
 -1.894686909E-01 -7.300000000E-01 -6.747538489E-03 2.531323582E-03 4.399928227E-01
 -1.877733551E-01 -7.300000000E-01 -7.501928247E-03 2.553901801E-03 4.343388989E-01
 -1.614920705E-01 -7.300000000E-01 -1.802052896E-02 2.818733411E-03 3.633670589E-01
 -1.470630127E-01 -7.300000000E-01 -2.310725405E-02 2.903228838E-03 3.326714495E-01
 -1.406103254E-01 -7.300000000E-01 -2.524981733E-02 2.929186935E-03 3.227033927E-01
 -1.268455895E-01 -7.300000000E-01 -2.962691614E-02 2.977010542E-03 3.021723962E-01
 -1.151803279E-01 -7.300000000E-01 -3.310780193E-02 3.014039177E-03 2.886215694E-01
 7.342205852E-01 -7.300000000E-01 -1.287904325E-01 9.371253117E-04 9.988878714E-02
 7.315026080E-01 -7.300000000E-01 -1.278965957E-01 9.983025755E-04 6.696288473E-02
 7.358995083E-01 -7.300000000E-01 -1.293434856E-01 1.290334556E-03 1.067925191E-01
 7.310923121E-01 -7.300000000E-01 -1.277616545E-01 1.002018330E-03 6.363258728E-02
 7.306056934E-01 -7.300000000E-01 -1.276019606E-01 1.037039898E-03 5.795731786E-02
 7.275254039E-01 -7.300000000E-01 -1.265910874E-01 1.334716203E-03 2.791559626E-02
 7.219512607E-01 -7.300000000E-01 -1.247684004E-01 1.695995801E-03 -2.633684060E-02
 7.184736481E-01 -7.300000000E-01 -1.236326743E-01 1.893534571E-03 -5.064861188E-02
 7.089301571E-01 -7.300000000E-01 -1.205315831E-01 2.372516512E-03 -1.291953472E-01
 7.078821818E-01 -7.300000000E-01 -1.201918774E-01 2.416338312E-03 -1.363830315E-01
 7.055721364E-01 -7.300000000E-01 -1.194473038E-01 2.497229225E-03 -1.531779931E-01
 6.631020319E-01 -7.300000000E-01 -1.058889169E-01 3.523135274E-03 -3.221812313E-01
 5.690878307E-01 -7.300000000E-01 -7.702067067E-02 4.617748817E-03 -4.602067163E-01
 5.578568130E-01 -7.300000000E-01 -7.367184818E-02 4.691088773E-03 -4.581204024E-01
 5.356680144E-01 -7.300000000E-01 -6.710872661E-02 4.721102687E-03 -4.198010634E-01
 6.191842735E-01 -7.300000000E-01 -9.221279079E-02 4.232672432E-03 -4.424230333E-01
 5.205062384E-01 -7.300000000E-01 -6.267395246E-02 4.738416873E-03 -4.067222900E-01
 5.022394879E-01 -7.300000000E-01 -5.737129382E-02 4.679792941E-03 -3.722887430E-01
 6.880264932E-01 -7.300000000E-01 -1.138125212E-01 3.022973545E-03 -2.483516842E-01
 6.955598548E-01 -7.300000000E-01 -1.162175639E-01 2.846149127E-03 -2.178455439E-01
 4.841314386E-01 -7.300000000E-01 -5.217479269E-02 4.657986185E-03 -3.469850684E-01
 6.435571175E-01 -7.300000000E-01 -9.976791043E-02 3.909597369E-03 -3.974915374E-01
 6.372791108E-01 -7.300000000E-01 -9.780881174E-02 4.004024739E-03 -4.081863030E-01
 5.987436959E-01 -7.300000000E-01 -8.596416220E-02 4.456321726E-03 -4.797714972E-01
 5.996343240E-01 -7.300000000E-01 -8.623310036E-02 4.450878457E-03 -4.799802143E-01
 5.994471392E-01 -7.300000000E-01 -8.617601871E-02 4.451478350E-03 -4.799228971E-01
 7.375301320E-01 -7.300000000E-01 -1.302035253E-01 5.235929787E-03 1.998404725E-01
 7.379446945E-01 -7.300000000E-01 -1.302160934E-01 5.493620747E-03 3.633752682E-02
 7.386058150E-01 -7.300000000E-01 -1.302361330E-01 5.908394589E-03 -2.368585258E-01
 7.379911093E-01 -7.300000000E-01 -1.300332800E-01 4.337089939E-03 -5.676384573E-02
 7.370681067E-01 -7.300000000E-01 -1.301894434E-01 4.147164306E-03 1.858193064E-01
 7.364247601E-01 -7.300000000E-01 -1.301698388E-01 2.784715611E-03 1.691893490E-01
 7.352678833E-01 -7.300000000E-01 -1.301342253E-01 2.653881361E-03 1.742376185E-01
 7.343610726E-01 -7.300000000E-01 -1.301062958E-01 2.561893451E-03 1.792183934E-01
 7.335318598E-01 -7.300000000E-01 -1.300803323E-01 2.544549834E-03 1.816344643E-01
 7.311763391E-01 -7.300000000E-01 -1.300066850E-01 2.461462012E-03 1.907082325E-01
 7.278254069E-01 -7.300000000E-01 -1.298995631E-01 2.446809586E-03 1.962402743E-01
 7.238910601E-01 -7.300000000E-01 -1.297708297E-01 2.424247647E-03 1.953169613E-01
 7.153221973E-01 -7.300000000E-01 -1.294839332E-01 2.374100321E-03 1.971337502E-01
 7.146987696E-01 -7.300000000E-01 -1.294619072E-01 2.372743065E-03 1.965857444E-01
 7.078512841E-01 -7.300000000E-01 -1.292124948E-01 2.353109668E-03 1.919946629E-01
 6.926025414E-01 -7.300000000E-01 -1.286582731E-01 2.312094370E-03 1.814134359E-01
 6.858509717E-01 -7.300000000E-01 -1.283831781E-01 2.321950164E-03 1.756682234E-01
 6.915239331E-01 -7.300000000E-01 -1.286158233E-01 2.311337397E-03 1.807993914E-01
 6.253670755E-01 -7.300000000E-01 -1.257156530E-01 2.505458046E-03 1.129717812E-01
 5.973187117E-01 -7.300000000E-01 -1.242821733E-01 2.598198888E-03 9.534365330E-02
 4.750424691E-01 -7.300000000E-01 -1.167144732E-01 2.858921786E-03 7.339473286E-02
 4.537924861E-01 -7.300000000E-01 -1.151878227E-01 2.886674649E-03 7.299760081E-02
 6.650490624E-01 -7.300000000E-01 -1.275376279E-01 2.365235683E-03 1.526176604E-01
 4.035997300E-01 -7.300000000E-01 -1.113159154E-01 2.920618205E-03 7.544924378E-02
 6.577184146E-01 -7.300000000E-01 -1.272199188E-01 2.395682105E-03 1.441475210E-01
 6.335714189E-01 -7.300000000E-01 -1.261118643E-01 2.475705498E-03 1.226324420E-01
 3.602020014E-01 -7.300000000E-01 -1.076563484E-01 2.953762212E-03 7.969125973E-02
 5.862555013E-01 -7.300000000E-01 -1.236839141E-01 2.627548188E-03 9.441464461E-02
 5.610574255E-01 -7.300000000E-01 -1.222609445E-01 2.688363951E-03 8.412325828E-02
 5.479013584E-01 -7.300000000E-01 -1.214780957E-01 2.716339626E-03 8.235941940E-02
 5.260779393E-01 -7.300000000E-01 -1.201327228E-01 2.767501816E-03 7.634506317E-02
 5.111186380E-01 -7.300000000E-01 -1.191666674E-01 2.800226738E-03 7.558123069E-02
 4.904932587E-01 -7.300000000E-01 -1.177910059E-01 2.841061645E-03 7.311377512E-02
 4.137421596E-01 -7.300000000E-01 -1.121261181E-01 2.899011015E-03 8.112599852E-02
 4.341928817E-01 -7.300000000E-01 -1.137129946E-01 2.882062882E-03 8.115082579E-02
 3.923736777E-01 -7.300000000E-01 -1.103860595E-01 2.909835703E-03 8.915144742E-02
 3.746959927E-01 -7.300000000E-01 -1.089085320E-01 2.920981184E-03 9.162369408E-02
 3.820027829E-01 -7.300000000E-01 -1.095324754E-01 2.920555385E-03 9.213575585E-02
 3.303605310E-01 -7.300000000E-01 -1.049618592E-01 2.960322709E-03 8.756693811E-02
 3.297523325E-01 -7.300000000E-01 -1.049067487E-01 2.960952401E-03 8.763226818E-02
 2.970968195E-01 -7.300000000E-01 -1.017730518E-01 2.961276141E-03 9.424416389E-02
 2.951457944E-01 -7.300000000E-01 -1.015804204E-01 2.961513259E-03 9.453998219E-02
 7.374968309E-01 -7.300000000E-01 -1.298701681E-01 2.975800108E-03 9.673323470E-02
 7.363703503E-01 -7.300000000E-01 -1.294986776E-01 1.630371350E-03 1.061211524E-01
 7.361194929E-01 -7.300000000E-01 -1.294159500E-01 1.333731047E-03 1.088538703E-01
 7.358995083E-01 -7.300000000E-01 -1.293434856E-01 1.290334556E-03 1.067925191E-01
 -2.464082373E-01 -7.300000000E-01 3.967860738E-02 -2.943533082E-04 7.491696412E-01
 -2.464332093E-01 -7.300000000E-01 4.029579427E-02 -9.303121926E-05 6.999823575E-01
 -2.461435023E-01 -7.300000000E-01 3.756936465E-02 -5.523534774E-04 8.693866456E-01
 -2.464371537E-01 -7.300000000E-01 4.056930800E-02 -1.852526442E-05 6.811474160E-01
 -2.464288039E-01 -7.300000000E-01 4.121976303E-02 2.113931351E-04 6.280863631E-01
 -2.463924276E-01 -7.300000000E-01 3.947198753E-02 -3.421882517E-04 7.625119323E-01
 -2.461172625E-01 -7.300000000E-01 3.743225714E-02 -5.528395315E-04 8.771052288E-01
 -2.456939002E-01 -7.300000000E-01 3.571778033E-02 -5.114615928E-04 9.344315116E-01
 -2.459422538E-01 -7.300000000E-01 3.665514513E-02 -5.463402617E-04 9.013191212E-01
 -2.458400471E-01 -7.300000000E-01 3.624914971E-02 -5.351959527E-04 9.155484574E-01
 -2.458961859E-01 -7.300000000E-01 3.645223272E-02 -5.446896202E-04 9.079906755E-01
 -2.459042180E-01 -7.300000000E-01 3.648428350E-02 -5.444096270E-04 9.067308652E-01
 -2.459005269E-01 -7.300000000E-01 3.646847177E-02 -5.448668383E-04 9.071390910E-01
 -2.456647870E-01 -7.300000000E-01 3.562346156E-02 -5.023664763E-04 9.364954484E-01
 -2.454768033E-01 -7.300000000E-01 3.502972911E-02 -4.534970690E-04 9.440986161E-01
 -2.450614793E-01 -7.300000000E-01 3.389865527E-02 -2.602944886E-04 9.714325911E-01
 -2.449718182E-01 -7.300000000E-01 3.367960755E-02 -2.171859174E-04 9.726999175E-01
 -2.447918173E-01 -7.300000000E-01 3.324966962E-02 -1.608160263E-04 9.708435074E-01
 -2.443342983E-01 -7.300000000E-01 3.225770638E-02 3.228835781E-06 9.728408568E-01
 -2.445686080E-01 -7.300000000E-01 3.275202963E-02 -8.072053268E-05 9.747640912E-01
 -2.445286799E-01 -7.300000000E-01 3.266593732E-02 -6.299624539E-05 9.753243393E-01
 -2.437556713E-01 -7.300000000E-01 3.114322520E-02 1.839487881E-04 9.732034104E-01
 -2.464195752E-01 -7.300000000E-01 4.143744458E-02 2.897612117E-04 6.106434541E-01
 -2.463626272E-01 -7.300000000E-01 4.222145523E-02 6.732002479E-04 5.366585019E-01
 -2.436879825E-01 -7.300000000E-01 3.102208140E-02 2.030842757E-04 9.722693922E-01
 -2.433845844E-01 -7.300000000E-01 3.048789686E-02 2.513831996E-04 9.633556871E-01
 -2.463451929E-01 -7.300000000E-01 4.240348244E-02 7.686031368E-04 5.159020709E-01
 -2.426225118E-01 -7.300000000E-01 2.925449545E-02 4.307828699E-04 9.566803480E-01
 -2.424620869E-01 -7.300000000E-01 2.900980037E-02 4.647776171E-04 9.538710896E-01
 -2.420210987E-01 -7.300000000E-01 2.836046885E-02 5.635428110E-04 9.471942563E-01
 -2.463012767E-01 -7.300000000E-01 4.270537007E-02 8.626545233E-04 4.951610940E-01
 -2.462019380E-01 -7.300000000E-01 4.341204442E-02 1.173257077E-03 4.227362429E-01
 -2.463288760E-01 -7.300000000E-01 3.886495145E-02 -4.317403489E-04 7.974881190E-01
 -2.462180631E-01 -7.300000000E-01 3.802630179E-02 -5.237120218E-04 8.453720929E-01
 -2.462896647E-01 -7.300000000E-01 3.846917639E-02 -4.924200295E-04 8.194290196E-01
 -2.462794442E-01 -7.300000000E-01 3.839409658E-02 -5.027169253E-04 8.243777403E-01
 -2.452040418E-01 -7.300000000E-01 3.427412364E-02 -3.186442690E-04 9.668799490E-01
 -2.453276270E-01 -7.300000000E-01 3.460157581E-02 -3.751149973E-04 9.602893710E-01
 -2.453000527E-01 -7.300000000E-01 3.452482130E-02 -3.655026290E-04 9.621984948E-01
 -2.439172912E-01 -7.300000000E-01 3.144776548E-02 1.350093542E-04 9.746209430E-01
 -2.431504104E-01 -7.300000000E-01 3.009491457E-02 3.311132463E-04 9.698295011E-01
 -2.429325503E-01 -7.300000000E-01 2.974764233E-02 3.745192470E-04 9.660326009E-01
 -2.431037529E-01 -7.300000000E-01 3.001803954E-02 3.432565156E-04 9.695099041E-01
 -2.441318436E-01 -7.300000000E-01 3.185339662E-02 6.502395806E-05 9.747898063E-01
 -2.440885061E-01 -7.300000000E-01 3.176887106E-02 7.671092975E-05 9.747435345E-01
 -2.417959727E-01 -7.300000000E-01 2.804012787E-02 6.092556829E-04 9.424268876E-01
 -2.413175818E-01 -7.300000000E-01 2.738303813E-02 7.089848628E-04 9.334498436E-01
 -2.410683171E-01 -7.300000000E-01 2.705146499E-02 7.554143183E-04 9.280574888E-01
 -2.405362043E-01 -7.300000000E-01 2.636732846E-02 8.532977371E-04 9.166824476E-01
 -2.461221213E-01 -7.300000000E-01 4.381265509E-02 1.501923002E-03 3.855673708E-01
 -2.402559970E-01 -7.300000000E-01 2.601845071E-02 9.008572526E-04 9.102310954E-01
 -2.397111006E-01 -7.300000000E-01 2.535974187E-02 1.015670497E-03 8.979561268E-01
 -2.394808284E-01 -7.300000000E-01 2.509140094E-02 1.047539841E-03 8.931186109E-01
 -2.371816124E-01 -7.300000000E-01 2.259056092E-02 1.269834705E-03 8.440406679E-01
 -2.388481771E-01 -7.300000000E-01 2.438058943E-02 1.127557572E-03 8.812696809E-01
 -2.376889071E-01 -7.300000000E-01 2.312401204E-02 1.237385808E-03 8.563017781E-01
 -2.383851115E-01 -7.300000000E-01 2.385666092E-02 1.185479662E-03 8.708967157E-01
 -2.382707950E-01 -7.300000000E-01 2.373293991E-02 1.197197847E-03 8.686263978E-01
 -2.369795658E-01 -7.300000000E-01 2.238534561E-02 1.283187818E-03 8.400441003E-01
 -2.358862942E-01 -7.300000000E-01 2.130864054E-02 1.342121769E-03 8.203310116E-01
 -2.356255852E-01 -7.300000000E-01 2.105924774E-02 1.361252336E-03 8.154196781E-01
 -2.344375029E-01 -7.300000000E-01 1.995647852E-02 1.442513425E-03 7.926154675E-01
 -2.440231966E-01 -7.300000000E-01 4.908710401E-02 4.369103264E-03 -1.702742279E-01
 -2.443351200E-01 -7.300000000E-01 4.855989602E-02 4.107079170E-03 -1.284906057E-01
 -2.439616815E-01 -7.300000000E-01 4.918920403E-02 4.440576299E-03 -1.797261640E-01
 -2.450539927E-01 -7.300000000E-01 4.713509391E-02 3.622659883E-03 2.423432772E-02
 -2.453309741E-01 -7.300000000E-01 4.647625409E-02 3.199265693E-03 9.370356233E-02
 -2.454404429E-01 -7.300000000E-01 4.619091544E-02 2.991691149E-03 1.241092080E-01
 -2.456492097E-01 -7.300000000E-01 4.559810632E-02 2.516148535E-03 1.873810077E-01
 -2.449714769E-01 -7.300000000E-01 4.731711273E-02 3.685427387E-03 5.861759269E-03
 -2.447540533E-01 -7.300000000E-01 4.775662546E-02 3.764708521E-03 -4.435313588E-02
 -2.445493267E-01 -7.300000000E-01 4.816815141E-02 3.868676856E-03 -9.028832504E-02
 -2.445968258E-01 -7.300000000E-01 4.807836527E-02 3.824039029E-03 -8.055826333E-02
 -2.457374623E-01 -7.300000000E-01 4.532063511E-02 2.331789640E-03 2.177392368E-01
 -2.459050965E-01 -7.300000000E-01 4.474213829E-02 1.961392859E-03 2.819180317E-01
 -2.459961674E-01 -7.300000000E-01 4.438212751E-02 1.775753258E-03 3.241900496E-01
 -2.434622413E-01 -7.300000000E-01 4.995023502E-02 4.928343107E-03 -2.596775101E-01
 -2.436002793E-01 -7.300000000E-01 4.974687851E-02 4.829954316E-03 -2.425080174E-01
 -2.439616815E-01 -7.300000000E-01 4.918920403E-02 4.440576299E-03 -1.797261640E-01
 -2.423724498E-01 -7.300000000E-01 5.138724993E-02 5.672033791E-03 -3.752882933E-01
 -2.431313224E-01 -7.300000000E-01 5.040850690E-02 5.181971046E-03 -3.014978310E-01
 -2.427576417E-01 -7.300000000E-01 5.090104428E-02 5.448654958E-03 -3.415540682E-01
 -2.429740244E-01 -7.300000000E-01 5.062821144E-02 5.282656719E-03 -3.191787853E-01
 -2.429360978E-01 -7.300000000E-01 5.067779722E-02 5.325783505E-03 -3.243227984E-01
 -2.409030593E-01 -7.300000000E-01 5.298970658E-02 6.374758882E-03 -4.809075097E-01
 -2.415723180E-01 -7.300000000E-01 5.229717070E-02 6.187030162E-03 -4.414484807E-01
 -2.410791907E-01 -7.300000000E-01 5.281282703E-02 6.320135460E-03 -4.711824069E-01
 -2.394685653E-01 -7.300000000E-01 5.430938538E-02 6.669886725E-03 -5.521636713E-01
 -2.398974790E-01 -7.300000000E-01 5.393680110E-02 6.584569349E-03 -5.235064193E-01
 -2.417600386E-01 -7.300000000E-01 5.209254879E-02 6.101958820E-03 -4.293541621E-01
 -2.422187134E-01 -7.300000000E-01 5.156938218E-02 5.802177577E-03 -3.914395365E-01
 -2.392816159E-01 -7.300000000E-01 5.446956151E-02 6.668593976E-03 -5.568595936E-01
 -2.388030357E-01 -7.300000000E-01 5.486281245E-02 6.665186752E-03 -5.660896640E-01
 -2.385571523E-01 -7.300000000E-01 5.505905470E-02 6.670820089E-03 -5.744514449E-01
 -2.380152774E-01 -7.300000000E-01 5.547700714E-02 6.747137985E-03 -5.838762245E-01
 -2.377130120E-01 -7.300000000E-01 5.570276910E-02 6.794376689E-03 -5.895097227E-01
 -2.371085457E-01 -7.300000000E-01 5.613851207E-02 6.903573958E-03 -5.995961724E-01
 -2.405014959E-01 -7.300000000E-01 5.337504096E-02 6.386555812E-03 -5.111326763E-01
 -2.402382395E-01 -7.300000000E-01 5.362704493E-02 6.407036079E-03 -5.268929634E-01
 -2.402935529E-01 -7.300000000E-01 5.357589243E-02 6.398150933E-03 -5.244287662E-01
 -2.367935901E-01 -7.300000000E-01 5.635826723E-02 6.950875797E-03 -6.044818697E-01
 -2.361191506E-01 -7.300000000E-01 5.681223185E-02 7.056315570E-03 -6.115966903E-01
 -2.357542087E-01 -7.300000000E-01 5.704966899E-02 7.098758255E-03 -6.154200217E-01
 -2.349735717E-01 -7.300000000E-01 5.753799141E-02 7.136922069E-03 -6.210618432E-01
 -2.346328374E-01 -7.300000000E-01 5.774390777E-02 7.138778242E-03 -6.225709173E-01
 -2.322201924E-01 -7.300000000E-01 5.908335021E-02 7.016317346E-03 -6.219049389E-01
 -2.328472504E-01 -7.300000000E-01 5.875654743E-02 6.971959609E-03 -6.227661511E-01
 -2.336346236E-01 -7.300000000E-01 5.832227509E-02 6.926979194E-03 -6.283496957E-01
 -2.314729709E-01 -7.300000000E-01 5.946793548E-02 7.054190418E-03 -6.218581770E-01
 -2.304795704E-01 -7.300000000E-01 5.995018505E-02 7.012887125E-03 -6.167288102E-01
 -2.335555488E-01 -7.300000000E-01 5.836788114E-02 6.912851910E-03 -6.285256023E-01
 -2.335726812E-01 -7.300000000E-01 5.835835019E-02 6.915346434E-03 -6.284255171E-01
 -2.299720769E-01 -7.300000000E-01 6.019083339E-02 6.973995470E-03 -6.144495287E-01
 -2.282585738E-01 -7.300000000E-01 6.095532705E-02 6.710736035E-03 -6.037747278E-01
 -2.280848852E-01 -7.300000000E-01 6.103118649E-02 6.681399603E-03 -6.032730897E-01
 -2.249468753E-01 -7.300000000E-01 6.227897486E-02 6.465065471E-03 -5.881285730E-01
 -2.276840688E-01 -7.300000000E-01 6.119757470E-02 6.573761784E-03 -6.030969743E-01
 -2.262058983E-01 -7.300000000E-01 6.179021844E-02 6.406816601E-03 -5.971256909E-01
 -2.268970668E-01 -7.300000000E-01 6.152404221E-02 6.410505509E-03 -6.024216503E-01
 -2.242739402E-01 -7.300000000E-01 6.252495192E-02 6.421695390E-03 -5.842206235E-01
 -2.223249322E-01 -7.300000000E-01 6.320484376E-02 6.258148062E-03 -5.773137832E-01
 -2.214489381E-01 -7.300000000E-01 6.349441251E-02 6.170282308E-03 -5.719339167E-01
 -2.190864086E-01 -7.300000000E-01 6.423108864E-02 5.999533231E-03 -5.559543205E-01
 -2.185555624E-01 -7.300000000E-01 6.438888254E-02 5.960026159E-03 -5.533410746E-01
 -2.128072399E-01 -7.300000000E-01 6.591285789E-02 5.629231300E-03 -5.129620324E-01
 -2.174083780E-01 -7.300000000E-01 6.470715055E-02 5.889021739E-03 -5.450743982E-01
 -2.157106933E-01 -7.300000000E-01 6.518294112E-02 5.761019075E-03 -5.324949150E-01
 -2.145723631E-01 -7.300000000E-01 6.546904339E-02 5.719559686E-03 -5.247413936E-01
 -2.108280064E-01 -7.300000000E-01 6.637518526E-02 5.552839880E-03 -5.041457002E-01
 -2.079811442E-01 -7.300000000E-01 6.699212370E-02 5.510253114E-03 -4.806502067E-01
 -2.073317916E-01 -7.300000000E-01 6.712438767E-02 5.498171862E-03 -4.766330777E-01
 -2.037428537E-01 -7.300000000E-01 6.780788617E-02 5.377814690E-03 -4.674847286E-01
 -2.002235236E-01 -7.300000000E-01 6.840769666E-02 5.269913707E-03 -4.511251122E-01
 -1.974829854E-01 -7.300000000E-01 6.883433435E-02 5.159149318E-03 -4.363357289E-01
 -2.002235236E-01 -7.300000000E-01 6.840769666E-02 5.269913707E-03 -4.511251122E-01
 -1.935925557E-01 -7.300000000E-01 6.937744706E-02 5.069440035E-03 -4.206482612E-01
 -1.906642357E-01 -7.300000000E-01 6.974503780E-02 4.987597797E-03 -4.074118160E-01
 -1.854544379E-01 -7.300000000E-01 7.031885285E-02 4.863329430E-03 -3.910493427E-01
 -1.825497153E-01 -7.300000000E-01 7.059172451E-02 4.803029219E-03 -3.801146897E-01
 -1.465368763E-01 -7.300000000E-01 7.216861278E-02 4.300225599E-03 -2.856963104E-01
 -1.441380864E-01 -7.300000000E-01 7.216774396E-02 4.274461419E-03 -2.816382906E-01
 -1.292390739E-01 -7.300000000E-01 7.199047310E-02 4.114802620E-03 -2.564083158E-01
 -1.739169413E-01 -7.300000000E-01 7.126945159E-02 4.642753657E-03 -3.532654014E-01
 -1.725836553E-01 -7.300000000E-01 7.135298675E-02 4.622049047E-03 -3.493576580E-01
 -1.227014461E-01 -7.300000000E-01 7.179260111E-02 4.053793838E-03 -2.473231434E-01
 -1.081673522E-01 -7.300000000E-01 7.117875759E-02 3.929198798E-03 -2.286413022E-01
 -1.557083155E-01 -7.300000000E-01 7.199762387E-02 4.403785503E-03 -3.078433790E-01
 -1.613620038E-01 -7.300000000E-01 7.188961917E-02 4.470899356E-03 -3.215932244E-01
 -1.607590345E-01 -7.300000000E-01 7.191059607E-02 4.462698719E-03 -3.200932603E-01
 -9.623674544E-02 -7.300000000E-01 7.046191196E-02 3.844051882E-03 -2.153080254E-01
 -8.301825631E-02 -7.300000000E-01 6.951288353E-02 3.761375535E-03 -1.985047031E-01
 -6.589920341E-02 -7.300000000E-01 6.799546730E-02 3.664829202E-03 -1.823620918E-01
 -5.353565761E-02 -7.300000000E-01 6.675929814E-02 3.604093420E-03 -1.699648880E-01
 -2.962424938E-02 -7.300000000E-01 6.398790561E-02 3.476388570E-03 -1.514463996E-01
 -1.960187311E-02 -7.300000000E-01 6.271333413E-02 3.424007825E-03 -1.432002407E-01
 6.876926223E-03 -7.300000000E-01 5.899314029E-02 3.279861395E-03 -1.231445163E-01
 1.849655537E-02 -7.300000000E-01 5.723480496E-02 3.219440931E-03 -1.144129403E-01
 4.322748714E-02 -7.300000000E-01 5.322268324E-02 3.094174521E-03 -9.944209321E-02
 5.668977759E-02 -7.300000000E-01 5.090957700E-02 3.036686213E-03 -9.183248935E-02
 5.099717089E-02 -7.300000000E-01 5.192438128E-02 3.047836043E-03 -9.532894089E-02
 9.008752530E-02 -7.300000000E-01 4.482684066E-02 2.939471171E-03 -8.135135276E-02
 9.392215839E-02 -7.300000000E-01 4.408821393E-02 2.941739781E-03 -7.860323584E-02
 1.266056583E-01 -7.300000000E-01 3.761095442E-02 2.886646234E-03 -6.553438952E-02
 3.247247698E-01 -7.300000000E-01 -8.738080765E-03 3.529023847E-03 -9.472047735E-02
 3.581950741E-01 -7.300000000E-01 -1.748780940E-02 3.788325997E-03 -1.295403812E-01
 3.453277435E-01 -7.300000000E-01 -1.411363622E-02 3.695842468E-03 -1.167675496E-01
 3.533555230E-01 -7.300000000E-01 -1.620239233E-02 3.756333518E-03 -1.241646731E-01
 3.787055599E-01 -7.300000000E-01 -2.294327137E-02 3.909033753E-03 -1.656456080E-01
 3.086606309E-01 -7.300000000E-01 -4.628284873E-03 3.390510499E-03 -7.677269262E-02
 2.794995382E-01 -7.300000000E-01 2.707961859E-03 3.211734261E-03 -5.842901098E-02
 2.972095229E-01 -7.300000000E-01 -1.712287270E-03 3.309910806E-03 -7.166440579E-02
 2.674901966E-01 -7.300000000E-01 5.679853308E-03 3.141800813E-03 -5.266480238E-02
 2.465658190E-01 -7.300000000E-01 1.077114298E-02 3.060587552E-03 -5.528363960E-02
 1.812601906E-01 -7.300000000E-01 2.590983062E-02 2.933744604E-03 -4.802553406E-02
 1.598603328E-01 -7.300000000E-01 3.061169621E-02 2.901077732E-03 -5.672567931E-02
 2.067964893E-01 -7.300000000E-01 2.012069617E-02 2.985588564E-03 -5.377856908E-02
 2.217053004E-01 -7.300000000E-01 1.667045113E-02 2.994535054E-03 -5.629446948E-02
 2.161096622E-01 -7.300000000E-01 1.798781426E-02 2.989444035E-03 -5.818652927E-02
 1.346326718E-01 -7.300000000E-01 3.595191664E-02 2.882646940E-03 -6.208229463E-02
 4.015441486E-01 -7.300000000E-01 -2.911563350E-02 4.080491488E-03 -1.931869511E-01
 4.681390465E-01 -7.300000000E-01 -4.762017130E-02 4.541196702E-03 -3.133476018E-01
 4.446813601E-01 -7.300000000E-01 -4.102461704E-02 4.389935468E-03 -2.578473956E-01
 4.841314386E-01 -7.300000000E-01 -5.217479269E-02 4.657986185E-03 -3.469850684E-01
 4.355210040E-01 -7.300000000E-01 -3.846438737E-02 4.321893498E-03 -2.390882688E-01
 4.017918611E-01 -7.300000000E-01 -2.918313904E-02 4.082050714E-03 -1.934101678E-01
 4.016684804E-01 -7.300000000E-01 -2.914925084E-02 4.081338329E-03 -1.934021470E-01
 -1.027617030E-01 -7.300000000E-01 -3.665592454E-02 3.044954339E-03 2.749797592E-01
 -1.151803279E-01 -7.300000000E-01 -3.310780193E-02 3.014039177E-03 2.886215694E-01
 -8.506227013E-02 -7.300000000E-01 -4.138892801E-02 3.072295278E-03 2.573706860E-01
 -7.403056307E-02 -7.300000000E-01 -4.420295992E-02 3.080998900E-03 2.471714573E-01
 -5.063568890E-02 -7.300000000E-01 -4.978691918E-02 3.096492725E-03 2.294162251E-01
 -4.140552194E-02 -7.300000000E-01 -5.188794028E-02 3.100526938E-03 2.235281834E-01
 -1.515212587E-02 -7.300000000E-01 -5.748984150E-02 3.113404629E-03 2.054483104E-01
 -1.680070297E-03 -7.300000000E-01 -6.020740102E-02 3.103869438E-03 1.979349053E-01
 2.343741105E-02 -7.300000000E-01 -6.498785903E-02 3.107993503E-03 1.859808755E-01
 3.415405557E-02 -7.300000000E-01 -6.693782325E-02 3.110871462E-03 1.806811120E-01
 6.485652353E-02 -7.300000000E-01 -7.219355570E-02 3.105705009E-03 1.671552803E-01
 7.113611859E-02 -7.300000000E-01 -7.322658657E-02 3.104060544E-03 1.649030783E-01
 1.034246467E-01 -7.300000000E-01 -7.823427970E-02 3.064534647E-03 1.515916689E-01
 1.506643842E-01 -7.300000000E-01 -8.492461402E-02 3.012598507E-03 1.339220450E-01
 1.800451734E-01 -7.300000000E-01 -8.873278443E-02 2.998073287E-03 1.251912059E-01
 1.412135548E-01 -7.300000000E-01 -8.364355120E-02 3.017140524E-03 1.386649676E-01
 1.825991296E-01 -7.300000000E-01 -8.905661671E-02 3.000458195E-03 1.246039288E-01
 1.908613781E-01 -7.300000000E-01 -9.005400449E-02 2.994777858E-03 1.224534014E-01
 1.156838587E-01 -7.300000000E-01 -8.004150279E-02 3.043786670E-03 1.481040162E-01
 1.094427440E-01 -7.300000000E-01 -7.914495547E-02 3.065362190E-03 1.483757280E-01
 1 7
 6 2
 2 3
 3 4
 5 6
 5 1
 10 8
 8 9
 9 11
 11 12
 12 13
 13 14
 14 15
 15 18
 18 21
 21 22
 22 17
 17 23
 23 24
 24 25
 25 26
 26 16
 16 19
 19 20
 20 27
 27 28
 28 29
 29 30
 30 35
 35 36
 36 33
 33 34
 34 32
 32 31
 31 37
 37 38
 38 39
 39 40
 40 41
 42 44
 43 42
 45 43
 45 46
 46 47
 47 48
 48 49
 49 50
 50 51
 51 52
 52 61
 61 60
 60 53
 53 63
 63 64
 64 57
 57 66
 66 67
 67 65
 65 54
 54 55
 55 56
 56 58
 58 59
 59 62
 69 70
 70 71
 71 110
 110 111
 111 112
 112 113
 75 76
 76 77
 77 78
 78 79
 79 80
 80 81
 81 82
 82 83
 83 85
 85 84
 84 90
 90 92
 92 93
 93 86
 86 87
 87 95
 95 96
 96 97
 97 98
 98 99
 99 100
 100 88
 88 89
 89 102
 102 101
 101 91
 91 103
 103 105
 105 104
 104 94
 94 106
 106 107
 107 108
 108 109
 68 69
 68 72
 72 73
 73 74
 74 75
 114 119
 119 146
 146 148
 148 149
 149 147
 147 116
 116 120
 120 122
 122 125
 125 126
 126 124
 124 123
 123 121
 121 127
 127 128
 128 151
 151 152
 152 150
 150 129
 129 130
 130 131
 131 133
 133 134
 134 132
 132 157
 157 158
 158 153
 153 135
 135 138
 138 139
 139 154
 154 156
 156 155
 155 141
 141 142
 142 143
 143 159
 159 160
 160 161
 161 162
 162 164
 164 165
 165 166
 166 168
 168 170
 170 171
 171 169
 169 167
 167 172
 172 173
 173 174
 174 175
 115 114
 140 137
 137 136
 136 118
 118 117
 117 115
 145 144
 144 140
 183 179
 179 180
 180 181
 181 182
 182 187
 187 188
 188 189
 189 163
 163 145
 176 177
 177 185
 185 186
 186 184
 184 183
 178 176
 191 190
 190 194
 194 196
 196 197
 197 195
 195 193
 193 204
 204 203
 203 199
 199 200
 200 198
 198 211
 211 213
 213 212
 212 202
 202 201
 201 205
 205 206
 206 207
 207 208
 208 209
 209 210
 210 214
 214 215
 215 216
 216 217
 217 218
 218 221
 221 225
 225 224
 224 220
 220 219
 219 222
 222 223
 223 226
 226 227
 227 228
 228 230
 230 232
 232 231
 231 229
 229 233
 233 234
 234 235
 235 236
 236 237
 237 239
 239 240
 240 241
 241 238
 238 242
 242 243
 243 244
 244 245
 245 246
 192 191
 248 247
 247 249
 249 250
 250 251
 251 252
 252 256
 256 257
 257 261
 261 262
 262 260
 260 253
 253 254
 254 255
 255 258
 258 259
 259 263
 263 264
 264 265
 265 266
 266 267
 267 268
 268 269
 269 270
 270 271
 271 273
 273 272
 272 274
 274 275
 275 276
 276 292
 292 288
 288 287
 287 289
 289 291
 291 290
 290 286
 286 285
 285 283
 283 284
 284 282
 282 277
 277 279
 279 280
 280 278
 278 281
 281 293
 293 299
 299 298
 298 297
 297 295
 295 294
 294 296
 300 302
 302 303
 303 304
 304 305
 305 306
 306 307
 307 308
 308 309
 309 310
 310 311
 311 312
 312 319
 319 318
 318 315
 315 313
 313 314
 314 316
 316 317
 301 300
