TITLE     = "Surface mesh and solution"
VARIABLES = "x"
"y"
"z"
"cfx"
"Cp"
DATASETAUXDATA alpha_deg="  0.0000000E+00"
DATASETAUXDATA beta_deg="  0.0000000E+00"
DATASETAUXDATA bref="  0.7500000"
DATASETAUXDATA cref="   1.000000"
DATASETAUXDATA itranflg="           0"
DATASETAUXDATA ivisc="           2"
DATASETAUXDATA mach="  0.2000000"
DATASETAUXDATA reue_mil="   4.600000"
DATASETAUXDATA sref="  0.7500000"
DATASETAUXDATA tinf_r="   521.0000"
DATASETAUXDATA xmc="  0.0000000E+00"
DATASETAUXDATA ymc="  0.0000000E+00"
DATASETAUXDATA zmc="  0.0000000E+00"
ZONE T="USM3D-ME, HeldenMesh_M, Slice: Y=-0.001"
 STRANDID=0, SOLUTIONTIME=0
 Nodes=393, Elements=383, ZONETYPE=FELineSeg
 DATAPACKING=POINT
 DT=(DOUBLE DOUBLE DOUBLE DOUBLE DOUBLE )
 7.471460240E-01 -1.000000000E-03 -6.536680706E-02 7.008133299E-04 3.909616257E-01
 7.461198760E-01 -1.000000000E-03 -6.512606480E-02 5.999401413E-04 3.890804337E-01
 7.451688085E-01 -1.000000000E-03 -6.490224042E-02 3.042897972E-04 4.319004048E-01
 7.440252836E-01 -1.000000000E-03 -6.463282885E-02 1.048433895E-04 4.303528186E-01
 7.427847008E-01 -1.000000000E-03 -6.434226005E-02 -1.344073632E-05 4.294340088E-01
 7.413230922E-01 -1.000000000E-03 -6.399831522E-02 -5.432054288E-05 4.289666155E-01
 7.402550644E-01 -1.000000000E-03 -6.374872199E-02 -5.511509632E-05 4.283309372E-01
 7.387437814E-01 -1.000000000E-03 -6.339687626E-02 -3.380556594E-05 4.272354627E-01
 6.966434763E-01 -1.000000000E-03 -5.371101170E-02 1.750979630E-04 3.831656554E-01
 6.943261221E-01 -1.000000000E-03 -5.318688419E-02 1.863984184E-04 3.808156628E-01
 6.988145487E-01 -1.000000000E-03 -5.420294306E-02 1.643247036E-04 3.854302112E-01
 7.011601299E-01 -1.000000000E-03 -5.473553380E-02 1.548153021E-04 3.879058614E-01
 6.923159976E-01 -1.000000000E-03 -5.273286899E-02 1.973869640E-04 3.788461130E-01
 6.898424693E-01 -1.000000000E-03 -5.217540727E-02 2.086786680E-04 3.764646679E-01
 7.035178666E-01 -1.000000000E-03 -5.527156000E-02 1.476303622E-04 3.903801513E-01
 7.059158312E-01 -1.000000000E-03 -5.581791436E-02 1.357696449E-04 3.927476671E-01
 7.361113887E-01 -1.000000000E-03 -6.278344873E-02 -7.477442946E-06 4.251893114E-01
 7.347427442E-01 -1.000000000E-03 -6.246458007E-02 7.453566014E-06 4.240723153E-01
 7.336081573E-01 -1.000000000E-03 -6.219823982E-02 2.977678467E-06 4.228933770E-01
 7.082639585E-01 -1.000000000E-03 -5.635357894E-02 1.263691326E-04 3.951857996E-01
 7.106393560E-01 -1.000000000E-03 -5.689676393E-02 1.124919725E-04 3.978323493E-01
 7.130444446E-01 -1.000000000E-03 -5.744729332E-02 1.025304342E-04 4.005865545E-01
 7.153721878E-01 -1.000000000E-03 -5.798135112E-02 9.124794514E-05 4.031708526E-01
 7.177794103E-01 -1.000000000E-03 -5.853428504E-02 8.220791437E-05 4.057778429E-01
 7.198190735E-01 -1.000000000E-03 -5.900388871E-02 7.160416994E-05 4.080353499E-01
 7.223853100E-01 -1.000000000E-03 -5.959551013E-02 6.897319561E-05 4.107094337E-01
 7.254742435E-01 -1.000000000E-03 -6.031154120E-02 5.752215049E-05 4.140798923E-01
 7.240835371E-01 -1.000000000E-03 -5.999193278E-02 8.091257734E-05 4.122922440E-01
 7.309196090E-01 -1.000000000E-03 -6.157379735E-02 1.571540178E-05 4.201291194E-01
 7.297127740E-01 -1.000000000E-03 -6.129504438E-02 3.273689579E-05 4.188572370E-01
 7.285209300E-01 -1.000000000E-03 -6.101659625E-02 3.241584611E-05 4.176251061E-01
 6.875160274E-01 -1.000000000E-03 -5.165171282E-02 2.182118027E-04 3.741757762E-01
 -2.490574316E-01 -1.000000000E-03 2.105708741E-02 2.263849860E-04 6.085004851E-01
 -2.490799480E-01 -1.000000000E-03 1.950416680E-02 -2.785523058E-04 7.270680101E-01
 -2.489495220E-01 -1.000000000E-03 1.831190568E-02 -4.720949778E-04 7.624707939E-01
 -2.490484625E-01 -1.000000000E-03 2.179136409E-02 4.774846358E-04 5.755782357E-01
 -2.489298120E-01 -1.000000000E-03 2.251598192E-02 8.471761138E-04 5.003687120E-01
 -2.486806816E-01 -1.000000000E-03 2.405330382E-02 1.572497884E-03 3.907044285E-01
 -2.483414070E-01 -1.000000000E-03 2.521313274E-02 2.045898248E-03 3.278607596E-01
 -2.481372219E-01 -1.000000000E-03 2.585106876E-02 2.379326878E-03 2.836268468E-01
 -2.476424509E-01 -1.000000000E-03 2.704792495E-02 2.922432552E-03 1.608377351E-01
 -2.472743512E-01 -1.000000000E-03 2.781069686E-02 3.299364970E-03 1.019601044E-01
 -2.465892306E-01 -1.000000000E-03 2.903962888E-02 3.791916285E-03 9.504404461E-03
 -2.488577891E-01 -1.000000000E-03 1.763446518E-02 -5.801582989E-04 7.952382232E-01
 -2.485831623E-01 -1.000000000E-03 1.638554166E-02 -6.559471815E-04 8.703124145E-01
 -2.483412249E-01 -1.000000000E-03 1.553107295E-02 -6.719179470E-04 8.991115776E-01
 -2.478838192E-01 -1.000000000E-03 1.421704080E-02 -5.902303144E-04 9.397455700E-01
 -2.460488003E-01 -1.000000000E-03 2.987430519E-02 4.144585688E-03 -4.458251013E-02
 -2.474679894E-01 -1.000000000E-03 1.324213085E-02 -4.798981755E-04 9.576831597E-01
 -2.468878344E-01 -1.000000000E-03 1.204149781E-02 -3.049447402E-04 9.737576570E-01
 -2.463195856E-01 -1.000000000E-03 1.103580504E-02 -1.160033475E-04 9.786915497E-01
 -2.456383356E-01 -1.000000000E-03 9.931916883E-03 8.711268598E-05 9.783533093E-01
 -2.449302404E-01 -1.000000000E-03 8.917287316E-03 3.104915235E-04 9.723030301E-01
 -2.441810575E-01 -1.000000000E-03 7.915178364E-03 4.950707206E-04 9.629617013E-01
 -2.433190238E-01 -1.000000000E-03 6.871250693E-03 7.111705384E-04 9.485659192E-01
 -2.424865489E-01 -1.000000000E-03 5.916684124E-03 8.624790545E-04 9.342127286E-01
 -2.415248965E-01 -1.000000000E-03 4.902674142E-03 1.040659536E-03 9.153601414E-01
 -2.374018158E-01 -1.000000000E-03 1.129045232E-03 1.499912461E-03 8.387717744E-01
 -2.363663302E-01 -1.000000000E-03 2.867504856E-04 1.571243308E-03 8.229531575E-01
 -2.395547850E-01 -1.000000000E-03 2.996980099E-03 1.302615920E-03 8.780424985E-01
 -2.385747014E-01 -1.000000000E-03 2.116628845E-03 1.393322041E-03 8.601662124E-01
 -2.350896301E-01 -1.000000000E-03 -6.936165377E-04 1.662869455E-03 8.012290666E-01
 -2.339564654E-01 -1.000000000E-03 -1.536602849E-03 1.728094791E-03 7.831272224E-01
 -2.325588620E-01 -1.000000000E-03 -2.521821249E-03 1.801455402E-03 7.616473049E-01
 -2.313555107E-01 -1.000000000E-03 -3.345341733E-03 1.853356860E-03 7.443252580E-01
 -2.298527542E-01 -1.000000000E-03 -4.324288664E-03 1.921448444E-03 7.236115668E-01
 -2.285304021E-01 -1.000000000E-03 -5.162120759E-03 1.973583347E-03 7.068648367E-01
 -2.269110434E-01 -1.000000000E-03 -6.143082120E-03 2.038002029E-03 6.867213310E-01
 -2.255244813E-01 -1.000000000E-03 -6.961081978E-03 2.086229333E-03 6.703437707E-01
 -2.238421076E-01 -1.000000000E-03 -7.912743336E-03 2.143601811E-03 6.520425741E-01
 -2.223617046E-01 -1.000000000E-03 -8.729148731E-03 2.188578544E-03 6.372989286E-01
 -2.206422644E-01 -1.000000000E-03 -9.642534230E-03 2.239018796E-03 6.207113579E-01
 -2.191166489E-01 -1.000000000E-03 -1.043350226E-02 2.286085548E-03 6.074152488E-01
 -2.173043942E-01 -1.000000000E-03 -1.134066547E-02 2.332741647E-03 5.915583175E-01
 -2.157035452E-01 -1.000000000E-03 -1.212445552E-02 2.378487708E-03 5.790785332E-01
 -2.134328965E-01 -1.000000000E-03 -1.319306747E-02 2.420333091E-03 5.620506474E-01
 -2.120854367E-01 -1.000000000E-03 -1.382009658E-02 2.472318790E-03 5.528171521E-01
 -2.106335007E-01 -1.000000000E-03 -1.446627537E-02 2.483571649E-03 5.437777721E-01
 -2.081667900E-01 -1.000000000E-03 -1.555595709E-02 2.531483938E-03 5.281028043E-01
 -2.062346094E-01 -1.000000000E-03 -1.637485167E-02 2.567825366E-03 5.163207582E-01
 -2.035863629E-01 -1.000000000E-03 -1.747403159E-02 2.608161344E-03 5.009101657E-01
 -2.015168895E-01 -1.000000000E-03 -1.830544450E-02 2.636982832E-03 4.897570371E-01
 -1.984838161E-01 -1.000000000E-03 -1.948734214E-02 2.699409574E-03 4.747856601E-01
 -1.965223018E-01 -1.000000000E-03 -2.023528922E-02 2.750643386E-03 4.656448016E-01
 -2.415248965E-01 -1.000000000E-03 4.902674142E-03 1.040659536E-03 9.153601414E-01
 -2.406405173E-01 -1.000000000E-03 4.011805683E-03 1.159536842E-03 8.991704079E-01
 1.152109571E-01 -1.000000000E-03 4.937534237E-02 1.972130230E-03 -8.816317616E-02
 1.076705060E-01 -1.000000000E-03 5.021164700E-02 2.009707843E-03 -9.517633200E-02
 1.212117143E-01 -1.000000000E-03 4.869603980E-02 1.944129647E-03 -8.259169484E-02
 1.290079344E-01 -1.000000000E-03 4.779326229E-02 1.909104007E-03 -7.535060831E-02
 1.351760511E-01 -1.000000000E-03 4.706502309E-02 1.880141495E-03 -6.963727890E-02
 1.432439158E-01 -1.000000000E-03 4.609187433E-02 1.842745148E-03 -6.217325478E-02
 1.496360547E-01 -1.000000000E-03 4.530672657E-02 1.813313288E-03 -5.632150478E-02
 1.580799785E-01 -1.000000000E-03 4.424812591E-02 1.776899054E-03 -4.861646989E-02
 1.647654251E-01 -1.000000000E-03 4.339551500E-02 1.747392190E-03 -4.253782423E-02
 1.735001323E-01 -1.000000000E-03 4.225952113E-02 1.710599309E-03 -3.457285449E-02
 1.805351084E-01 -1.000000000E-03 4.132967993E-02 1.682686486E-03 -2.828262804E-02
 1.895172584E-01 -1.000000000E-03 4.012025003E-02 1.642884219E-03 -2.025674655E-02
 1.965585863E-01 -1.000000000E-03 3.915747608E-02 1.615513662E-03 -1.400578923E-02
 2.059161705E-01 -1.000000000E-03 3.785546981E-02 1.582901085E-03 -5.779926974E-03
 2.133452473E-01 -1.000000000E-03 3.680654461E-02 1.556454400E-03 7.147960784E-04
 2.230211186E-01 -1.000000000E-03 3.541718404E-02 1.520009877E-03 9.163063376E-03
 2.309138692E-01 -1.000000000E-03 3.426760717E-02 1.493197799E-03 1.599618860E-02
 2.409159234E-01 -1.000000000E-03 3.278775590E-02 1.454888505E-03 2.470867382E-02
 2.490606691E-01 -1.000000000E-03 3.156567213E-02 1.427461850E-03 3.172193430E-02
 2.591582597E-01 -1.000000000E-03 3.002893543E-02 1.396721803E-03 4.035868340E-02
 2.666034492E-01 -1.000000000E-03 2.888177007E-02 1.371370419E-03 4.677829236E-02
 2.766094336E-01 -1.000000000E-03 2.731906790E-02 1.347342001E-03 5.516856654E-02
 2.840380413E-01 -1.000000000E-03 2.614719987E-02 1.317457002E-03 6.147779616E-02
 2.945696938E-01 -1.000000000E-03 2.446169265E-02 1.275102457E-03 7.011570451E-02
 3.037413975E-01 -1.000000000E-03 2.297885677E-02 1.251939452E-03 7.743497043E-02
 3.153367931E-01 -1.000000000E-03 2.107696272E-02 1.208401410E-03 8.675546659E-02
 3.253013873E-01 -1.000000000E-03 1.942334380E-02 1.181561640E-03 9.465314608E-02
 3.376407117E-01 -1.000000000E-03 1.734828340E-02 1.142738188E-03 1.045044635E-01
 3.481167524E-01 -1.000000000E-03 1.556491771E-02 1.113978217E-03 1.126763441E-01
 3.611625655E-01 -1.000000000E-03 1.331629746E-02 1.077821388E-03 1.226498784E-01
 -1.920423468E-01 -1.000000000E-03 -2.187752154E-02 2.730112766E-03 4.491215020E-01
 -1.888798819E-01 -1.000000000E-03 -2.299000922E-02 2.732790009E-03 4.344518304E-01
 -1.965223018E-01 -1.000000000E-03 -2.023528922E-02 2.750643386E-03 4.656448016E-01
 -1.938295920E-01 -1.000000000E-03 -2.122421690E-02 2.729382434E-03 4.568142467E-01
 -1.864547239E-01 -1.000000000E-03 -2.382107212E-02 2.741704343E-03 4.252820710E-01
 -1.829178702E-01 -1.000000000E-03 -2.500493350E-02 2.791182184E-03 4.127224077E-01
 -1.796067488E-01 -1.000000000E-03 -2.606702277E-02 2.804295681E-03 4.018677174E-01
 -1.768441100E-01 -1.000000000E-03 -2.694743103E-02 2.860390619E-03 3.944991377E-01
 -1.744661176E-01 -1.000000000E-03 -2.767090684E-02 2.834692154E-03 3.862953552E-01
 -1.695444914E-01 -1.000000000E-03 -2.915061987E-02 2.828129682E-03 3.734426280E-01
 -1.661070325E-01 -1.000000000E-03 -3.014005266E-02 2.816683165E-03 3.668850193E-01
 -1.629062087E-01 -1.000000000E-03 -3.104564384E-02 2.814026236E-03 3.593565588E-01
 -1.591815148E-01 -1.000000000E-03 -3.206750459E-02 2.830311327E-03 3.494398149E-01
 -1.549668870E-01 -1.000000000E-03 -3.319255558E-02 2.815676132E-03 3.404341960E-01
 -1.509831495E-01 -1.000000000E-03 -3.422372043E-02 2.817381391E-03 3.329954123E-01
 -1.469001154E-01 -1.000000000E-03 -3.525410194E-02 2.805901698E-03 3.256397136E-01
 -1.430404306E-01 -1.000000000E-03 -3.619921066E-02 2.796582132E-03 3.193288673E-01
 -1.388527615E-01 -1.000000000E-03 -3.720013591E-02 2.782411635E-03 3.125432972E-01
 -1.348899316E-01 -1.000000000E-03 -3.812072761E-02 2.770988215E-03 3.059838076E-01
 -1.307187642E-01 -1.000000000E-03 -3.906697434E-02 2.753188984E-03 2.998896145E-01
 -1.265968732E-01 -1.000000000E-03 -3.997629308E-02 2.737502286E-03 2.944416919E-01
 -1.225758987E-01 -1.000000000E-03 -4.084272593E-02 2.720336526E-03 2.891893279E-01
 -1.181129664E-01 -1.000000000E-03 -4.177861019E-02 2.712121045E-03 2.834288129E-01
 -1.142102504E-01 -1.000000000E-03 -4.257796198E-02 2.695647285E-03 2.788507840E-01
 -1.096719037E-01 -1.000000000E-03 -4.348339485E-02 2.679567060E-03 2.746014757E-01
 -1.057646069E-01 -1.000000000E-03 -4.424462836E-02 2.663636605E-03 2.705328299E-01
 -1.010218584E-01 -1.000000000E-03 -4.514530279E-02 2.643953584E-03 2.654309589E-01
 -9.697849818E-02 -1.000000000E-03 -4.589521330E-02 2.627456786E-03 2.616067720E-01
 -9.207799016E-02 -1.000000000E-03 -4.678034755E-02 2.612294143E-03 2.571948778E-01
 -8.812180224E-02 -1.000000000E-03 -4.747875563E-02 2.595161488E-03 2.537979875E-01
 -8.308518527E-02 -1.000000000E-03 -4.834469904E-02 2.579958700E-03 2.498472457E-01
 -7.909453933E-02 -1.000000000E-03 -4.901491740E-02 2.564354080E-03 2.467495321E-01
 -7.398660555E-02 -1.000000000E-03 -4.985109377E-02 2.548452320E-03 2.430075487E-01
 -6.987496576E-02 -1.000000000E-03 -5.050787343E-02 2.533251760E-03 2.401319295E-01
 -6.469648495E-02 -1.000000000E-03 -5.131482790E-02 2.518744974E-03 2.367773254E-01
 -6.033908170E-02 -1.000000000E-03 -5.197657678E-02 2.505127848E-03 2.340304101E-01
 -5.512816082E-02 -1.000000000E-03 -5.274879915E-02 2.491094336E-03 2.308449906E-01
 -5.062766608E-02 -1.000000000E-03 -5.339858438E-02 2.478234215E-03 2.282233703E-01
 -4.534953694E-02 -1.000000000E-03 -5.414191950E-02 2.465506508E-03 2.253053486E-01
 -4.052334008E-02 -1.000000000E-03 -5.480351716E-02 2.452170547E-03 2.227093140E-01
 -3.519069316E-02 -1.000000000E-03 -5.551635797E-02 2.438821477E-03 2.201268535E-01
 -3.010573824E-02 -1.000000000E-03 -5.617685001E-02 2.420834024E-03 2.178056359E-01
 -2.455767356E-02 -1.000000000E-03 -5.687939211E-02 2.401159067E-03 2.154225254E-01
 -1.934364807E-02 -1.000000000E-03 -5.752035025E-02 2.382786875E-03 2.133977917E-01
 -1.361313153E-02 -1.000000000E-03 -5.820633683E-02 2.363711397E-03 2.111775017E-01
 -8.352548203E-03 -1.000000000E-03 -5.881783411E-02 2.345905132E-03 2.091955355E-01
 -2.323399454E-03 -1.000000000E-03 -5.949899162E-02 2.325181849E-03 2.070607155E-01
 2.973643521E-03 -1.000000000E-03 -6.008063285E-02 2.308060763E-03 2.052646155E-01
 9.244852030E-03 -1.000000000E-03 -6.074840086E-02 2.287499570E-03 2.032686352E-01
 1.455490792E-02 -1.000000000E-03 -6.129822891E-02 2.271150914E-03 2.017483597E-01
 2.108389358E-02 -1.000000000E-03 -6.195257784E-02 2.252302571E-03 2.000999516E-01
 2.652737150E-02 -1.000000000E-03 -6.248269085E-02 2.237562117E-03 1.987235587E-01
 3.321656542E-02 -1.000000000E-03 -6.311264967E-02 2.218415901E-03 1.971626566E-01
 3.875277435E-02 -1.000000000E-03 -6.361845192E-02 2.204023884E-03 1.959492049E-01
 4.564364466E-02 -1.000000000E-03 -6.422702611E-02 2.186256988E-03 1.945797734E-01
 5.154658837E-02 -1.000000000E-03 -6.473150535E-02 2.172425808E-03 1.934876067E-01
 5.868262389E-02 -1.000000000E-03 -6.532042355E-02 2.153251259E-03 1.922130195E-01
 6.490855945E-02 -1.000000000E-03 -6.581632153E-02 2.137962195E-03 1.912915556E-01
 7.229119527E-02 -1.000000000E-03 -6.638347499E-02 2.119258237E-03 1.905360320E-01
 7.860069905E-02 -1.000000000E-03 -6.685082124E-02 2.104241215E-03 1.897992190E-01
 8.618837843E-02 -1.000000000E-03 -6.739129316E-02 2.083632015E-03 1.888786104E-01
 9.256950051E-02 -1.000000000E-03 -6.782969470E-02 2.066400302E-03 1.882245657E-01
 1.005078865E-01 -1.000000000E-03 -6.835207785E-02 2.046390764E-03 1.874146507E-01
 1.072192491E-01 -1.000000000E-03 -6.877734868E-02 2.028083198E-03 1.869303280E-01
 1.222613164E-01 -1.000000000E-03 -6.967113816E-02 1.987840437E-03 1.863962723E-01
 1.308207262E-01 -1.000000000E-03 -7.014505066E-02 1.961756124E-03 1.861892301E-01
 1.072192491E-01 -1.000000000E-03 -6.877734868E-02 2.028083198E-03 1.869303280E-01
 1.154650047E-01 -1.000000000E-03 -6.927630005E-02 2.006768369E-03 1.866750872E-01
 1.376767624E-01 -1.000000000E-03 -7.050832963E-02 1.943568960E-03 1.861310225E-01
 1.465261161E-01 -1.000000000E-03 -7.095440673E-02 1.921496469E-03 1.862737315E-01
 1.536036161E-01 -1.000000000E-03 -7.129458058E-02 1.903485238E-03 1.864282964E-01
 1.627610626E-01 -1.000000000E-03 -7.171156613E-02 1.881345545E-03 1.867421302E-01
 1.703316455E-01 -1.000000000E-03 -7.203905910E-02 1.864419414E-03 1.870608902E-01
 1.799357522E-01 -1.000000000E-03 -7.243014781E-02 1.843242550E-03 1.876197541E-01
 1.878156952E-01 -1.000000000E-03 -7.273336024E-02 1.825418769E-03 1.881756941E-01
 1.977317391E-01 -1.000000000E-03 -7.309012183E-02 1.802900633E-03 1.889923407E-01
 2.057795160E-01 -1.000000000E-03 -7.336220264E-02 1.785417423E-03 1.897196585E-01
 2.160571102E-01 -1.000000000E-03 -7.368459871E-02 1.764723743E-03 1.907269918E-01
 2.244816070E-01 -1.000000000E-03 -7.393093137E-02 1.746784899E-03 1.916351500E-01
 2.351329797E-01 -1.000000000E-03 -7.421702983E-02 1.721501247E-03 1.929683581E-01
 2.439446695E-01 -1.000000000E-03 -7.443520515E-02 1.701726158E-03 1.941826095E-01
 2.553138426E-01 -1.000000000E-03 -7.468969774E-02 1.675123113E-03 1.959164368E-01
 2.657750172E-01 -1.000000000E-03 -7.490038822E-02 1.657797848E-03 1.976143158E-01
 2.776114144E-01 -1.000000000E-03 -7.511217936E-02 1.640494051E-03 1.997480520E-01
 2.877347991E-01 -1.000000000E-03 -7.526975522E-02 1.623350324E-03 2.016947956E-01
 3.000613709E-01 -1.000000000E-03 -7.543552103E-02 1.593808248E-03 2.041907300E-01
 3.106493845E-01 -1.000000000E-03 -7.555449236E-02 1.572328177E-03 2.064179278E-01
 3.233598705E-01 -1.000000000E-03 -7.567000951E-02 1.542600990E-03 2.091083273E-01
 3.342132909E-01 -1.000000000E-03 -7.574568480E-02 1.518832128E-03 2.115476445E-01
 3.472818664E-01 -1.000000000E-03 -7.580956369E-02 1.490894335E-03 2.146556868E-01
 3.580664088E-01 -1.000000000E-03 -7.584049976E-02 1.464926286E-03 2.173398731E-01
 3.715072280E-01 -1.000000000E-03 -7.585150559E-02 1.432476064E-03 2.208615875E-01
 3.830236704E-01 -1.000000000E-03 -7.583841320E-02 1.408202938E-03 2.239788303E-01
 3.971411082E-01 -1.000000000E-03 -7.579332988E-02 1.378386995E-03 2.279740356E-01
 4.090372387E-01 -1.000000000E-03 -7.573194177E-02 1.353218128E-03 2.314710797E-01
 4.236202818E-01 -1.000000000E-03 -7.562682787E-02 1.322014020E-03 2.359326931E-01
 4.357636243E-01 -1.000000000E-03 -7.551566455E-02 1.295854042E-03 2.397586991E-01
 4.508826767E-01 -1.000000000E-03 -7.534621495E-02 1.263261684E-03 2.446474102E-01
 4.635996703E-01 -1.000000000E-03 -7.517901751E-02 1.235513632E-03 2.489726779E-01
 4.791953693E-01 -1.000000000E-03 -7.494149392E-02 1.196833723E-03 2.545358074E-01
 4.921790484E-01 -1.000000000E-03 -7.471897524E-02 1.168078771E-03 2.593368743E-01
 5.084626969E-01 -1.000000000E-03 -7.440460516E-02 1.129485335E-03 2.655905770E-01
 5.218443863E-01 -1.000000000E-03 -7.412112306E-02 1.099639536E-03 2.708825129E-01
 5.388377437E-01 -1.000000000E-03 -7.372188347E-02 1.060371959E-03 2.778467927E-01
 -1.386022053E-01 -1.000000000E-03 6.022461589E-02 4.023674310E-03 -3.380488562E-01
 -1.346775341E-01 -1.000000000E-03 6.048327118E-02 3.971930888E-03 -3.333961311E-01
 -1.315257174E-01 -1.000000000E-03 6.067552404E-02 3.924709312E-03 -3.300798391E-01
 -1.281564664E-01 -1.000000000E-03 6.086493478E-02 3.874348002E-03 -3.263371145E-01
 -1.249112681E-01 -1.000000000E-03 6.103236720E-02 3.835994694E-03 -3.226093157E-01
 -1.212400452E-01 -1.000000000E-03 6.120522416E-02 3.782354907E-03 -3.184955603E-01
 -1.177651838E-01 -1.000000000E-03 6.135198649E-02 3.716528828E-03 -3.142925833E-01
 -1.145234152E-01 -1.000000000E-03 6.147607925E-02 3.669840855E-03 -3.108688400E-01
 -1.108453330E-01 -1.000000000E-03 6.160049392E-02 3.614077717E-03 -3.069979429E-01
 -1.074817284E-01 -1.000000000E-03 6.170073391E-02 3.567072931E-03 -3.035014012E-01
 -1.036659670E-01 -1.000000000E-03 6.179826383E-02 3.519872322E-03 -2.993083588E-01
 -1.002249450E-01 -1.000000000E-03 6.187260303E-02 3.475678042E-03 -2.957939299E-01
 -9.626337986E-02 -1.000000000E-03 6.194208599E-02 3.432539255E-03 -2.918701386E-01
 -9.281821393E-02 -1.000000000E-03 6.198954571E-02 3.392512178E-03 -2.883734826E-01
 -8.876277034E-02 -1.000000000E-03 6.202937528E-02 3.347590300E-03 -2.841289970E-01
 -8.526565605E-02 -1.000000000E-03 6.205134950E-02 3.311298215E-03 -2.805580796E-01
 -8.105281058E-02 -1.000000000E-03 6.206146650E-02 3.269865445E-03 -2.761618745E-01
 -7.747072033E-02 -1.000000000E-03 6.205758414E-02 3.235812972E-03 -2.725353042E-01
 -7.315541837E-02 -1.000000000E-03 6.203674531E-02 3.194955576E-03 -2.683154751E-01
 -6.950257762E-02 -1.000000000E-03 6.200652117E-02 3.161993697E-03 -2.646873379E-01
 -6.504745198E-02 -1.000000000E-03 6.195373934E-02 3.122588258E-03 -2.602428583E-01
 -6.124704961E-02 -1.000000000E-03 6.189561086E-02 3.089021398E-03 -2.565212183E-01
 -5.669966150E-02 -1.000000000E-03 6.181054929E-02 3.048805914E-03 -2.519541543E-01
 -5.283994713E-02 -1.000000000E-03 6.172525300E-02 3.016390710E-03 -2.481558865E-01
 -4.813722566E-02 -1.000000000E-03 6.160574329E-02 2.978087093E-03 -2.434939512E-01
 -4.413986054E-02 -1.000000000E-03 6.149119032E-02 2.946394501E-03 -2.395756205E-01
 -3.929555278E-02 -1.000000000E-03 6.133626573E-02 2.907597740E-03 -2.348213035E-01
 -3.521973719E-02 -1.000000000E-03 6.119332697E-02 2.876373261E-03 -2.308560967E-01
 -3.020616717E-02 -1.000000000E-03 6.100081230E-02 2.840112897E-03 -2.259338959E-01
 -2.605391896E-02 -1.000000000E-03 6.082900187E-02 2.808401823E-03 -2.219408337E-01
 -2.094025383E-02 -1.000000000E-03 6.060070569E-02 2.771437168E-03 -2.171103160E-01
 -1.667214056E-02 -1.000000000E-03 6.039759902E-02 2.739080606E-03 -2.130931930E-01
 -1.143954113E-02 -1.000000000E-03 6.013236922E-02 2.703964720E-03 -2.081569422E-01
 -7.017794365E-03 -1.000000000E-03 5.989506705E-02 2.669803153E-03 -2.040243449E-01
 -1.658470194E-03 -1.000000000E-03 5.959149368E-02 2.632479846E-03 -1.989518602E-01
 2.922664000E-03 -1.000000000E-03 5.931853412E-02 2.600733193E-03 -1.946242308E-01
 8.515293258E-03 -1.000000000E-03 5.896876365E-02 2.564126745E-03 -1.891270234E-01
 1.319094477E-02 -1.000000000E-03 5.866333883E-02 2.536288550E-03 -1.846275418E-01
 1.897218211E-02 -1.000000000E-03 5.826819592E-02 2.498321887E-03 -1.791162457E-01
 2.376870447E-02 -1.000000000E-03 5.792779609E-02 2.471708797E-03 -1.745233058E-01
 2.980091865E-02 -1.000000000E-03 5.748120525E-02 2.435451321E-03 -1.688090546E-01
 3.466688030E-02 -1.000000000E-03 5.710860939E-02 2.406892155E-03 -1.641812683E-01
 4.091569705E-02 -1.000000000E-03 5.661116788E-02 2.368655763E-03 -1.581999416E-01
 4.586237733E-02 -1.000000000E-03 5.620508789E-02 2.339085301E-03 -1.534938138E-01
 5.237231010E-02 -1.000000000E-03 5.565134756E-02 2.302116712E-03 -1.472669681E-01
 5.749201730E-02 -1.000000000E-03 5.520316563E-02 2.272468004E-03 -1.423954482E-01
 6.421450526E-02 -1.000000000E-03 5.459521575E-02 2.233610734E-03 -1.358870645E-01
 6.942373507E-02 -1.000000000E-03 5.411136655E-02 2.205442189E-03 -1.309526265E-01
 7.637102893E-02 -1.000000000E-03 5.344658816E-02 2.170036763E-03 -1.245538805E-01
 8.173832249E-02 -1.000000000E-03 5.292022771E-02 2.140574630E-03 -1.195090780E-01
 8.889937427E-02 -1.000000000E-03 5.219792720E-02 2.102314559E-03 -1.125576792E-01
 9.448921993E-02 -1.000000000E-03 5.162126757E-02 2.073501052E-03 -1.073635927E-01
 1.018579501E-01 -1.000000000E-03 5.084070253E-02 2.038002043E-03 -1.005669500E-01
 1.076705060E-01 -1.000000000E-03 5.021164700E-02 2.009707843E-03 -9.517633200E-02
 7.471460240E-01 -1.000000000E-03 -6.536680706E-02 7.008133299E-04 3.909616257E-01
 7.460919183E-01 -1.000000000E-03 -6.542580043E-02 7.095994501E-04 3.895785690E-01
 7.449560542E-01 -1.000000000E-03 -6.549018781E-02 5.123082809E-04 4.336925061E-01
 7.429656164E-01 -1.000000000E-03 -6.560301879E-02 2.983287150E-04 4.287473085E-01
 7.417624463E-01 -1.000000000E-03 -6.566987494E-02 1.990149648E-04 4.261660615E-01
 7.399726078E-01 -1.000000000E-03 -6.576825479E-02 2.182529646E-04 4.236290006E-01
 7.374085195E-01 -1.000000000E-03 -6.590903058E-02 2.614773456E-04 4.191911507E-01
 7.349552277E-01 -1.000000000E-03 -6.604566889E-02 2.740643787E-04 4.153893710E-01
 7.320890730E-01 -1.000000000E-03 -6.620072052E-02 3.106410927E-04 4.111639713E-01
 7.285041776E-01 -1.000000000E-03 -6.639254862E-02 3.655275078E-04 4.065110354E-01
 7.236716222E-01 -1.000000000E-03 -6.664831311E-02 4.192878697E-04 4.002610219E-01
 7.184918130E-01 -1.000000000E-03 -6.692202225E-02 4.334856637E-04 3.940248219E-01
 7.151172847E-01 -1.000000000E-03 -6.709626997E-02 4.447854819E-04 3.897462149E-01
 7.081569878E-01 -1.000000000E-03 -6.745233521E-02 4.337919578E-04 3.831757875E-01
 7.048271492E-01 -1.000000000E-03 -6.761880474E-02 4.536618017E-04 3.798565803E-01
 6.964349926E-01 -1.000000000E-03 -6.802369566E-02 5.463417489E-04 3.707758998E-01
 6.881048468E-01 -1.000000000E-03 -6.842076801E-02 5.897333175E-04 3.633058820E-01
 6.770742136E-01 -1.000000000E-03 -6.892563081E-02 6.782099355E-04 3.544547742E-01
 6.661659271E-01 -1.000000000E-03 -6.941297814E-02 7.115051698E-04 3.460427923E-01
 6.526724024E-01 -1.000000000E-03 -6.997768804E-02 7.645540968E-04 3.368664651E-01
 5.700355537E-01 -1.000000000E-03 -7.288561393E-02 9.787972148E-04 2.914837262E-01
 5.522170859E-01 -1.000000000E-03 -7.338102662E-02 1.028265240E-03 2.835590883E-01
 5.388377437E-01 -1.000000000E-03 -7.372188347E-02 1.060371959E-03 2.778467927E-01
 6.371439714E-01 -1.000000000E-03 -7.060919728E-02 8.191251447E-04 3.269424915E-01
 6.198281279E-01 -1.000000000E-03 -7.125321022E-02 8.331847059E-04 3.167917393E-01
 6.026681212E-01 -1.000000000E-03 -7.186119948E-02 8.931994417E-04 3.076433675E-01
 5.841155441E-01 -1.000000000E-03 -7.246164266E-02 9.402162434E-04 2.981832160E-01
 -2.452581350E-01 -1.000000000E-03 3.097602577E-02 4.551605460E-03 -1.115773860E-01
 -2.460488003E-01 -1.000000000E-03 2.987430519E-02 4.144585688E-03 -4.458251013E-02
 -2.445578174E-01 -1.000000000E-03 3.183212213E-02 4.839609591E-03 -1.589692496E-01
 -2.436918328E-01 -1.000000000E-03 3.281008216E-02 5.119386555E-03 -2.044737079E-01
 -2.428425808E-01 -1.000000000E-03 3.366697201E-02 5.327031436E-03 -2.417465207E-01
 -2.418946956E-01 -1.000000000E-03 3.456298607E-02 5.527146769E-03 -2.748184112E-01
 -2.409286598E-01 -1.000000000E-03 3.539278702E-02 5.676713135E-03 -3.027532691E-01
 -2.399230963E-01 -1.000000000E-03 3.620971997E-02 5.812625314E-03 -3.261848370E-01
 -2.388503829E-01 -1.000000000E-03 3.700975783E-02 5.900715168E-03 -3.477828227E-01
 -2.377576914E-01 -1.000000000E-03 3.778388270E-02 5.970511968E-03 -3.637791253E-01
 -2.366082233E-01 -1.000000000E-03 3.853821698E-02 6.012746481E-03 -3.792843633E-01
 -2.354528896E-01 -1.000000000E-03 3.926149092E-02 6.050943718E-03 -3.891843223E-01
 -2.341827507E-01 -1.000000000E-03 4.000375662E-02 6.062435316E-03 -4.009971237E-01
 -2.329255467E-01 -1.000000000E-03 4.070773778E-02 6.073353184E-03 -4.057317086E-01
 -2.315619735E-01 -1.000000000E-03 4.142302957E-02 6.066558886E-03 -4.141612325E-01
 -2.302497611E-01 -1.000000000E-03 4.208390377E-02 6.075708498E-03 -4.187677430E-01
 -2.287795810E-01 -1.000000000E-03 4.277886060E-02 6.056233709E-03 -4.247711512E-01
 -2.273793866E-01 -1.000000000E-03 4.341634176E-02 6.047712641E-03 -4.267685001E-01
 -2.257870005E-01 -1.000000000E-03 4.409766740E-02 6.015423698E-03 -4.309166191E-01
 -2.244045658E-01 -1.000000000E-03 4.467152256E-02 6.022977351E-03 -4.313306888E-01
 -2.226268335E-01 -1.000000000E-03 4.536296549E-02 5.962541509E-03 -4.331387215E-01
 -2.214928290E-01 -1.000000000E-03 4.579755272E-02 6.023050388E-03 -4.333484875E-01
 -2.203587529E-01 -1.000000000E-03 4.620294592E-02 5.930666504E-03 -4.340174947E-01
 -2.183501138E-01 -1.000000000E-03 4.691292191E-02 5.887741246E-03 -4.327771780E-01
 -2.168965328E-01 -1.000000000E-03 4.739474881E-02 5.856275857E-03 -4.321197770E-01
 -2.148317379E-01 -1.000000000E-03 4.805949009E-02 5.785322877E-03 -4.325237036E-01
 -2.133052372E-01 -1.000000000E-03 4.852644618E-02 5.757795770E-03 -4.303488856E-01
 -2.110257214E-01 -1.000000000E-03 4.919506210E-02 5.656423014E-03 -4.295048797E-01
 -2.095974463E-01 -1.000000000E-03 4.959926370E-02 5.680921080E-03 -4.262412627E-01
 -2.076749490E-01 -1.000000000E-03 5.011533201E-02 5.486914047E-03 -4.250312733E-01
 -2.065871757E-01 -1.000000000E-03 5.040581535E-02 5.444880121E-03 -4.241991779E-01
 -2.044328825E-01 -1.000000000E-03 5.094986571E-02 5.344053942E-03 -4.232186886E-01
 -2.030473976E-01 -1.000000000E-03 5.128724352E-02 5.282444956E-03 -4.216923250E-01
 -2.010702742E-01 -1.000000000E-03 5.175718101E-02 5.306311365E-03 -4.195567971E-01
 -1.991716752E-01 -1.000000000E-03 5.218287696E-02 5.213110975E-03 -4.160303348E-01
 -1.931822748E-01 -1.000000000E-03 5.344420641E-02 5.029505692E-03 -4.084120913E-01
 -1.905696119E-01 -1.000000000E-03 5.395105690E-02 4.972888090E-03 -4.051470284E-01
 -1.888019339E-01 -1.000000000E-03 5.427621521E-02 4.917410001E-03 -4.030624981E-01
 -1.861729641E-01 -1.000000000E-03 5.474710598E-02 4.896596530E-03 -3.991522781E-01
 -1.975436352E-01 -1.000000000E-03 5.254442910E-02 5.165010337E-03 -4.139752238E-01
 -1.950058550E-01 -1.000000000E-03 5.307625595E-02 5.098330340E-03 -4.101098515E-01
 -1.838602733E-01 -1.000000000E-03 5.513664206E-02 4.833048668E-03 -3.960132733E-01
 -1.812048599E-01 -1.000000000E-03 5.557233614E-02 4.805798897E-03 -3.929630555E-01
 -1.782161439E-01 -1.000000000E-03 5.602895006E-02 4.733576713E-03 -3.890274159E-01
 -1.755795601E-01 -1.000000000E-03 5.642047326E-02 4.690043025E-03 -3.847654305E-01
 -1.705957466E-01 -1.000000000E-03 5.710253244E-02 4.620682591E-03 -3.784481461E-01
 -1.729334659E-01 -1.000000000E-03 5.678446612E-02 4.631507844E-03 -3.806137541E-01
 -1.680319689E-01 -1.000000000E-03 5.742659632E-02 4.454831534E-03 -3.736252180E-01
 -1.638158823E-01 -1.000000000E-03 5.793347135E-02 4.424317520E-03 -3.692644786E-01
 -1.665131556E-01 -1.000000000E-03 5.761425372E-02 4.417069588E-03 -3.717863640E-01
 -1.587730615E-01 -1.000000000E-03 5.848778664E-02 4.391831809E-03 -3.627703506E-01
 -1.613156784E-01 -1.000000000E-03 5.821020575E-02 4.382497523E-03 -3.658609892E-01
 -1.564427249E-01 -1.000000000E-03 5.872317566E-02 4.281484098E-03 -3.582837150E-01
 -1.513066631E-01 -1.000000000E-03 5.921403066E-02 4.222825247E-03 -3.536075839E-01
 -1.541019990E-01 -1.000000000E-03 5.895401154E-02 4.236355057E-03 -3.554737666E-01
 -1.479614981E-01 -1.000000000E-03 5.950553408E-02 4.158077897E-03 -3.500046185E-01
 -1.449324722E-01 -1.000000000E-03 5.975507241E-02 4.105745619E-03 -3.456890890E-01
 -1.416596080E-01 -1.000000000E-03 6.000463842E-02 4.055228025E-03 -3.416049256E-01
 -1.386022053E-01 -1.000000000E-03 6.022461589E-02 4.023674310E-03 -3.380488562E-01
 6.846999433E-01 -1.000000000E-03 -5.101957069E-02 2.281976163E-04 3.714106116E-01
 6.875160274E-01 -1.000000000E-03 -5.165171282E-02 2.182118027E-04 3.741757762E-01
 6.821552118E-01 -1.000000000E-03 -5.044893976E-02 2.366297439E-04 3.688758461E-01
 6.788322081E-01 -1.000000000E-03 -4.970614865E-02 2.478472211E-04 3.655654548E-01
 6.761228958E-01 -1.000000000E-03 -4.910120344E-02 2.544293191E-04 3.628907482E-01
 6.719739810E-01 -1.000000000E-03 -4.817855932E-02 2.667561467E-04 3.590809358E-01
 6.687198802E-01 -1.000000000E-03 -4.745566916E-02 2.738677819E-04 3.559799230E-01
 6.635824824E-01 -1.000000000E-03 -4.631988118E-02 2.785133234E-04 3.510813453E-01
 6.602857096E-01 -1.000000000E-03 -4.559199556E-02 2.862825215E-04 3.480527367E-01
 6.542743877E-01 -1.000000000E-03 -4.427122458E-02 2.720525821E-04 3.432068642E-01
 6.514137857E-01 -1.000000000E-03 -4.364426591E-02 2.847801539E-04 3.406988104E-01
 6.447098542E-01 -1.000000000E-03 -4.218495649E-02 3.497626424E-04 3.343646784E-01
 6.390448998E-01 -1.000000000E-03 -4.095350041E-02 3.648765805E-04 3.288770503E-01
 6.289964316E-01 -1.000000000E-03 -3.878897071E-02 4.093749592E-04 3.204673980E-01
 3.611625655E-01 -1.000000000E-03 1.331629746E-02 1.077821388E-03 1.226498784E-01
 3.720189843E-01 -1.000000000E-03 1.142257197E-02 1.046856325E-03 1.310015946E-01
 3.855992567E-01 -1.000000000E-03 9.024702364E-03 1.006796113E-03 1.414219762E-01
 6.189255902E-01 -1.000000000E-03 -3.662657084E-02 4.332361418E-04 3.124644828E-01
 6.062765740E-01 -1.000000000E-03 -3.394461428E-02 4.643442493E-04 3.025784668E-01
 3.973712519E-01 -1.000000000E-03 6.921864522E-03 9.782484734E-04 1.502362641E-01
 4.116451757E-01 -1.000000000E-03 4.341476536E-03 9.435056005E-04 1.608129890E-01
 4.238257795E-01 -1.000000000E-03 2.113741818E-03 9.137445832E-04 1.698515803E-01
 4.385804680E-01 -1.000000000E-03 -6.161725088E-04 8.783135330E-04 1.807504506E-01
 4.516435561E-01 -1.000000000E-03 -3.061608256E-03 8.499940370E-04 1.902134378E-01
 4.671378696E-01 -1.000000000E-03 -5.995129458E-03 8.148705147E-04 2.013194228E-01
 5.947305789E-01 -1.000000000E-03 -3.150971771E-02 4.983737514E-04 2.936115510E-01
 5.791563182E-01 -1.000000000E-03 -2.826948995E-02 5.496049393E-04 2.817923305E-01
 4.807092238E-01 -1.000000000E-03 -8.594752353E-03 7.839054568E-04 2.111272321E-01
 4.969358212E-01 -1.000000000E-03 -1.173918110E-02 7.455294572E-04 2.228412678E-01
 5.119301096E-01 -1.000000000E-03 -1.467834125E-02 7.126722014E-04 2.335818389E-01
 5.294031561E-01 -1.000000000E-03 -1.814640696E-02 6.762226800E-04 2.460440974E-01
 5.636872491E-01 -1.000000000E-03 -2.507889863E-02 5.967768191E-04 2.704344124E-01
 5.463381265E-01 -1.000000000E-03 -2.155049756E-02 6.338357408E-04 2.579393851E-01
 1 2
 2 3
 3 4
 4 5
 5 6
 6 7
 7 8
 8 17
 17 18
 18 19
 19 29
 29 30
 30 31
 31 27
 27 28
 28 26
 26 25
 25 24
 24 23
 23 22
 22 21
 21 20
 20 16
 16 15
 15 12
 12 11
 11 9
 9 10
 10 13
 13 14
 14 32
 36 33
 33 34
 34 35
 35 44
 44 45
 45 46
 46 47
 47 49
 49 50
 50 51
 51 52
 52 53
 53 54
 54 55
 55 56
 56 57
 37 36
 37 38
 38 39
 39 40
 40 41
 41 42
 42 43
 43 48
 86 85
 86 60
 60 61
 61 58
 58 59
 59 62
 62 63
 63 64
 64 65
 65 66
 66 67
 67 68
 68 69
 69 70
 70 71
 71 72
 72 73
 73 74
 74 75
 75 76
 76 77
 77 78
 78 79
 79 80
 80 81
 81 82
 82 83
 83 84
 87 89
 89 90
 90 91
 91 92
 92 93
 93 94
 94 95
 95 96
 96 97
 97 98
 98 99
 99 100
 100 101
 101 102
 102 103
 103 104
 104 105
 105 106
 106 107
 107 108
 108 109
 109 110
 110 111
 111 112
 112 113
 113 114
 114 115
 115 116
 88 87
 120 119
 120 117
 117 118
 118 121
 121 122
 122 123
 123 124
 124 125
 125 126
 126 127
 127 128
 128 129
 129 130
 130 131
 131 132
 132 133
 133 134
 134 135
 135 136
 136 137
 137 138
 138 139
 139 140
 140 141
 141 142
 142 143
 143 144
 144 145
 145 146
 146 147
 147 148
 148 149
 149 150
 150 151
 151 152
 152 153
 153 154
 154 155
 155 156
 156 157
 157 158
 158 159
 159 160
 160 161
 161 162
 162 163
 163 164
 164 165
 165 166
 166 167
 167 168
 168 169
 169 170
 170 171
 171 172
 172 173
 173 174
 174 175
 175 176
 176 177
 177 178
 178 179
 179 180
 184 183
 181 184
 182 181
 185 182
 186 185
 186 187
 187 188
 188 189
 189 190
 190 191
 191 192
 192 193
 193 194
 194 195
 195 196
 196 197
 197 198
 198 199
 199 200
 200 201
 201 202
 202 203
 203 204
 204 205
 205 206
 206 207
 207 208
 208 209
 209 210
 210 211
 211 212
 212 213
 213 214
 214 215
 215 216
 216 217
 217 218
 218 219
 219 220
 221 222
 222 223
 223 224
 224 225
 225 226
 226 227
 227 228
 228 229
 229 230
 230 231
 231 232
 232 233
 233 234
 234 235
 235 236
 236 237
 237 238
 238 239
 239 240
 240 241
 241 242
 242 243
 243 244
 244 245
 245 246
 246 247
 247 248
 248 249
 249 250
 250 251
 251 252
 252 253
 253 254
 254 255
 255 256
 256 257
 257 258
 258 259
 259 260
 260 261
 261 262
 262 263
 263 264
 264 265
 265 266
 266 267
 267 268
 268 269
 269 270
 270 271
 271 272
 272 273
 273 274
 276 275
 276 277
 277 278
 278 279
 279 280
 280 281
 281 282
 282 283
 283 284
 284 285
 285 286
 286 287
 287 288
 288 289
 289 290
 290 291
 291 292
 292 293
 293 294
 294 298
 298 299
 299 300
 300 301
 301 295
 295 296
 296 297
 303 302
 302 304
 304 305
 305 306
 306 307
 307 308
 308 309
 309 310
 310 311
 311 312
 312 313
 313 314
 314 315
 315 316
 316 317
 317 318
 318 319
 319 320
 320 321
 321 322
 322 323
 323 324
 324 325
 325 326
 326 327
 327 328
 328 329
 329 330
 330 331
 331 332
 332 333
 333 334
 334 335
 335 336
 336 341
 341 342
 342 337
 337 338
 338 339
 339 340
 340 343
 343 344
 344 345
 345 346
 346 348
 348 347
 347 349
 349 351
 351 350
 350 353
 353 352
 352 354
 354 356
 356 355
 355 357
 357 358
 358 359
 359 360
 363 361
 361 362
 364 363
 365 364
 366 365
 366 367
 367 368
 368 369
 369 370
 370 371
 371 372
 372 373
 373 374
 374 378
 378 379
 379 386
 386 387
 387 392
 392 393
 393 391
 391 390
 390 389
 389 388
 388 385
 385 384
 384 383
 383 382
 382 381
 381 380
 380 377
 377 376
 376 375
ZONE T="USM3D-ME, HeldenMesh_M, Slice: Y=-0.035"
 STRANDID=0, SOLUTIONTIME=0
 Nodes=302, Elements=289, ZONETYPE=FELineSeg
 DATAPACKING=POINT
 DT=(DOUBLE DOUBLE DOUBLE DOUBLE DOUBLE )
 -2.426502695E-01 -3.500000000E-02 6.094514041E-03 1.262631613E-03 9.115349938E-01
 -2.375829993E-01 -3.500000000E-02 1.271241758E-03 1.807039386E-03 7.953915502E-01
 -2.420193654E-01 -3.500000000E-02 5.423490260E-03 1.365444880E-03 8.957514031E-01
 -2.409825695E-01 -3.500000000E-02 4.345296825E-03 1.517946459E-03 8.697899891E-01
 -2.396927638E-01 -3.500000000E-02 3.121098053E-03 1.649408830E-03 8.409561445E-01
 -2.382363947E-01 -3.500000000E-02 1.838141102E-03 1.762576393E-03 8.094846321E-01
 -2.392910568E-01 -3.500000000E-02 2.747994714E-03 1.684718884E-03 8.322073668E-01
 -2.372869109E-01 -3.500000000E-02 1.030469690E-03 1.820855683E-03 7.899888363E-01
 -2.359201603E-01 -3.500000000E-02 -6.515504869E-05 1.886131047E-03 7.622899558E-01
 -2.346513125E-01 -3.500000000E-02 -1.021501617E-03 1.918563763E-03 7.415847307E-01
 -2.341314218E-01 -3.500000000E-02 -1.412039409E-03 1.921700826E-03 7.341379066E-01
 -2.334419584E-01 -3.500000000E-02 -1.896526211E-03 1.934648875E-03 7.234526077E-01
 -2.318615439E-01 -3.500000000E-02 -3.007067242E-03 1.952970415E-03 6.996528632E-01
 -2.306242785E-01 -3.500000000E-02 -3.816986667E-03 1.999230090E-03 6.828295556E-01
 -2.292679178E-01 -3.500000000E-02 -4.702956577E-03 2.047081311E-03 6.648472217E-01
 -2.271180247E-01 -3.500000000E-02 -6.015138328E-03 2.104538930E-03 6.395601684E-01
 -2.264944687E-01 -3.500000000E-02 -6.396497835E-03 2.123645129E-03 6.334113707E-01
 -2.260863953E-01 -3.500000000E-02 -6.630560761E-03 2.130798109E-03 6.284800685E-01
 -2.231655032E-01 -3.500000000E-02 -8.292156547E-03 2.184055667E-03 6.009060732E-01
 -2.211101975E-01 -3.500000000E-02 -9.385343364E-03 2.214455577E-03 5.832933153E-01
 -2.189665193E-01 -3.500000000E-02 -1.051022895E-02 2.259813053E-03 5.647410040E-01
 -2.151683762E-01 -3.500000000E-02 -1.236551552E-02 2.335490129E-03 5.382663878E-01
 -2.135791434E-01 -3.500000000E-02 -1.313103784E-02 2.365900554E-03 5.272762110E-01
 -2.071464004E-01 -3.500000000E-02 -1.597487839E-02 2.495667482E-03 4.862279610E-01
 1.683803579E-01 -3.500000000E-02 4.292400704E-02 2.515195618E-03 -4.308713875E-02
 1.990482326E-01 -3.500000000E-02 3.881517013E-02 2.374029654E-03 -1.559872727E-02
 1.961417887E-01 -3.500000000E-02 3.921072122E-02 2.386169611E-03 -1.836284604E-02
 1.766131574E-01 -3.500000000E-02 4.185046036E-02 2.473393453E-03 -3.585204912E-02
 2.018554101E-01 -3.500000000E-02 3.841970599E-02 2.362548080E-03 -1.324910141E-02
 -2.426502695E-01 -3.500000000E-02 6.094514041E-03 1.262631613E-03 9.115349938E-01
 -2.442522014E-01 -3.500000000E-02 8.003154900E-03 9.124032106E-04 9.516136494E-01
 -2.071464004E-01 -3.500000000E-02 -1.597487839E-02 2.495667482E-03 4.862279610E-01
 -2.060095977E-01 -3.500000000E-02 -1.647454615E-02 2.520763895E-03 4.795911865E-01
 -2.044065775E-01 -3.500000000E-02 -1.712049729E-02 2.551042382E-03 4.723153109E-01
 -1.487207353E-01 -3.500000000E-02 5.943493166E-02 4.657745242E-03 -3.706199307E-01
 -1.403480681E-01 -3.500000000E-02 6.009862586E-02 4.549269864E-03 -3.569894278E-01
 -2.479196788E-01 -3.500000000E-02 1.429079510E-02 -3.651692079E-04 9.868958872E-01
 -2.490714614E-01 -3.500000000E-02 1.937107598E-02 -2.490679069E-04 7.834593254E-01
 -2.477779229E-01 -3.500000000E-02 1.396573398E-02 -3.076196431E-04 9.897128592E-01
 -2.470123424E-01 -3.500000000E-02 1.227300997E-02 8.923865743E-06 1.001362579E+00
 -2.490652772E-01 -3.500000000E-02 2.147681387E-02 4.370494134E-04 6.273669139E-01
 -2.490653680E-01 -3.500000000E-02 2.158184524E-02 4.709794818E-04 6.196600949E-01
 -2.480793127E-01 -3.500000000E-02 1.477330932E-02 -4.277728032E-04 9.798578653E-01
 -2.485232108E-01 -3.500000000E-02 1.612853240E-02 -5.753442698E-04 9.537516540E-01
 -2.489114981E-01 -3.500000000E-02 1.803041789E-02 -4.942220621E-04 8.509365433E-01
 -2.488321166E-01 -3.500000000E-02 1.749849243E-02 -5.582879150E-04 8.778737598E-01
 -2.443030921E-01 -3.500000000E-02 8.065482915E-03 9.006669835E-04 9.528703224E-01
 -2.462398628E-01 -3.500000000E-02 1.091569321E-02 2.951146377E-04 9.927792757E-01
 -2.444320159E-01 -3.500000000E-02 8.248879283E-03 8.616961159E-04 9.557511714E-01
 -2.458084224E-01 -3.500000000E-02 1.018771326E-02 4.504788927E-04 9.868554153E-01
 -2.442522014E-01 -3.500000000E-02 8.003154900E-03 9.124032106E-04 9.516136494E-01
 -1.480100485E-01 -3.500000000E-02 -3.497622385E-02 2.938290465E-03 3.164541874E-01
 -2.044065775E-01 -3.500000000E-02 -1.712049729E-02 2.551042382E-03 4.723153109E-01
 -1.974210863E-01 -3.500000000E-02 -1.989208029E-02 2.674053735E-03 4.421649157E-01
 -1.923668319E-01 -3.500000000E-02 -2.174369928E-02 2.724663784E-03 4.238307477E-01
 -1.769693247E-01 -3.500000000E-02 -2.690300938E-02 2.853818852E-03 3.753177279E-01
 -1.880601519E-01 -3.500000000E-02 -2.326980857E-02 2.768849185E-03 4.087279378E-01
 -1.796151924E-01 -3.500000000E-02 -2.606108069E-02 2.837592156E-03 3.829922591E-01
 -1.627893813E-01 -3.500000000E-02 -3.107965026E-02 2.925330868E-03 3.414228712E-01
 -1.627439532E-01 -3.500000000E-02 -3.109310161E-02 2.925562082E-03 3.413117038E-01
 -1.627377017E-01 -3.500000000E-02 -3.109485975E-02 2.925605755E-03 3.412933088E-01
 -1.627190787E-01 -3.500000000E-02 -3.109971589E-02 2.925631287E-03 3.412683067E-01
 -1.401450942E-01 -3.500000000E-02 -3.687914226E-02 2.963727878E-03 3.035558415E-01
 -9.019581334E-02 -3.500000000E-02 -4.711502925E-02 2.910115423E-03 2.504560411E-01
 -1.108167209E-01 -3.500000000E-02 -4.325962017E-02 2.947289429E-03 2.676157217E-01
 -3.578483021E-02 -3.500000000E-02 -5.543939397E-02 2.852021646E-03 2.146764537E-01
 -6.140682330E-02 -3.500000000E-02 -5.181810327E-02 2.892779717E-03 2.284113309E-01
 -5.540225098E-04 -3.500000000E-02 -5.969409649E-02 2.786664643E-03 2.019679667E-01
 -8.213722535E-03 -3.500000000E-02 -5.883509962E-02 2.802901672E-03 2.058480774E-01
 -2.739452177E-02 -3.500000000E-02 -5.650989343E-02 2.829860453E-03 2.109552681E-01
 -1.564158075E-02 -3.500000000E-02 -5.795701671E-02 2.812106519E-03 2.079953491E-01
 -2.121476111E-02 -3.500000000E-02 -5.729426052E-02 2.816035682E-03 2.070488411E-01
 -1.155125836E-01 -3.500000000E-02 -4.229291224E-02 2.947206545E-03 2.708725988E-01
 -1.244679606E-01 -3.500000000E-02 -4.043698054E-02 2.944572413E-03 2.781564537E-01
 3.468334278E-03 -3.500000000E-02 -6.013333629E-02 2.781015997E-03 2.007673335E-01
 1.281363329E-02 -3.500000000E-02 -6.111842545E-02 2.758421131E-03 1.978208491E-01
 1.995364938E-02 -3.500000000E-02 -6.183649491E-02 2.749872228E-03 1.958958704E-01
 3.108866322E-02 -3.500000000E-02 -6.291267850E-02 2.742445507E-03 1.925855130E-01
 -1.343320225E-01 -3.500000000E-02 -3.824242854E-02 2.966205645E-03 2.945178178E-01
 -4.411968267E-02 -3.500000000E-02 -5.429918123E-02 2.865673129E-03 2.189431855E-01
 -5.203363684E-02 -3.500000000E-02 -5.318769838E-02 2.878505770E-03 2.232305823E-01
 -4.868883785E-02 -3.500000000E-02 -5.367616901E-02 2.874600891E-03 2.206525304E-01
 3.984066678E-02 -3.500000000E-02 -6.371064293E-02 2.733793968E-03 1.909133506E-01
 4.887644946E-02 -3.500000000E-02 -6.450343779E-02 2.722282460E-03 1.903260030E-01
 -9.711201270E-02 -3.500000000E-02 -4.586352913E-02 2.937452295E-03 2.585753116E-01
 -1.065355530E-01 -3.500000000E-02 -4.408505779E-02 2.949242315E-03 2.654035859E-01
 -7.255748641E-02 -3.500000000E-02 -5.007284603E-02 2.904217379E-03 2.368373761E-01
 -7.731998887E-02 -3.500000000E-02 -4.929279312E-02 2.908879315E-03 2.407400199E-01
 -7.481020738E-02 -3.500000000E-02 -4.971978796E-02 2.907262622E-03 2.377855702E-01
 6.053455941E-02 -3.500000000E-02 -6.546648703E-02 2.701336339E-03 1.874965475E-01
 6.786311113E-02 -3.500000000E-02 -6.604314091E-02 2.689402350E-03 1.853684979E-01
 -2.490653680E-01 -3.500000000E-02 2.158184524E-02 4.709794818E-04 6.196600949E-01
 -2.465371772E-01 -3.500000000E-02 2.913806116E-02 4.319269097E-03 -1.048673622E-01
 -2.466299776E-01 -3.500000000E-02 2.896941010E-02 4.243093674E-03 -8.949095848E-02
 -2.474646644E-01 -3.500000000E-02 2.744832390E-02 3.543249682E-03 5.005916432E-02
 -2.487626267E-01 -3.500000000E-02 2.369058610E-02 1.478461790E-03 4.243550362E-01
 -2.388822729E-01 -3.500000000E-02 3.699635896E-02 6.127693449E-03 -5.378754709E-01
 -2.387756624E-01 -3.500000000E-02 3.707179989E-02 6.119346717E-03 -5.385476289E-01
 -2.376358480E-01 -3.500000000E-02 3.787023703E-02 6.008693016E-03 -5.236938547E-01
 -2.438121109E-01 -3.500000000E-02 3.268747466E-02 5.292633870E-03 -3.540738075E-01
 -2.463886230E-01 -3.500000000E-02 2.935234456E-02 4.389267354E-03 -1.213826453E-01
 -2.443402631E-01 -3.500000000E-02 3.206704063E-02 5.153434551E-03 -3.152887241E-01
 -2.453052879E-01 -3.500000000E-02 3.092328295E-02 4.909346007E-03 -2.424648657E-01
 -2.490540581E-01 -3.500000000E-02 2.166187680E-02 5.087315935E-04 6.122616543E-01
 -2.482454448E-01 -3.500000000E-02 2.553437740E-02 2.502364055E-03 2.397216761E-01
 -2.481724371E-01 -3.500000000E-02 2.574632169E-02 2.618704289E-03 2.186048627E-01
 -2.482139245E-01 -3.500000000E-02 2.564677778E-02 2.564652807E-03 2.284764590E-01
 -2.344127012E-01 -3.500000000E-02 3.987903494E-02 5.995802330E-03 -5.447209909E-01
 -2.402557674E-01 -3.500000000E-02 3.594760605E-02 6.078342569E-03 -4.806511104E-01
 -2.403806438E-01 -3.500000000E-02 3.585234767E-02 6.073119008E-03 -4.752921513E-01
 -2.403898358E-01 -3.500000000E-02 3.584475433E-02 6.071746141E-03 -4.750832698E-01
 -2.432471535E-01 -3.500000000E-02 3.324571103E-02 5.438375133E-03 -3.784927507E-01
 -2.420792844E-01 -3.500000000E-02 3.440061548E-02 5.685626913E-03 -4.306948329E-01
 -2.366032146E-01 -3.500000000E-02 3.854098568E-02 5.970385462E-03 -5.321031637E-01
 -2.360765390E-01 -3.500000000E-02 3.888171225E-02 5.983974567E-03 -5.365442136E-01
 -2.351372362E-01 -3.500000000E-02 3.944415704E-02 5.979457344E-03 -5.413052097E-01
 -2.339698603E-01 -3.500000000E-02 4.012592926E-02 6.001692192E-03 -5.460833471E-01
 -2.326109598E-01 -3.500000000E-02 4.088014673E-02 5.990308161E-03 -5.496885338E-01
 -2.306796771E-01 -3.500000000E-02 4.186809414E-02 5.953571201E-03 -5.544635153E-01
 -2.303202333E-01 -3.500000000E-02 4.205192695E-02 5.957074706E-03 -5.548119078E-01
 -2.300167786E-01 -3.500000000E-02 4.219616993E-02 5.974654841E-03 -5.522178929E-01
 -2.278042800E-01 -3.500000000E-02 4.322707484E-02 6.001185696E-03 -5.475125120E-01
 -2.271309209E-01 -3.500000000E-02 4.352577624E-02 6.013361786E-03 -5.517960138E-01
 -2.250045387E-01 -3.500000000E-02 4.442562009E-02 6.032829013E-03 -5.464502285E-01
 -2.228819085E-01 -3.500000000E-02 4.526123907E-02 5.994327664E-03 -5.405986721E-01
 -2.244659400E-01 -3.500000000E-02 4.464761766E-02 6.028583110E-03 -5.456747256E-01
 -2.217327329E-01 -3.500000000E-02 4.570868092E-02 5.994596929E-03 -5.372401773E-01
 -2.212327770E-01 -3.500000000E-02 4.588995085E-02 5.998373688E-03 -5.335658675E-01
 -2.185349199E-01 -3.500000000E-02 4.684882315E-02 5.949190428E-03 -5.214244069E-01
 -2.169152827E-01 -3.500000000E-02 4.738852249E-02 5.887527319E-03 -5.205935026E-01
 -2.142289502E-01 -3.500000000E-02 4.824257558E-02 5.844933618E-03 -5.122879813E-01
 -2.117446441E-01 -3.500000000E-02 4.898481980E-02 5.776633291E-03 -5.061180595E-01
 -2.092141430E-01 -3.500000000E-02 4.970065764E-02 5.745981045E-03 -5.002186815E-01
 -2.059184408E-01 -3.500000000E-02 5.057207158E-02 5.691615206E-03 -4.904052408E-01
 -2.038818209E-01 -3.500000000E-02 5.108487273E-02 5.670455410E-03 -4.860989389E-01
 -1.986919750E-01 -3.500000000E-02 5.229062296E-02 5.552589387E-03 -4.674654827E-01
 -1.966615538E-01 -3.500000000E-02 5.271440845E-02 5.504411331E-03 -4.614172443E-01
 -1.981526758E-01 -3.500000000E-02 5.241261449E-02 5.533887466E-03 -4.648828059E-01
 -1.911999756E-01 -3.500000000E-02 5.382941390E-02 5.380501832E-03 -4.487877466E-01
 6.908508262E-01 -3.500000000E-02 -6.830218225E-02 1.313307769E-03 3.648425370E-01
 6.903249549E-01 -3.500000000E-02 -6.832678306E-02 1.315958463E-03 3.643353076E-01
 7.091486843E-01 -3.500000000E-02 -6.740799055E-02 1.207055136E-03 3.831335793E-01
 6.184115049E-01 -3.500000000E-02 -7.131212384E-02 1.613031934E-03 3.146411062E-01
 6.602237774E-01 -3.500000000E-02 -6.967375657E-02 1.452048671E-03 3.410339620E-01
 6.569214180E-01 -3.500000000E-02 -6.981385676E-02 1.466251717E-03 3.385406359E-01
 6.451307006E-01 -3.500000000E-02 -7.026803635E-02 1.510746202E-03 3.315513472E-01
 6.079087459E-01 -3.500000000E-02 -7.167484628E-02 1.645520252E-03 3.087013889E-01
 5.722662190E-01 -3.500000000E-02 -7.281643619E-02 1.757499668E-03 2.901605640E-01
 6.786311113E-02 -3.500000000E-02 -6.604314091E-02 2.689402350E-03 1.853684979E-01
 8.146971756E-02 -3.500000000E-02 -6.705694237E-02 2.657862857E-03 1.845767857E-01
 8.832235787E-02 -3.500000000E-02 -6.753397132E-02 2.647683474E-03 1.841493171E-01
 9.974905808E-02 -3.500000000E-02 -6.830526705E-02 2.629061327E-03 1.822939794E-01
 1.123827072E-01 -3.500000000E-02 -6.908416684E-02 2.609355291E-03 1.824361827E-01
 1.167629468E-01 -3.500000000E-02 -6.935458169E-02 2.604434216E-03 1.826453000E-01
 1.207854978E-01 -3.500000000E-02 -6.958173524E-02 2.599341911E-03 1.826953101E-01
 1.367889486E-01 -3.500000000E-02 -7.046158279E-02 2.586507533E-03 1.829354229E-01
 1.519634540E-01 -3.500000000E-02 -7.121245120E-02 2.565609985E-03 1.831333523E-01
 1.589870652E-01 -3.500000000E-02 -7.154115322E-02 2.557882897E-03 1.834090753E-01
 2.345023222E-01 -3.500000000E-02 -7.420266802E-02 2.434324261E-03 1.898952099E-01
 2.390261469E-01 -3.500000000E-02 -7.431229834E-02 2.428032333E-03 1.905472734E-01
 2.616437680E-01 -3.500000000E-02 -7.482026724E-02 2.393795404E-03 1.939794091E-01
 1.785373234E-01 -3.500000000E-02 -7.237523271E-02 2.521744876E-03 1.839747653E-01
 1.840583547E-01 -3.500000000E-02 -7.258213966E-02 2.512084648E-03 1.843565813E-01
 2.002044229E-01 -3.500000000E-02 -7.317648521E-02 2.489404058E-03 1.864477904E-01
 2.731415948E-01 -3.500000000E-02 -7.503092523E-02 2.373287965E-03 1.960107504E-01
 2.891826997E-01 -3.500000000E-02 -7.528997551E-02 2.339174480E-03 1.990117953E-01
 2.273579835E-01 -3.500000000E-02 -7.400046158E-02 2.443007072E-03 1.886455757E-01
 2.127211417E-01 -3.500000000E-02 -7.358356157E-02 2.465964448E-03 1.864833225E-01
 3.037077684E-01 -3.500000000E-02 -7.547547429E-02 2.311063163E-03 2.018651217E-01
 3.167374960E-01 -3.500000000E-02 -7.561200293E-02 2.287249879E-03 2.048475936E-01
 3.669763472E-01 -3.500000000E-02 -7.584787979E-02 2.198335999E-03 2.170367828E-01
 3.802497758E-01 -3.500000000E-02 -7.584090408E-02 2.172869235E-03 2.203992688E-01
 5.639062467E-01 -3.500000000E-02 -7.305859996E-02 1.777873419E-03 2.864254744E-01
 3.342186414E-01 -3.500000000E-02 -7.574301777E-02 2.259861378E-03 2.085974340E-01
 3.456647213E-01 -3.500000000E-02 -7.580105664E-02 2.241357465E-03 2.113500012E-01
 4.053137584E-01 -3.500000000E-02 -7.575210886E-02 2.121974192E-03 2.278651284E-01
 4.142854119E-01 -3.500000000E-02 -7.569638775E-02 2.102132959E-03 2.306345111E-01
 4.401641519E-01 -3.500000000E-02 -7.547081218E-02 2.046397693E-03 2.383731459E-01
 4.464420167E-01 -3.500000000E-02 -7.539968523E-02 2.033836832E-03 2.403752471E-01
 4.760911372E-01 -3.500000000E-02 -7.499403698E-02 1.982221726E-03 2.510854248E-01
 4.781945101E-01 -3.500000000E-02 -7.496089274E-02 1.978274191E-03 2.518349049E-01
 5.195563524E-01 -3.500000000E-02 -7.417318871E-02 1.882402110E-03 2.676405413E-01
 5.235271363E-01 -3.500000000E-02 -7.407397082E-02 1.873505377E-03 2.693256483E-01
 5.201603393E-01 -3.500000000E-02 -7.415971095E-02 1.881024273E-03 2.678991517E-01
 -1.403480681E-01 -3.500000000E-02 6.009862586E-02 4.549269864E-03 -3.569894278E-01
 -9.064737035E-02 -3.500000000E-02 6.201456031E-02 4.040025181E-03 -2.958241925E-01
 -1.137091591E-01 -3.500000000E-02 6.150606978E-02 4.294705927E-03 -3.293896037E-01
 -7.542660043E-02 -3.500000000E-02 6.205107138E-02 3.900208746E-03 -2.803503842E-01
 -6.404919804E-02 -3.500000000E-02 6.193909802E-02 3.798788700E-03 -2.695239445E-01
 -7.262295074E-02 -3.500000000E-02 6.202600562E-02 3.873023077E-03 -2.770332312E-01
 -5.924270760E-02 -3.500000000E-02 6.185806398E-02 3.763107050E-03 -2.645797487E-01
 -5.237971746E-02 -3.500000000E-02 6.171097276E-02 3.710891590E-03 -2.572724587E-01
 -7.795518064E-02 -3.500000000E-02 6.205573033E-02 3.924174598E-03 -2.825904067E-01
 -8.950746158E-02 -3.500000000E-02 6.202186478E-02 4.030599943E-03 -2.946810328E-01
 -4.715222717E-02 -3.500000000E-02 6.157905727E-02 3.673074773E-03 -2.520937905E-01
 -3.718276187E-02 -3.500000000E-02 6.125395873E-02 3.594468047E-03 -2.419943853E-01
 -9.272865343E-02 -3.500000000E-02 6.197993576E-02 4.056821501E-03 -2.985130189E-01
 -1.100932251E-01 -3.500000000E-02 6.161270675E-02 4.254959362E-03 -3.248802583E-01
 -1.030518504E-01 -3.500000000E-02 6.181409405E-02 4.150384743E-03 -3.119163247E-01
 -3.399764283E-02 -3.500000000E-02 6.114897202E-02 3.571278891E-03 -2.384233539E-01
 -2.120596756E-02 -3.500000000E-02 6.061278598E-02 3.495358666E-03 -2.231851353E-01
 -3.112934055E-02 -3.500000000E-02 6.103612899E-02 3.545280309E-03 -2.357370933E-01
 -1.932655701E-02 -3.500000000E-02 6.052553834E-02 3.482630492E-03 -2.212573894E-01
 -1.135084765E-02 -3.500000000E-02 6.012822198E-02 3.423837790E-03 -2.169517657E-01
 -1.353226398E-01 -3.500000000E-02 6.044266028E-02 4.487276410E-03 -3.550526312E-01
 -8.706736604E-03 -3.500000000E-02 5.998573481E-02 3.405296684E-03 -2.142206772E-01
 -1.488573503E-03 -3.500000000E-02 5.958227426E-02 3.349741255E-03 -2.048489903E-01
 1.109616658E-02 -3.500000000E-02 5.880113538E-02 3.281577129E-03 -1.932225696E-01
 5.484316094E-03 -3.500000000E-02 5.915729875E-02 3.312281515E-03 -1.980095172E-01
 -1.214927134E-01 -3.500000000E-02 6.117823647E-02 4.336408602E-03 -3.339758615E-01
 -1.258972108E-01 -3.500000000E-02 6.097602247E-02 4.363823449E-03 -3.370161971E-01
 -1.245837350E-01 -3.500000000E-02 6.104977845E-02 4.347738387E-03 -3.350338763E-01
 1.960730120E-02 -3.500000000E-02 5.822301315E-02 3.236853684E-03 -1.858024684E-01
 2.418976649E-02 -3.500000000E-02 5.789586360E-02 3.204435738E-03 -1.810726270E-01
 3.338356437E-02 -3.500000000E-02 5.720737710E-02 3.154636552E-03 -1.718375330E-01
 3.762739955E-02 -3.500000000E-02 5.687390552E-02 3.130737515E-03 -1.675512764E-01
 4.707092092E-02 -3.500000000E-02 5.610289916E-02 3.084844057E-03 -1.574800407E-01
 5.176048873E-02 -3.500000000E-02 5.570293680E-02 3.063910593E-03 -1.527678028E-01
 6.679906968E-02 -3.500000000E-02 5.435514976E-02 2.995863445E-03 -1.391496948E-01
 6.160406733E-02 -3.500000000E-02 5.483318121E-02 3.018976914E-03 -1.436569558E-01
 7.708581626E-02 -3.500000000E-02 5.337648665E-02 2.949989200E-03 -1.291192349E-01
 8.296209132E-02 -3.500000000E-02 5.279596447E-02 2.922963093E-03 -1.230364836E-01
 9.476260573E-02 -3.500000000E-02 5.158963923E-02 2.864839897E-03 -1.118411500E-01
 1.033181107E-01 -3.500000000E-02 5.068023143E-02 2.828320621E-03 -1.036486043E-01
 1.170518833E-01 -3.500000000E-02 4.916575912E-02 2.765325962E-03 -9.086124231E-02
 1.245167426E-01 -3.500000000E-02 4.831257126E-02 2.728898750E-03 -8.410111313E-02
 1.374893161E-01 -3.500000000E-02 4.678643994E-02 2.658642444E-03 -7.202755082E-02
 1.456390061E-01 -3.500000000E-02 4.579581587E-02 2.619247292E-03 -6.455462839E-02
 1.569849677E-01 -3.500000000E-02 4.438622941E-02 2.567312907E-03 -5.396021573E-02
 1.683803579E-01 -3.500000000E-02 4.292400704E-02 2.515195618E-03 -4.308713875E-02
 7.449791964E-01 -3.500000000E-02 -6.549018826E-02 1.760629949E-03 4.476220698E-01
 7.453871852E-01 -3.500000000E-02 -6.546695032E-02 1.770761395E-03 4.196820782E-01
 7.471460240E-01 -3.500000000E-02 -6.536680706E-02 1.873583785E-03 3.105992443E-01
 7.451789145E-01 -3.500000000E-02 -6.490331480E-02 1.208616385E-03 4.230848718E-01
 7.446042836E-01 -3.500000000E-02 -6.551138603E-02 1.637560826E-03 4.455759129E-01
 7.421543082E-01 -3.500000000E-02 -6.564972372E-02 8.781186600E-04 4.322618713E-01
 7.371016401E-01 -3.500000000E-02 -6.593146188E-02 8.781886759E-04 4.216060663E-01
 7.370824467E-01 -3.500000000E-02 -6.593253162E-02 8.782347054E-04 4.215669857E-01
 7.370516134E-01 -3.500000000E-02 -6.593421496E-02 8.787660788E-04 4.215156189E-01
 7.307213146E-01 -3.500000000E-02 -6.628051603E-02 9.866331082E-04 4.109541229E-01
 7.257020886E-01 -3.500000000E-02 -6.654917262E-02 1.058492725E-03 4.038319985E-01
 7.194857695E-01 -3.500000000E-02 -6.687754335E-02 1.130474766E-03 3.957697524E-01
 7.104214589E-01 -3.500000000E-02 -6.734354505E-02 1.198350154E-03 3.845964389E-01
 7.091486843E-01 -3.500000000E-02 -6.740799055E-02 1.207055136E-03 3.831335793E-01
 7.449694938E-01 -3.500000000E-02 -6.485396681E-02 1.133523894E-03 4.362844223E-01
 7.448219784E-01 -3.500000000E-02 -6.481926392E-02 1.090333169E-03 4.362395203E-01
 7.420462719E-01 -3.500000000E-02 -6.416667707E-02 4.028335909E-04 4.367956333E-01
 7.402704076E-01 -3.500000000E-02 -6.375016225E-02 3.171236847E-04 4.349387241E-01
 7.367230742E-01 -3.500000000E-02 -6.291955477E-02 2.461682573E-04 4.307792326E-01
 7.354165281E-01 -3.500000000E-02 -6.261417884E-02 2.512717026E-04 4.288679558E-01
 7.266538046E-01 -3.500000000E-02 -6.057529693E-02 3.209267206E-04 4.180048796E-01
 7.260779557E-01 -3.500000000E-02 -6.044163524E-02 3.275810233E-04 4.173096747E-01
 -1.501866254E-01 -3.500000000E-02 5.931543045E-02 4.675432196E-03 -3.731034594E-01
 -1.911999756E-01 -3.500000000E-02 5.382941390E-02 5.380501832E-03 -4.487877466E-01
 -1.891169181E-01 -3.500000000E-02 5.421302455E-02 5.337790178E-03 -4.444466580E-01
 -1.830359189E-01 -3.500000000E-02 5.527289101E-02 5.230959263E-03 -4.321490121E-01
 -1.792238892E-01 -3.500000000E-02 5.587107700E-02 5.152147827E-03 -4.242762631E-01
 -1.737767278E-01 -3.500000000E-02 5.666721585E-02 5.042094405E-03 -4.135016352E-01
 -1.514996743E-01 -3.500000000E-02 5.918978294E-02 4.695306251E-03 -3.753983900E-01
 -1.594837656E-01 -3.500000000E-02 5.841101031E-02 4.821636425E-03 -3.886552937E-01
 -1.487207353E-01 -3.500000000E-02 5.943493166E-02 4.657745242E-03 -3.706199307E-01
 -1.687837854E-01 -3.500000000E-02 5.732834114E-02 4.966678470E-03 -4.054003772E-01
 -1.639082181E-01 -3.500000000E-02 5.791357055E-02 4.897582423E-03 -3.963821374E-01
 6.995324106E-01 -3.500000000E-02 -5.435579630E-02 5.351263000E-04 3.867812977E-01
 7.260779557E-01 -3.500000000E-02 -6.044163524E-02 3.275810233E-04 4.173096747E-01
 7.250963651E-01 -3.500000000E-02 -6.021525399E-02 3.345261535E-04 4.161096924E-01
 7.154911258E-01 -3.500000000E-02 -5.799863023E-02 4.245629027E-04 4.042901772E-01
 7.022985460E-01 -3.500000000E-02 -5.498761155E-02 5.125119157E-04 3.897444180E-01
 6.977134508E-01 -3.500000000E-02 -5.394384348E-02 5.459007086E-04 3.846511603E-01
 6.860116470E-01 -3.500000000E-02 -5.132414262E-02 6.047684480E-04 3.730618568E-01
 6.697753543E-01 -3.500000000E-02 -4.768468179E-02 6.942224903E-04 3.564590784E-01
 6.662241491E-01 -3.500000000E-02 -4.689963754E-02 7.113089794E-04 3.531188301E-01
 6.311622521E-01 -3.500000000E-02 -3.925128754E-02 8.637162593E-04 3.209164889E-01
 2.686358312E-01 -3.500000000E-02 2.856738165E-02 2.090595691E-03 4.545049051E-02
 2.915013192E-01 -3.500000000E-02 2.495460549E-02 1.998259473E-03 6.502240502E-02
 2.680936639E-01 -3.500000000E-02 2.865209647E-02 2.092862039E-03 4.497485334E-02
 2.992659055E-01 -3.500000000E-02 2.370311097E-02 1.970270715E-03 7.116441842E-02
 3.167935959E-01 -3.500000000E-02 2.083377195E-02 1.910020096E-03 8.460528686E-02
 2.218945534E-01 -3.500000000E-02 3.558064169E-02 2.284366678E-03 4.688289366E-03
 2.313925334E-01 -3.500000000E-02 3.419060642E-02 2.243763552E-03 1.350960982E-02
 2.018554101E-01 -3.500000000E-02 3.841970599E-02 2.362548080E-03 -1.324910141E-02
 2.451450323E-01 -3.500000000E-02 3.215524509E-02 2.180013318E-03 2.568668561E-02
 2.673250631E-01 -3.500000000E-02 2.876884377E-02 2.096178420E-03 4.434350865E-02
 3.272216272E-01 -3.500000000E-02 1.910190117E-02 1.871818193E-03 9.309649026E-02
 3.466835547E-01 -3.500000000E-02 1.580163605E-02 1.799691141E-03 1.087417003E-01
 3.551696564E-01 -3.500000000E-02 1.435565980E-02 1.769027241E-03 1.152112638E-01
 3.646922589E-01 -3.500000000E-02 1.269652688E-02 1.733798399E-03 1.224881858E-01
 3.830596547E-01 -3.500000000E-02 9.474968330E-03 1.667705980E-03 1.368862648E-01
 3.976174166E-01 -3.500000000E-02 6.877462934E-03 1.619258237E-03 1.481842857E-01
 4.110010650E-01 -3.500000000E-02 4.457673538E-03 1.578474919E-03 1.575335801E-01
 4.253648858E-01 -3.500000000E-02 1.830834738E-03 1.532841818E-03 1.685452033E-01
 4.386170494E-01 -3.500000000E-02 -6.284519340E-04 1.489894762E-03 1.787729975E-01
 4.560317407E-01 -3.500000000E-02 -3.884559204E-03 1.436316355E-03 1.907288086E-01
 6.289696775E-01 -3.500000000E-02 -3.877769692E-02 8.735303018E-04 3.189217439E-01
 6.239950785E-01 -3.500000000E-02 -3.772359101E-02 8.925740369E-04 3.152065069E-01
 4.781210198E-01 -3.500000000E-02 -8.105851007E-03 1.373895020E-03 2.062507669E-01
 4.911304565E-01 -3.500000000E-02 -1.061137436E-02 1.336972056E-03 2.158797476E-01
 5.214487806E-01 -3.500000000E-02 -1.656308291E-02 1.250403346E-03 2.386572369E-01
 5.342007662E-01 -3.500000000E-02 -1.911344242E-02 1.209679450E-03 2.478666303E-01
 5.963713574E-01 -3.500000000E-02 -3.185559277E-02 9.976395683E-04 2.937017135E-01
 5.619485863E-01 -3.500000000E-02 -2.472576401E-02 1.117896007E-03 2.680230428E-01
 5.795162555E-01 -3.500000000E-02 -2.835335225E-02 1.058247124E-03 2.810015662E-01
 3 1
 5 4
 4 3
 2 6
 6 7
 7 5
 8 2
 9 8
 10 9
 11 10
 13 12
 12 11
 13 14
 14 15
 15 16
 16 17
 17 18
 18 19
 19 20
 20 21
 21 22
 22 23
 23 24
 27 26
 26 29
 25 28
 28 27
 30 31
 33 32
 34 33
 36 35
 39 37
 37 43
 43 44
 44 46
 46 45
 45 38
 38 41
 41 42
 40 39
 48 40
 47 49
 49 50
 50 48
 51 47
 54 53
 57 55
 55 54
 56 58
 58 57
 56 59
 59 60
 60 61
 61 62
 62 52
 52 63
 63 79
 79 74
 74 73
 73 65
 65 86
 86 85
 85 64
 64 88
 88 89
 89 87
 87 67
 67 81
 81 82
 82 80
 80 66
 66 70
 70 72
 72 71
 71 69
 69 68
 68 75
 75 76
 76 77
 77 78
 78 83
 83 84
 84 90
 90 91
 94 93
 93 101
 101 103
 103 102
 102 100
 100 112
 112 113
 113 111
 111 110
 110 109
 109 97
 97 98
 98 99
 99 114
 114 115
 115 116
 116 108
 108 117
 117 118
 118 119
 119 120
 120 121
 121 122
 122 123
 123 124
 124 126
 126 125
 125 127
 127 128
 128 129
 129 130
 130 131
 131 132
 132 133
 133 134
 134 135
 135 136
 136 138
 138 137
 137 139
 92 104
 104 96
 96 105
 105 107
 107 106
 106 95
 95 94
 140 142
 140 141
 141 144
 144 145
 145 146
 146 143
 143 147
 147 148
 148 173
 173 183
 183 184
 184 182
 182 181
 181 180
 180 179
 179 178
 178 177
 177 176
 176 172
 172 171
 171 175
 175 174
 174 170
 170 169
 169 166
 166 165
 165 161
 161 160
 160 159
 159 167
 167 168
 168 164
 164 163
 163 162
 162 158
 158 157
 157 156
 156 155
 155 154
 154 153
 153 152
 152 151
 151 150
 150 149
 189 191
 191 192
 192 195
 195 196
 196 200
 200 202
 202 201
 201 203
 203 204
 204 206
 206 207
 207 209
 209 208
 208 213
 213 214
 214 215
 215 216
 216 217
 217 218
 218 220
 220 219
 219 221
 221 222
 222 223
 223 224
 224 225
 225 226
 226 227
 227 228
 228 229
 229 230
 188 190
 190 189
 210 187
 187 198
 198 199
 199 197
 197 186
 186 194
 194 193
 193 188
 205 185
 212 210
 211 212
 205 211
 233 232
 232 231
 231 235
 235 236
 236 237
 237 238
 238 239
 239 240
 240 241
 241 242
 242 243
 243 244
 234 233
 245 234
 245 246
 246 247
 247 248
 248 249
 249 250
 250 251
 251 252
 254 255
 255 256
 256 257
 257 258
 258 262
 262 263
 263 260
 260 259
 259 253
 253 261
 265 266
 266 267
 267 268
 268 264
 264 269
 269 270
 270 271
 271 272
 272 273
 273 294
 294 295
 295 300
 300 302
 302 301
 301 299
 299 298
 298 297
 297 296
 296 293
 293 292
 292 291
 291 290
 290 289
 289 288
 288 287
 287 286
 286 285
 285 284
 284 278
 278 277
 277 275
 275 274
 274 276
 276 283
 283 282
 282 280
 280 279
 279 281
ZONE T="USM3D-ME, HeldenMesh_M, Slice: Y=-0.73"
 STRANDID=0, SOLUTIONTIME=0
 Nodes=352, Elements=336, ZONETYPE=FELineSeg
 DATAPACKING=POINT
 DT=(DOUBLE DOUBLE DOUBLE DOUBLE DOUBLE )
 -8.341949650E-03 -7.300000000E-01 5.996796122E-02 3.009533929E-03 -2.365280308E-02
 -4.250935234E-04 -7.300000000E-01 5.951100512E-02 2.971440650E-03 -2.181587771E-02
 -1.423169657E-02 -7.300000000E-01 6.027266304E-02 3.032241013E-03 -2.709256625E-02
 -1.959657253E-02 -7.300000000E-01 6.053711616E-02 3.054921442E-03 -3.183431534E-02
 1.862025616E-02 -7.300000000E-01 5.828774884E-02 2.890413774E-03 -1.144622198E-02
 9.275467243E-03 -7.300000000E-01 5.891634186E-02 2.926416558E-03 -1.693082451E-02
 3.730632916E-02 -7.300000000E-01 5.688350063E-02 2.818293034E-03 -1.939488046E-03
 2.661102258E-02 -7.300000000E-01 5.772031256E-02 2.860972646E-03 -7.520274496E-03
 8.435704340E-02 -7.300000000E-01 5.265729695E-02 2.669254338E-03 2.239042186E-02
 6.795710905E-02 -7.300000000E-01 5.424820622E-02 2.716501152E-03 1.294856555E-02
 8.716536542E-02 -7.300000000E-01 5.237604957E-02 2.661170971E-03 2.389918020E-02
 4.336070003E-03 -7.300000000E-01 5.923336565E-02 2.949940581E-03 -1.938656016E-02
 4.346515761E-02 -7.300000000E-01 5.640276753E-02 2.801564192E-03 1.491566958E-03
 6.629469072E-02 -7.300000000E-01 5.440501316E-02 2.723249614E-03 1.230898252E-02
 6.457258795E-02 -7.300000000E-01 5.455838586E-02 2.728754940E-03 1.131391304E-02
 4.853243870E-02 -7.300000000E-01 5.597983169E-02 2.780996741E-03 3.338291052E-03
 1.292164172E-01 -7.300000000E-01 4.777030463E-02 2.559068526E-03 4.534975917E-02
 1.282183743E-01 -7.300000000E-01 4.788642257E-02 2.562063981E-03 4.487256564E-02
 1.064757611E-01 -7.300000000E-01 5.034307890E-02 2.607208498E-03 3.251500933E-02
 1.065931729E-01 -7.300000000E-01 5.033074786E-02 2.606855165E-03 3.256757523E-02
 1.066108792E-01 -7.300000000E-01 5.032878456E-02 2.606816666E-03 3.257757203E-02
 1.070392919E-01 -7.300000000E-01 5.028031714E-02 2.605974183E-03 3.282185169E-02
 1.350684782E-01 -7.300000000E-01 4.706278572E-02 2.540738725E-03 4.777394776E-02
 2.340261863E-01 -7.300000000E-01 3.381117055E-02 2.215911727E-03 9.366107117E-02
 2.493189316E-01 -7.300000000E-01 3.152454410E-02 2.164577350E-03 1.000517533E-01
 2.547164621E-01 -7.300000000E-01 3.070680780E-02 2.150527291E-03 1.025498601E-01
 1.948832374E-01 -7.300000000E-01 3.938925941E-02 2.337780220E-03 7.645279223E-02
 1.961623613E-01 -7.300000000E-01 3.921185952E-02 2.334831009E-03 7.706328126E-02
 2.152513017E-01 -7.300000000E-01 3.653605173E-02 2.273002307E-03 8.597064218E-02
 2.192385646E-01 -7.300000000E-01 3.595769418E-02 2.262435144E-03 8.772552602E-02
 2.752296089E-01 -7.300000000E-01 2.753646986E-02 2.090760845E-03 1.108337341E-01
 2.803738339E-01 -7.300000000E-01 2.672398978E-02 2.077230464E-03 1.129170818E-01
 1.501037095E-01 -7.300000000E-01 4.524950044E-02 2.489221310E-03 5.398205218E-02
 1.526805717E-01 -7.300000000E-01 4.492594944E-02 2.482586581E-03 5.529598699E-02
 1.741711200E-01 -7.300000000E-01 4.217371009E-02 2.413458838E-03 6.671917296E-02
 1.748913317E-01 -7.300000000E-01 4.207839455E-02 2.411610256E-03 6.709568570E-02
 4.931736233E-01 -7.300000000E-01 -1.100264715E-02 2.098087232E-03 1.400280260E-01
 4.847262525E-01 -7.300000000E-01 -9.365979772E-03 2.066415592E-03 1.415354820E-01
 4.773295436E-01 -7.300000000E-01 -7.942031212E-03 2.041287994E-03 1.432598797E-01
 4.685259618E-01 -7.300000000E-01 -6.257105318E-03 2.012023228E-03 1.444202018E-01
 4.979115150E-01 -7.300000000E-01 -1.192582058E-02 2.121203619E-03 1.385179553E-01
 5.056637401E-01 -7.300000000E-01 -1.344215446E-02 2.153648250E-03 1.360386031E-01
 4.584328097E-01 -7.300000000E-01 -4.339909179E-03 1.982397474E-03 1.457217194E-01
 4.512166787E-01 -7.300000000E-01 -2.978632521E-03 1.963974855E-03 1.459680648E-01
 5.133935006E-01 -7.300000000E-01 -1.496401414E-02 2.188120291E-03 1.328911667E-01
 5.192080504E-01 -7.300000000E-01 -1.611553489E-02 2.210257224E-03 1.307204231E-01
 5.277644510E-01 -7.300000000E-01 -1.781520063E-02 2.233675596E-03 1.270893054E-01
 5.428765620E-01 -7.300000000E-01 -2.085133535E-02 2.320420928E-03 1.196480701E-01
 5.465474635E-01 -7.300000000E-01 -2.158899537E-02 2.338925585E-03 1.180664261E-01
 5.493702297E-01 -7.300000000E-01 -2.216319990E-02 2.359715444E-03 1.162855517E-01
 4.367026459E-01 -7.300000000E-01 -2.643920929E-04 1.931350199E-03 1.467639792E-01
 4.219568375E-01 -7.300000000E-01 2.451975582E-03 1.909104736E-03 1.459334858E-01
 4.145263150E-01 -7.300000000E-01 3.819350652E-03 1.897230877E-03 1.455361364E-01
 5.663101523E-01 -7.300000000E-01 -2.561686477E-02 2.471330425E-03 1.041080950E-01
 5.698598691E-01 -7.300000000E-01 -2.634694621E-02 2.493376004E-03 1.013497000E-01
 5.875124668E-01 -7.300000000E-01 -3.000207061E-02 2.615346313E-03 8.646479186E-02
 5.875793421E-01 -7.300000000E-01 -3.001600985E-02 2.615791314E-03 8.640397656E-02
 5.877549654E-01 -7.300000000E-01 -3.005287679E-02 2.617261589E-03 8.621138873E-02
 6.038358866E-01 -7.300000000E-01 -3.342565662E-02 2.725481714E-03 7.095603192E-02
 6.195615438E-01 -7.300000000E-01 -3.676508026E-02 2.832456987E-03 5.421027523E-02
 4.123584182E-01 -7.300000000E-01 4.214430195E-03 1.895941035E-03 1.454793144E-01
 3.911758127E-01 -7.300000000E-01 8.032341446E-03 1.896356070E-03 1.430568134E-01
 -2.490414157E-01 -7.300000000E-01 2.186943886E-02 3.593162359E-04 8.350658676E-01
 -2.466151976E-01 -7.300000000E-01 1.153742897E-02 9.812384075E-04 9.061393746E-01
 -2.457745035E-01 -7.300000000E-01 1.013907622E-02 1.287146314E-03 8.670296313E-01
 -2.455013134E-01 -7.300000000E-01 9.725685684E-03 1.370398301E-03 8.547534179E-01
 -2.445786500E-01 -7.300000000E-01 8.430513554E-03 1.614176548E-03 8.150441574E-01
 -2.484476937E-01 -7.300000000E-01 1.587909972E-02 7.830783475E-05 9.795037616E-01
 -2.487720500E-01 -7.300000000E-01 1.718591652E-02 -7.359736288E-05 9.775358033E-01
 -2.482968773E-01 -7.300000000E-01 1.537161822E-02 1.607116816E-04 9.765374933E-01
 -2.477794355E-01 -7.300000000E-01 1.395229075E-02 4.441860492E-04 9.599158517E-01
 -2.489081906E-01 -7.300000000E-01 1.798591921E-02 -1.188949900E-04 9.682687236E-01
 -2.490450402E-01 -7.300000000E-01 1.912584726E-02 -9.853141651E-05 9.429161907E-01
 -2.490524434E-01 -7.300000000E-01 2.162650745E-02 3.051106804E-04 8.433249245E-01
 -2.491010619E-01 -7.300000000E-01 2.013884535E-02 5.543798965E-07 9.011899299E-01
 -2.475789046E-01 -7.300000000E-01 1.347413004E-02 5.472516673E-04 9.511912520E-01
 -2.468771447E-01 -7.300000000E-01 1.202113133E-02 8.739640367E-04 9.187199646E-01
 -2.417589824E-01 -7.300000000E-01 5.137370545E-03 2.051104118E-03 7.138954803E-01
 -2.426363417E-01 -7.300000000E-01 6.085714474E-03 1.947173042E-03 7.430799945E-01
 -2.408629314E-01 -7.300000000E-01 4.234106935E-03 2.130419376E-03 6.872941466E-01
 -2.401228779E-01 -7.300000000E-01 3.516181987E-03 2.187178007E-03 6.665745077E-01
 -2.432490417E-01 -7.300000000E-01 6.780240290E-03 1.863318949E-03 7.639049366E-01
 -2.441914873E-01 -7.300000000E-01 7.929634427E-03 1.696539422E-03 7.993945906E-01
 -2.388722769E-01 -7.300000000E-01 2.380201397E-03 2.257826744E-03 6.345005782E-01
 -2.383139773E-01 -7.300000000E-01 1.890583390E-03 2.284575920E-03 6.211050556E-01
 -2.366245518E-01 -7.300000000E-01 4.931453563E-04 2.347648740E-03 5.867051965E-01
 -2.362912819E-01 -7.300000000E-01 2.266985924E-04 2.359522277E-03 5.799949828E-01
 -2.341721122E-01 -7.300000000E-01 -1.380479387E-03 2.432541205E-03 5.429367002E-01
 -2.339664870E-01 -7.300000000E-01 -1.530682025E-03 2.440325185E-03 5.394034588E-01
 -2.313434683E-01 -7.300000000E-01 -3.351010416E-03 2.494139956E-03 4.997193771E-01
 -2.290238357E-01 -7.300000000E-01 -4.838330787E-03 2.567492624E-03 4.717504689E-01
 -2.308563762E-01 -7.300000000E-01 -3.677781412E-03 2.513886139E-03 4.906067022E-01
 -2.278186374E-01 -7.300000000E-01 -5.601772215E-03 2.608371557E-03 4.571649396E-01
 -2.273270646E-01 -7.300000000E-01 -5.891199618E-03 2.633682040E-03 4.532067111E-01
 -2.248156501E-01 -7.300000000E-01 -7.369592818E-03 2.733199101E-03 4.297834943E-01
 -2.228327625E-01 -7.300000000E-01 -8.462239980E-03 2.777255642E-03 4.121936735E-01
 -2.212621308E-01 -7.300000000E-01 -9.319747407E-03 2.828210301E-03 3.952462786E-01
 -2.180830568E-01 -7.300000000E-01 -1.094310873E-02 2.862366233E-03 3.762841145E-01
 -2.169776277E-01 -7.300000000E-01 -1.150552356E-02 2.867899315E-03 3.712841021E-01
 -2.113623434E-01 -7.300000000E-01 -1.414434214E-02 2.962391283E-03 3.411329076E-01
 -2.111510409E-01 -7.300000000E-01 -1.424275410E-02 2.967016008E-03 3.400241515E-01
 -2.043884874E-01 -7.300000000E-01 -1.714106160E-02 3.094214887E-03 3.135070972E-01
 -2.037264261E-01 -7.300000000E-01 -1.741792770E-02 3.101821310E-03 3.110138344E-01
 -2.482154656E-01 -7.300000000E-01 2.564236497E-02 1.777956482E-03 5.920778689E-01
 -2.489914124E-01 -7.300000000E-01 2.219067338E-02 4.675011239E-04 8.167696623E-01
 -2.483835661E-01 -7.300000000E-01 2.504799236E-02 1.529923857E-03 6.343222864E-01
 -2.487512790E-01 -7.300000000E-01 2.374326069E-02 9.950210017E-04 7.276428087E-01
 -2.490414157E-01 -7.300000000E-01 2.186943886E-02 3.593162359E-04 8.350658676E-01
 -2.479395061E-01 -7.300000000E-01 2.629017079E-02 2.052725400E-03 5.419627049E-01
 -2.470355429E-01 -7.300000000E-01 2.825680036E-02 2.952434605E-03 4.004172979E-01
 -2.473834139E-01 -7.300000000E-01 2.761222446E-02 2.646521298E-03 4.405108524E-01
 -2.433870133E-01 -7.300000000E-01 3.313498020E-02 4.237100685E-03 8.360892681E-02
 -2.463650834E-01 -7.300000000E-01 2.939989486E-02 3.346332708E-03 3.214226257E-01
 -2.459902364E-01 -7.300000000E-01 2.997461927E-02 3.501292993E-03 2.758063576E-01
 -2.433487041E-01 -7.300000000E-01 3.317326624E-02 4.243423834E-03 8.176083035E-02
 -2.419455671E-01 -7.300000000E-01 3.452054458E-02 4.446958244E-03 2.183856228E-02
 -2.415438267E-01 -7.300000000E-01 3.487066010E-02 4.488608465E-03 8.454249982E-03
 -2.404366516E-01 -7.300000000E-01 3.580595326E-02 4.590088855E-03 -2.671448548E-02
 -2.435647240E-01 -7.300000000E-01 3.293592136E-02 4.194514365E-03 9.497789042E-02
 -2.449780653E-01 -7.300000000E-01 3.132995841E-02 3.863494224E-03 1.885134978E-01
 -2.447708911E-01 -7.300000000E-01 3.159294858E-02 3.913704757E-03 1.713162291E-01
 -2.396062027E-01 -7.300000000E-01 3.644804972E-02 4.638619925E-03 -4.844069198E-02
 -2.387750851E-01 -7.300000000E-01 3.707281235E-02 4.673579693E-03 -6.802871367E-02
 -2.037264261E-01 -7.300000000E-01 -1.741792770E-02 3.101821310E-03 3.110138344E-01
 -1.958518613E-01 -7.300000000E-01 -2.046159815E-02 3.137264422E-03 2.850793838E-01
 -1.927814237E-01 -7.300000000E-01 -2.161061877E-02 3.171273281E-03 2.742352274E-01
 -1.858015330E-01 -7.300000000E-01 -2.402489021E-02 3.226986587E-03 2.576339030E-01
 -1.826713266E-01 -7.300000000E-01 -2.508568884E-02 3.248067872E-03 2.476026425E-01
 -1.765707026E-01 -7.300000000E-01 -2.701194128E-02 3.263011250E-03 2.384840816E-01
 -1.733181003E-01 -7.300000000E-01 -2.802811437E-02 3.259159634E-03 2.366452471E-01
 -1.636243690E-01 -7.300000000E-01 -3.081123961E-02 3.249546416E-03 2.219985402E-01
 5.981885927E-01 -7.300000000E-01 -7.201315817E-02 2.299679127E-03 2.060943195E-01
 4.451762261E-01 -7.300000000E-01 -7.541755459E-02 2.453682405E-03 1.693508595E-01
 5.943279659E-01 -7.300000000E-01 -7.213045579E-02 2.304426912E-03 2.053163764E-01
 5.614557507E-01 -7.300000000E-01 -7.313107172E-02 2.349427349E-03 1.963760230E-01
 4.439114680E-01 -7.300000000E-01 -7.543090496E-02 2.454722132E-03 1.691169941E-01
 4.194357554E-01 -7.300000000E-01 -7.566301408E-02 2.485767883E-03 1.637474755E-01
 3.934258929E-01 -7.300000000E-01 -7.580977101E-02 2.523582761E-03 1.590227191E-01
 4.158378246E-01 -7.300000000E-01 -7.568761255E-02 2.489220527E-03 1.630560165E-01
 3.683339632E-01 -7.300000000E-01 -7.585415100E-02 2.555617312E-03 1.537171878E-01
 3.875135038E-01 -7.300000000E-01 -7.582821977E-02 2.529816360E-03 1.579607953E-01
 3.666774158E-01 -7.300000000E-01 -7.585305112E-02 2.557468970E-03 1.534353166E-01
 3.476934060E-01 -7.300000000E-01 -7.581235414E-02 2.580429354E-03 1.505153440E-01
 3.419354153E-01 -7.300000000E-01 -7.578647893E-02 2.587113740E-03 1.494890988E-01
 3.233260148E-01 -7.300000000E-01 -7.567126247E-02 2.608584304E-03 1.462261515E-01
 5.489445915E-01 -7.300000000E-01 -7.345239396E-02 2.356373925E-03 1.937816874E-01
 5.291246494E-01 -7.300000000E-01 -7.395715826E-02 2.378122444E-03 1.881921355E-01
 5.094543181E-01 -7.300000000E-01 -7.437647422E-02 2.391904050E-03 1.837217785E-01
 4.994071597E-01 -7.300000000E-01 -7.458731743E-02 2.404309972E-03 1.811832326E-01
 4.535130503E-01 -7.300000000E-01 -7.530573965E-02 2.444249265E-03 1.711989977E-01
 4.746544196E-01 -7.300000000E-01 -7.501445135E-02 2.424085651E-03 1.758175331E-01
 4.715682060E-01 -7.300000000E-01 -7.506549854E-02 2.427946709E-03 1.750184473E-01
 3.201557860E-01 -7.300000000E-01 -7.564391184E-02 2.611761989E-03 1.458269561E-01
 3.029498774E-01 -7.300000000E-01 -7.547128191E-02 2.639670555E-03 1.422392087E-01
 2.097469849E-01 -7.300000000E-01 -7.348736218E-02 2.789316263E-03 1.311196292E-01
 1.973868665E-01 -7.300000000E-01 -7.306884771E-02 2.809184984E-03 1.302265733E-01
 1.870035256E-01 -7.300000000E-01 -7.270470478E-02 2.830427330E-03 1.283606420E-01
 2.934026229E-01 -7.300000000E-01 -7.534587276E-02 2.652141945E-03 1.409487836E-01
 2.781108911E-01 -7.300000000E-01 -7.512134204E-02 2.681564192E-03 1.394527604E-01
 2.381458649E-01 -7.300000000E-01 -7.428152250E-02 2.745339406E-03 1.337373548E-01
 2.232942861E-01 -7.300000000E-01 -7.389698637E-02 2.776012732E-03 1.314988823E-01
 2.470551098E-01 -7.300000000E-01 -7.450924894E-02 2.734831668E-03 1.352986391E-01
 2.700796621E-01 -7.300000000E-01 -7.497918697E-02 2.692177941E-03 1.383090920E-01
 2.552449836E-01 -7.300000000E-01 -7.468797911E-02 2.716843395E-03 1.359201013E-01
 1.777242855E-01 -7.300000000E-01 -7.233752208E-02 2.840818094E-03 1.286875339E-01
 1.593195648E-01 -7.300000000E-01 -7.154371550E-02 2.867674376E-03 1.277875748E-01
 3.003922778E-01 -7.300000000E-01 2.352267879E-02 2.020322526E-03 1.195028736E-01
 3.104477313E-01 -7.300000000E-01 2.187604682E-02 2.004746664E-03 1.231378418E-01
 2.803738339E-01 -7.300000000E-01 2.672398978E-02 2.077230464E-03 1.129170818E-01
 3.440565182E-01 -7.300000000E-01 1.623759449E-02 1.938762546E-03 1.325152146E-01
 3.236480401E-01 -7.300000000E-01 1.970075529E-02 1.973055629E-03 1.268788233E-01
 3.911758127E-01 -7.300000000E-01 8.032341446E-03 1.896356070E-03 1.430568134E-01
 3.877129203E-01 -7.300000000E-01 8.651988398E-03 1.895740789E-03 1.426954256E-01
 3.759473285E-01 -7.300000000E-01 1.071311656E-02 1.905996404E-03 1.403763106E-01
 3.584647156E-01 -7.300000000E-01 1.378268735E-02 1.909395877E-03 1.365953612E-01
 3.538441226E-01 -7.300000000E-01 1.458257044E-02 1.913185625E-03 1.352040431E-01
 7.448477073E-01 -7.300000000E-01 -6.549765278E-02 3.341323301E-03 2.789648280E-01
 7.471460240E-01 -7.300000000E-01 -6.536680706E-02 4.018091944E-03 -1.232675965E-02
 7.459844833E-01 -7.300000000E-01 -6.543293385E-02 3.670579278E-03 1.343926154E-01
 7.436009407E-01 -7.300000000E-01 -6.556807020E-02 2.671680375E-03 2.743680651E-01
 7.423156347E-01 -7.300000000E-01 -6.564065677E-02 1.986948379E-03 2.700638519E-01
 7.407636543E-01 -7.300000000E-01 -6.572754042E-02 1.955508911E-03 2.727610935E-01
 7.393205497E-01 -7.300000000E-01 -6.580829018E-02 1.924576091E-03 2.754016856E-01
 7.343268948E-01 -7.300000000E-01 -6.608417696E-02 1.920363747E-03 2.795092766E-01
 7.341568578E-01 -7.300000000E-01 -6.609356480E-02 1.920288554E-03 2.796645960E-01
 7.339331940E-01 -7.300000000E-01 -6.610564955E-02 1.920280990E-03 2.796811504E-01
 7.266823458E-01 -7.300000000E-01 -6.649794368E-02 1.902748223E-03 2.812141548E-01
 7.173113509E-01 -7.300000000E-01 -6.699061839E-02 1.904907975E-03 2.761242237E-01
 7.168706622E-01 -7.300000000E-01 -6.701389112E-02 1.904423890E-03 2.758669459E-01
 7.166464690E-01 -7.300000000E-01 -6.702555841E-02 1.905495509E-03 2.756516803E-01
 7.156595555E-01 -7.300000000E-01 -6.707536951E-02 1.910191175E-03 2.748483683E-01
 7.033786875E-01 -7.300000000E-01 -6.769626781E-02 1.972145009E-03 2.640188058E-01
 6.972488738E-01 -7.300000000E-01 -6.799202108E-02 1.997773273E-03 2.588775980E-01
 6.875195799E-01 -7.300000000E-01 -6.845897878E-02 2.042849672E-03 2.498179623E-01
 6.676827960E-01 -7.300000000E-01 -6.935346493E-02 2.112522847E-03 2.374046320E-01
 6.666533561E-01 -7.300000000E-01 -6.940000987E-02 2.116547726E-03 2.366611887E-01
 6.651262613E-01 -7.300000000E-01 -6.946301668E-02 2.121639144E-03 2.358890928E-01
 6.412231385E-01 -7.300000000E-01 -7.045277190E-02 2.198305356E-03 2.223431972E-01
 5.981885927E-01 -7.300000000E-01 -7.201315817E-02 2.299679127E-03 2.060943195E-01
 6.312307848E-01 -7.300000000E-01 -7.083452924E-02 2.220354367E-03 2.200298193E-01
 6.022096114E-01 -7.300000000E-01 -7.187402122E-02 2.289292176E-03 2.079398338E-01
 -1.400432855E-01 -7.300000000E-01 6.012399094E-02 3.803609666E-03 -9.870734732E-02
 -1.634962797E-01 -7.300000000E-01 5.796400891E-02 4.017354785E-03 -1.198702510E-01
 -1.584010795E-01 -7.300000000E-01 5.852474884E-02 3.974398468E-03 -1.147576923E-01
 -1.546406783E-01 -7.300000000E-01 5.890003824E-02 3.961038478E-03 -1.120281656E-01
 -1.513813789E-01 -7.300000000E-01 5.920260671E-02 3.937567381E-03 -1.096681999E-01
 -1.649682533E-01 -7.300000000E-01 5.779973581E-02 4.028171854E-03 -1.213013417E-01
 -1.661542824E-01 -7.300000000E-01 5.765541838E-02 4.046488969E-03 -1.221545213E-01
 -1.472964427E-01 -7.300000000E-01 5.956369019E-02 3.888517987E-03 -1.076104922E-01
 -1.407222149E-01 -7.300000000E-01 6.007115067E-02 3.811325748E-03 -9.962006374E-02
 -1.395024034E-01 -7.300000000E-01 6.016184333E-02 3.801841566E-03 -9.853797497E-02
 -1.306138833E-01 -7.300000000E-01 6.071779607E-02 3.762528857E-03 -9.396418390E-02
 -1.281858522E-01 -7.300000000E-01 6.086403942E-02 3.742165845E-03 -9.058518019E-02
 -1.261812865E-01 -7.300000000E-01 6.096978532E-02 3.722865058E-03 -9.244136181E-02
 -1.228464438E-01 -7.300000000E-01 6.112186615E-02 3.706961244E-03 -8.870622412E-02
 -1.155445014E-01 -7.300000000E-01 6.143304866E-02 3.647029417E-03 -8.587822992E-02
 -1.118356132E-01 -7.300000000E-01 6.157006687E-02 3.609106981E-03 -8.540439170E-02
 -1.081366749E-01 -7.300000000E-01 6.167694824E-02 3.571693531E-03 -8.267828892E-02
 -1.033252005E-01 -7.300000000E-01 6.180593259E-02 3.537323930E-03 -7.693127412E-02
 -9.395723768E-02 -7.300000000E-01 6.197120405E-02 3.474736948E-03 -7.175442733E-02
 -9.894493211E-02 -7.300000000E-01 6.189574589E-02 3.509825299E-03 -7.449021309E-02
 -8.983157082E-02 -7.300000000E-01 6.202230342E-02 3.445702594E-03 -6.871811377E-02
 -7.924498319E-02 -7.300000000E-01 6.205647107E-02 3.390988402E-03 -6.296049128E-02
 -8.537802064E-02 -7.300000000E-01 6.204523635E-02 3.426421502E-03 -6.600548120E-02
 -7.445464719E-02 -7.300000000E-01 6.204625807E-02 3.362724585E-03 -6.090518399E-02
 -6.895341326E-02 -7.300000000E-01 6.199483171E-02 3.326153425E-03 -5.736078690E-02
 -6.417515863E-02 -7.300000000E-01 6.193952291E-02 3.298921102E-03 -5.466839938E-02
 -5.625989282E-02 -7.300000000E-01 6.180151451E-02 3.259101549E-03 -5.128000259E-02
 -5.179686170E-02 -7.300000000E-01 6.169206855E-02 3.232294447E-03 -4.857458205E-02
 -4.558200732E-02 -7.300000000E-01 6.153500671E-02 3.196128184E-03 -4.400113527E-02
 -3.904549247E-02 -7.300000000E-01 6.132549674E-02 3.168777384E-03 -4.151105179E-02
 -3.328164236E-02 -7.300000000E-01 6.111135414E-02 3.140675550E-03 -3.808653154E-02
 -2.630943176E-02 -7.300000000E-01 6.084014853E-02 3.100920045E-03 -3.410141307E-02
 -1.959657253E-02 -7.300000000E-01 6.053711616E-02 3.054921442E-03 -3.183431534E-02
 -2.387750851E-01 -7.300000000E-01 3.707281235E-02 4.673579693E-03 -6.802871367E-02
 -2.376778202E-01 -7.300000000E-01 3.783393181E-02 4.688070567E-03 -8.853894995E-02
 -2.368760918E-01 -7.300000000E-01 3.837103869E-02 4.702392506E-03 -1.012483904E-01
 -2.355148835E-01 -7.300000000E-01 3.922024776E-02 4.716029900E-03 -1.159137060E-01
 -2.345158842E-01 -7.300000000E-01 3.981596655E-02 4.739617606E-03 -1.249886709E-01
 -2.331266763E-01 -7.300000000E-01 4.059285448E-02 4.759446601E-03 -1.346210622E-01
 -2.315969548E-01 -7.300000000E-01 4.140906351E-02 4.809365737E-03 -1.471503062E-01
 -2.301814363E-01 -7.300000000E-01 4.211076976E-02 4.847916664E-03 -1.545563449E-01
 -2.286413584E-01 -7.300000000E-01 4.284714228E-02 4.876483287E-03 -1.600904690E-01
 -2.270732503E-01 -7.300000000E-01 4.354528369E-02 4.898127436E-03 -1.653481999E-01
 -2.256839178E-01 -7.300000000E-01 4.414528976E-02 4.884027033E-03 -1.672657955E-01
 -1.984661360E-01 -7.300000000E-01 5.234366488E-02 4.536287551E-03 -1.504554089E-01
 -2.019145934E-01 -7.300000000E-01 5.155889144E-02 4.594067940E-03 -1.593747102E-01
 -1.983057072E-01 -7.300000000E-01 5.237920298E-02 4.531659758E-03 -1.503997909E-01
 -1.951274607E-01 -7.300000000E-01 5.305360227E-02 4.417805573E-03 -1.572075804E-01
 -2.133723252E-01 -7.300000000E-01 4.850784489E-02 4.752031154E-03 -1.680193143E-01
 -2.069974750E-01 -7.300000000E-01 5.029573891E-02 4.679895335E-03 -1.646903512E-01
 -2.035164422E-01 -7.300000000E-01 5.117175549E-02 4.628042655E-03 -1.610833451E-01
 -1.914146399E-01 -7.300000000E-01 5.378986575E-02 4.350652296E-03 -1.463446207E-01
 -1.948129686E-01 -7.300000000E-01 5.311770713E-02 4.412388787E-03 -1.566784069E-01
 -2.233895571E-01 -7.300000000E-01 4.507082225E-02 4.861714828E-03 -1.688189719E-01
 -2.224933827E-01 -7.300000000E-01 4.541967240E-02 4.844104744E-03 -1.686623038E-01
 -1.895194248E-01 -7.300000000E-01 5.414408643E-02 4.343198250E-03 -1.441169575E-01
 -1.861603951E-01 -7.300000000E-01 5.474631210E-02 4.316935660E-03 -1.411866912E-01
 -2.124872801E-01 -7.300000000E-01 4.876839543E-02 4.741467694E-03 -1.679041554E-01
 -2.086015540E-01 -7.300000000E-01 4.986946342E-02 4.706070382E-03 -1.653944689E-01
 -1.836807577E-01 -7.300000000E-01 5.516969514E-02 4.301217415E-03 -1.397249881E-01
 -1.792612383E-01 -7.300000000E-01 5.586860074E-02 4.214061451E-03 -1.362197737E-01
 -2.187103691E-01 -7.300000000E-01 4.678676930E-02 4.771634509E-03 -1.685170371E-01
 -2.159677698E-01 -7.300000000E-01 4.767503671E-02 4.757939094E-03 -1.686928172E-01
 -2.181684278E-01 -7.300000000E-01 4.697457660E-02 4.769328587E-03 -1.691046419E-01
 -1.720410065E-01 -7.300000000E-01 5.690931264E-02 4.128023466E-03 -1.257395815E-01
 -1.766866476E-01 -7.300000000E-01 5.625713499E-02 4.181309717E-03 -1.337301053E-01
 -1.711061185E-01 -7.300000000E-01 5.703365423E-02 4.118595831E-03 -1.250431286E-01
 -1.661542824E-01 -7.300000000E-01 5.765541838E-02 4.046488969E-03 -1.221545213E-01
 -1.779128520E-01 -7.300000000E-01 5.607948757E-02 4.194853527E-03 -1.343758571E-01
 7.452444443E-01 -7.300000000E-01 -6.491870513E-02 2.232466783E-03 1.877312977E-01
 7.471460240E-01 -7.300000000E-01 -6.536680706E-02 4.018091944E-03 -1.232675965E-02
 7.462588398E-01 -7.300000000E-01 -6.515774443E-02 3.175692637E-03 8.224668824E-02
 7.440695747E-01 -7.300000000E-01 -6.464229150E-02 1.785522522E-03 1.788740411E-01
 7.431975162E-01 -7.300000000E-01 -6.443712157E-02 1.430408711E-03 1.741963481E-01
 7.422886792E-01 -7.300000000E-01 -6.422371983E-02 1.461293663E-03 1.637549789E-01
 7.407831079E-01 -7.300000000E-01 -6.387019805E-02 1.532623229E-03 1.466096455E-01
 7.390075564E-01 -7.300000000E-01 -6.345415124E-02 1.736916770E-03 1.264442219E-01
 7.380650867E-01 -7.300000000E-01 -6.323332546E-02 1.834819482E-03 1.167971796E-01
 7.369087649E-01 -7.300000000E-01 -6.296306511E-02 1.947323811E-03 1.066299147E-01
 7.347295873E-01 -7.300000000E-01 -6.245370586E-02 2.158859577E-03 8.769478815E-02
 7.325047095E-01 -7.300000000E-01 -6.193521905E-02 2.323503357E-03 7.129456889E-02
 7.308209405E-01 -7.300000000E-01 -6.154287903E-02 2.436875284E-03 6.008808527E-02
 7.282392011E-01 -7.300000000E-01 -6.094336157E-02 2.566617245E-03 4.523819425E-02
 7.263370735E-01 -7.300000000E-01 -6.050161593E-02 2.658243294E-03 3.506893901E-02
 7.247598667E-01 -7.300000000E-01 -6.013676329E-02 2.713929532E-03 2.860076636E-02
 7.211343460E-01 -7.300000000E-01 -5.929819496E-02 2.833740758E-03 1.528440476E-02
 7.165467974E-01 -7.300000000E-01 -5.824193878E-02 2.951659277E-03 2.570956405E-03
 7.150522501E-01 -7.300000000E-01 -5.789780123E-02 2.986781140E-03 -8.198566152E-04
 7.131262680E-01 -7.300000000E-01 -5.745672344E-02 3.020749806E-03 -4.359192685E-03
 7.077695004E-01 -7.300000000E-01 -5.622998031E-02 3.099607831E-03 -1.237071666E-02
 7.026622259E-01 -7.300000000E-01 -5.506798742E-02 3.155678526E-03 -1.640922987E-02
 6.988524091E-01 -7.300000000E-01 -5.420106745E-02 3.183039876E-03 -1.771398053E-02
 6.935015443E-01 -7.300000000E-01 -5.299253091E-02 3.197631916E-03 -1.759748026E-02
 6.891622464E-01 -7.300000000E-01 -5.201243309E-02 3.201620322E-03 -1.612430816E-02
 6.859739979E-01 -7.300000000E-01 -5.129844401E-02 3.198779415E-03 -1.580713540E-02
 6.768249117E-01 -7.300000000E-01 -4.924980759E-02 3.157515700E-03 -6.660890266E-03
 6.639345796E-01 -7.300000000E-01 -4.639538600E-02 3.119622249E-03 3.208656511E-03
 6.599975188E-01 -7.300000000E-01 -4.552396786E-02 3.093561220E-03 7.981185866E-03
 6.428939170E-01 -7.300000000E-01 -4.178667780E-02 2.987601296E-03 2.765292637E-02
 6.417766992E-01 -7.300000000E-01 -4.154299509E-02 2.979320120E-03 2.913907347E-02
 6.336191449E-01 -7.300000000E-01 -3.978637700E-02 2.927334254E-03 3.830919840E-02
 -1.587285432E-01 -7.300000000E-01 -3.218980620E-02 3.251974164E-03 2.151669344E-01
 -1.471514244E-01 -7.300000000E-01 -3.517752082E-02 3.280512567E-03 2.015118300E-01
 -1.636243690E-01 -7.300000000E-01 -3.081123961E-02 3.249546416E-03 2.219985402E-01
 -1.437161841E-01 -7.300000000E-01 -3.603635210E-02 3.287206837E-03 1.961641125E-01
 -1.337737730E-01 -7.300000000E-01 -3.837230846E-02 3.268790563E-03 1.893065343E-01
 -1.319074136E-01 -7.300000000E-01 -3.880135918E-02 3.262641092E-03 1.888762658E-01
 -1.072420665E-01 -7.300000000E-01 -4.396080509E-02 3.211478164E-03 1.689840454E-01
 -1.203921061E-01 -7.300000000E-01 -4.129767047E-02 3.219895324E-03 1.806691698E-01
 -1.169822310E-01 -7.300000000E-01 -4.200624940E-02 3.215502876E-03 1.784647124E-01
 -9.626121090E-02 -7.300000000E-01 -4.602141567E-02 3.201129017E-03 1.660178298E-01
 4.336844172E-01 -7.300000000E-01 2.964206766E-04 1.924285108E-03 1.465628748E-01
 4.367026459E-01 -7.300000000E-01 -2.643920929E-04 1.931350199E-03 1.467639792E-01
 4.219568375E-01 -7.300000000E-01 2.451975582E-03 1.909104736E-03 1.459334858E-01
 6.336191449E-01 -7.300000000E-01 -3.978637700E-02 2.927334254E-03 3.830919840E-02
 6.215681244E-01 -7.300000000E-01 -3.719082685E-02 2.844179086E-03 5.237656199E-02
 6.195615438E-01 -7.300000000E-01 -3.676508026E-02 2.832456987E-03 5.421027523E-02
 -5.693231925E-02 -7.300000000E-01 -5.248508988E-02 3.169857482E-03 1.506677219E-01
 -5.639183304E-02 -7.300000000E-01 -5.256544229E-02 3.169767216E-03 1.502731828E-01
 -5.580577119E-02 -7.300000000E-01 -5.264844373E-02 3.167984246E-03 1.502739696E-01
 -3.824557957E-02 -7.300000000E-01 -5.511220128E-02 3.133058109E-03 1.423622856E-01
 -3.808523952E-02 -7.300000000E-01 -5.513379328E-02 3.132799989E-03 1.422744520E-01
 -2.994438930E-03 -7.300000000E-01 -5.942416784E-02 3.057226824E-03 1.353391773E-01
 -1.660699672E-02 -7.300000000E-01 -5.784562724E-02 3.087848712E-03 1.376262648E-01
 -2.023560171E-03 -7.300000000E-01 -5.953466102E-02 3.055732329E-03 1.351075200E-01
 -3.787292076E-02 -7.300000000E-01 -5.516104448E-02 3.132307066E-03 1.422751080E-01
 -2.312002452E-02 -7.300000000E-01 -5.705880982E-02 3.092991143E-03 1.396897682E-01
 -1.078536791E-03 -7.300000000E-01 -5.963656920E-02 3.053724644E-03 1.351107695E-01
 1.223541782E-02 -7.300000000E-01 -6.106024550E-02 3.038721941E-03 1.338191201E-01
 1.774566741E-02 -7.300000000E-01 -6.161840764E-02 3.032490364E-03 1.326435912E-01
 3.096779545E-02 -7.300000000E-01 -6.289547813E-02 3.013142657E-03 1.306691109E-01
 6.080411360E-02 -7.300000000E-01 -6.549327453E-02 2.971506312E-03 1.276277669E-01
 6.519252084E-02 -7.300000000E-01 -6.583551754E-02 2.961017925E-03 1.274746721E-01
 7.915197874E-02 -7.300000000E-01 -6.688975099E-02 2.947788899E-03 1.266801005E-01
 3.534540611E-02 -7.300000000E-01 -6.331068917E-02 3.010927801E-03 1.303868241E-01
 3.982825464E-02 -7.300000000E-01 -6.371001554E-02 3.005275921E-03 1.296316000E-01
 5.648806988E-02 -7.300000000E-01 -6.513324920E-02 2.977622396E-03 1.279346799E-01
 -6.116100010E-02 -7.300000000E-01 -5.182553734E-02 3.174958859E-03 1.521028220E-01
 -7.909356499E-02 -7.300000000E-01 -4.900528247E-02 3.194174802E-03 1.572030734E-01
 -7.659939348E-02 -7.300000000E-01 -4.942776823E-02 3.189259244E-03 1.571057229E-01
 -9.485713527E-02 -7.300000000E-01 -4.628303068E-02 3.201004569E-03 1.646473257E-01
 -9.626121090E-02 -7.300000000E-01 -4.602141567E-02 3.201129017E-03 1.660178298E-01
 8.355289482E-02 -7.300000000E-01 -6.720591959E-02 2.946443865E-03 1.262782402E-01
 9.521396839E-02 -7.300000000E-01 -6.800639229E-02 2.918820036E-03 1.250619701E-01
 1.472884192E-01 -7.300000000E-01 -7.099285288E-02 2.888041611E-03 1.270077219E-01
 1.397636979E-01 -7.300000000E-01 -7.060089821E-02 2.891151410E-03 1.270927060E-01
 1.237452608E-01 -7.300000000E-01 -6.975127307E-02 2.904608907E-03 1.269309708E-01
 1.015403557E-01 -7.300000000E-01 -6.841483140E-02 2.911239108E-03 1.252902097E-01
 1.128993057E-01 -7.300000000E-01 -6.912308900E-02 2.910371306E-03 1.267019638E-01
 1.519289404E-01 -7.300000000E-01 -7.121637675E-02 2.877984389E-03 1.268095492E-01
 1.593195648E-01 -7.300000000E-01 -7.154371550E-02 2.867674376E-03 1.277875748E-01
 9 11
 11 19
 19 20
 20 21
 21 22
 22 18
 18 17
 17 23
 23 33
 33 34
 34 35
 35 36
 36 27
 27 28
 28 29
 29 30
 30 24
 24 25
 25 26
 26 31
 31 32
 6 12
 12 2
 2 1
 1 3
 3 4
 15 14
 14 10
 10 9
 6 5
 5 8
 8 7
 7 13
 13 16
 16 15
 37 41
 41 42
 42 45
 45 46
 46 47
 47 48
 48 49
 49 50
 50 54
 54 55
 55 56
 56 57
 57 58
 58 59
 59 60
 44 43
 43 40
 40 39
 39 38
 38 37
 51 44
 53 52
 61 53
 62 61
 63 74
 74 75
 75 73
 73 72
 72 69
 69 68
 68 70
 70 71
 71 76
 76 77
 77 64
 64 65
 65 66
 66 67
 67 83
 83 82
 82 79
 79 78
 78 80
 80 81
 81 84
 84 85
 85 86
 86 87
 87 88
 88 89
 89 90
 90 92
 92 91
 91 93
 93 94
 94 95
 95 96
 96 97
 97 98
 98 99
 99 100
 100 101
 101 102
 102 103
 105 108
 104 106
 106 107
 107 105
 109 104
 113 110
 110 111
 111 109
 115 112
 112 119
 119 121
 121 120
 120 114
 114 113
 122 118
 118 117
 117 116
 116 115
 123 122
 124 125
 125 126
 126 127
 127 128
 128 129
 129 130
 130 131
 134 132
 136 133
 133 150
 150 152
 152 151
 151 149
 149 148
 148 147
 147 146
 146 135
 135 134
 143 142
 142 140
 140 141
 141 138
 138 139
 139 137
 137 136
 153 145
 145 144
 144 143
 158 154
 154 153
 159 158
 162 164
 164 163
 163 159
 155 161
 161 160
 160 162
 165 157
 157 156
 156 155
 166 165
 167 169
 168 167
 173 172
 173 174
 174 175
 175 176
 176 170
 170 171
 171 168
 178 179
 179 177
 177 180
 180 181
 181 182
 182 183
 183 184
 184 185
 185 186
 186 187
 187 188
 188 189
 189 190
 190 191
 191 192
 192 193
 193 194
 194 195
 195 196
 196 197
 197 198
 198 200
 200 201
 201 199
 208 207
 207 203
 203 204
 204 205
 205 206
 206 209
 209 210
 210 202
 202 211
 211 212
 212 213
 213 214
 214 215
 215 216
 216 217
 217 218
 218 219
 219 221
 221 220
 220 222
 222 224
 224 223
 223 225
 225 226
 226 227
 227 228
 228 229
 229 230
 230 231
 231 232
 232 233
 233 234
 235 236
 236 237
 237 238
 238 239
 239 240
 240 241
 241 242
 242 243
 243 244
 244 245
 245 255
 255 256
 256 263
 263 265
 265 264
 264 250
 250 259
 259 260
 260 251
 251 252
 252 247
 247 246
 246 248
 248 249
 249 254
 254 253
 253 257
 257 258
 258 261
 261 262
 262 270
 270 267
 267 266
 266 268
 268 269
 273 272
 271 273
 271 274
 274 275
 275 276
 276 277
 277 278
 278 279
 279 280
 280 281
 281 282
 282 283
 283 284
 284 285
 285 286
 286 287
 287 288
 288 289
 289 290
 290 291
 291 292
 292 293
 293 294
 294 295
 295 296
 296 297
 297 298
 298 299
 299 300
 300 301
 301 302
 305 303
 303 304
 304 306
 306 307
 307 308
 308 310
 310 311
 311 309
 309 312
 314 313
 313 315
 317 316
 317 318
 319 320
 320 321
 321 322
 322 323
 323 327
 327 328
 328 325
 325 324
 324 326
 326 329
 329 330
 330 331
 331 332
 332 336
 336 337
 337 338
 338 333
 333 334
 334 335
 335 344
 344 345
 345 349
 349 350
 350 348
 348 347
 347 346
 346 351
 351 352
 343 342
 342 340
 340 341
 341 339
 339 319
