TITLE     = "Surface mesh and solution"
VARIABLES = "x"
"y"
"z"
"cfx"
"Cp"
ZONE T="Slice: Y=-0.001"
STRANDID=0, SOLUTIONTIME=0
Nodes=239, Elements=238, ZONETYPE=FELineSeg
DATAPACKING=POINT
DT=(DOUBLE DOUBLE DOUBLE DOUBLE DOUBLE )
0.1067953900	-0.0009999500	0.0503061120	0.0016772832	-0.1047880200
0.1144825400	-0.0009999500	0.0494445340	0.0017017061	-0.0954485090
0.1418796000	-0.0009999500	0.0462542660	0.0020161866	-0.0698573510
0.1785946800	-0.0009999500	0.0415722390	0.0016971583	-0.0362131600
0.1803412600	-0.0009999500	0.0413562210	0.0017041700	-0.0347885710
0.1828147200	-0.0009999500	0.0410174650	0.0016860108	-0.0323772210
0.2538148800	-0.0009999500	0.0308248570	0.0009133206	0.0241748370
0.2600306900	-0.0009999500	0.0298940930	0.0008509897	0.0299459750
0.2683284900	-0.0009999500	0.0285530910	0.0008933205	0.0348603690
0.3130493800	-0.0009999500	0.0213961210	0.0011281509	0.0726280960
0.3396763500	-0.0009999500	0.0169914890	0.0011081153	0.0992002560
0.3616387500	-0.0009999500	0.0131960710	0.0010697816	0.1199419900
0.4024040400	-0.0009999500	0.0059967120	0.0009667532	0.1485869400
0.4287618400	-0.0009999500	0.0011739291	0.0009354692	0.1681622900
0.4560491100	-0.0009999500	-0.0039014556	0.0008901326	0.1885201900
0.4795424600	-0.0009999500	-0.0083899898	0.0009152004	0.2081332200
0.4957442900	-0.0009999500	-0.0115176610	0.0009197377	0.2198247500
0.5207666200	-0.0009999500	-0.0164454260	0.0007988507	0.2375777400
0.5361290000	-0.0009999500	-0.0195039850	0.0006011710	0.2498314400
0.5569816200	-0.0009999500	-0.0237238820	0.0005252499	0.2687415500
0.5687177200	-0.0009999500	-0.0261280980	0.0005010334	0.2775301300
0.5917288100	-0.0009999500	-0.0308949260	0.0005940561	0.2952112900
0.6021394100	-0.0009999500	-0.0331022290	0.0005333948	0.3026041100
0.6343044600	-0.0009999500	-0.0399417130	0.0003868641	0.3219330300
0.6586443200	-0.0009999500	-0.0452553330	0.0004731888	0.3427147600
0.6653186100	-0.0009999500	-0.0467210560	0.0004185773	0.3485847400
0.6872221800	-0.0009999500	-0.0516019990	0.0005007463	0.3704985400
0.6904229500	-0.0009999500	-0.0523243360	0.0004735001	0.3735112800
0.7205143600	-0.0009999500	-0.0591757480	0.0003927428	0.4006558100
0.7219075000	-0.0009999500	-0.0594968870	0.0003547091	0.4025562400
0.7225156400	-0.0009999500	-0.0596374460	0.0003510558	0.4034141900
0.7383090900	-0.0009999500	-0.0632991790	0.0002068427	0.4300469500
0.7386007300	-0.0009999500	-0.0633675980	0.0001963811	0.4305677100
0.7444163000	-0.0009999500	-0.0647267920	0.0000973715	0.4480948400
0.7444462800	-0.0009999500	-0.0647338550	0.0000957325	0.4481903600
0.7465236200	-0.0009999500	-0.0652207730	0.0000351858	0.4564043000
0.7465285100	-0.0009999500	-0.0652219360	0.0000349181	0.4564250700
0.7469840000	-0.0009999500	-0.0653287990	0.0000219016	0.4591645300
0.7469862700	-0.0009999500	-0.0653293280	0.0000221543	0.4591766300
0.7469869900	-0.0009999500	-0.0653294920	0.0000218707	0.4591717700
0.7471185900	-0.0009999500	-0.0653603750	0.0000673804	0.4609560100
0.7471188300	-0.0009999500	-0.0653604270	0.0000679422	0.4609601200
0.7471189500	-0.0009999500	-0.0653604570	0.0000698124	0.4609584800
0.7471460100	-0.0009999500	-0.0653668050	0.0001131524	0.4614779900
0.7471307500	-0.0009999500	-0.0653676690	0.0002278411	0.4616547500
0.7471306300	-0.0009999500	-0.0653676760	0.0002278026	0.4616501600
0.7470639300	-0.0009999500	-0.0653714540	0.0001330271	0.4600080800
0.7470634000	-0.0009999500	-0.0653714840	0.0001325683	0.4600037300
0.7467935700	-0.0009999500	-0.0653867500	0.0001056876	0.4569192200
0.7467898100	-0.0009999500	-0.0653869660	0.0001073177	0.4568873300
0.7460237700	-0.0009999500	-0.0654302610	0.0001100896	0.4525234400
0.7445622100	-0.0009999500	-0.0655125900	0.0001812215	0.4439952700
0.7445396800	-0.0009999500	-0.0655138720	0.0001829415	0.4438813600
0.7410234800	-0.0009999500	-0.0657104030	0.0003268197	0.4316724200
0.7409538600	-0.0009999500	-0.0657143150	0.0003302749	0.4314744800
0.7362904000	-0.0009999500	-0.0659717400	0.0002468971	0.4208356100
0.7254770400	-0.0009999500	-0.0665544050	0.0003916227	0.4073102800
0.7252432100	-0.0009999500	-0.0665670340	0.0003930350	0.4069939600
0.7071646500	-0.0009999500	-0.0674974840	0.0006402647	0.3859241900
0.7070172400	-0.0009999500	-0.0675050020	0.0006394890	0.3857231400
0.7068393200	-0.0009999500	-0.0675138240	0.0006432766	0.3855288900
0.6920138600	-0.0009999500	-0.0682367610	0.0004396207	0.3698205600
0.6757056700	-0.0009999500	-0.0689910500	0.0007058355	0.3543491700
0.6755321600	-0.0009999500	-0.0689990590	0.0007026382	0.3541694600
0.6753765300	-0.0009999500	-0.0690059810	0.0007059263	0.3540432800
0.6533823000	-0.0009999500	-0.0699566300	0.0006210337	0.3370265700
0.6531673100	-0.0009999500	-0.0699654150	0.0006219027	0.3368679300
0.6375324700	-0.0009999500	-0.0705954950	0.0005254921	0.3251863700
0.6202278100	-0.0009999500	-0.0712492990	0.0007045871	0.3146544100
0.6200611000	-0.0009999500	-0.0712555800	0.0007030840	0.3145500100
0.6014577200	-0.0009999500	-0.0719081090	0.0009269977	0.3066210200
0.6013492300	-0.0009999500	-0.0719119310	0.0009259417	0.3065625400
0.5865285400	-0.0009999500	-0.0723949820	0.0009572515	0.2964673300
0.5864587400	-0.0009999500	-0.0723972920	0.0009582574	0.2964254900
0.5863350600	-0.0009999500	-0.0724010390	0.0009592176	0.2963731000
0.5671335500	-0.0009999500	-0.0729788620	0.0008252104	0.2857025000
0.5669867400	-0.0009999500	-0.0729829220	0.0008269503	0.2856332100
0.5426586900	-0.0009999500	-0.0736377980	0.0007069221	0.2762304800
0.5425235000	-0.0009999500	-0.0736412110	0.0007097771	0.2761664400
0.5234219400	-0.0009999500	-0.0740952720	0.0010502727	0.2658121000
0.5232630400	-0.0009999500	-0.0740989970	0.0010486719	0.2657511800
0.5231397700	-0.0009999500	-0.0741015820	0.0010496299	0.2656919400
0.4920057400	-0.0009999500	-0.0747290550	0.0009839255	0.2549768400
0.4918651000	-0.0009999500	-0.0747316700	0.0009821835	0.2549204800
0.4757115500	-0.0009999500	-0.0750024320	0.0009313963	0.2473168400
0.4756130300	-0.0009999500	-0.0750039740	0.0009299924	0.2472752000
0.4584035300	-0.0009999500	-0.0752512660	0.0009374345	0.2420815200
0.4583087300	-0.0009999500	-0.0752525030	0.0009418287	0.2420498100
0.4438517700	-0.0009999500	-0.0754272940	0.0009683430	0.2366080700
0.4437131000	-0.0009999500	-0.0754288060	0.0009676779	0.2365723700
0.4300566000	-0.0009999500	-0.0755660910	0.0009054525	0.2322707000
0.4299040100	-0.0009999500	-0.0755674320	0.0009088979	0.2322253100
0.4060256200	-0.0009999500	-0.0757419020	0.0011033040	0.2259383500
0.4058854300	-0.0009999500	-0.0757427740	0.0010989690	0.2258832600
0.4057453000	-0.0009999500	-0.0757435410	0.0011061431	0.2258357700
0.3832161100	-0.0009999500	-0.0758306680	0.0010598985	0.2191951700
0.3830552100	-0.0009999500	-0.0758311000	0.0010547826	0.2191548200
0.3829021800	-0.0009999500	-0.0758312640	0.0010574631	0.2191069100
0.3641172300	-0.0009999500	-0.0758445780	0.0012295437	0.2131745700
0.3638685300	-0.0009999500	-0.0758442060	0.0012353807	0.2131098500
0.3497415800	-0.0009999500	-0.0758166690	0.0009287810	0.2092704600
0.3486592200	-0.0009999500	-0.0758108120	0.0009496294	0.2090874900
0.3243115500	-0.0009999500	-0.0756817090	0.0006494038	0.2063793500
0.3102802600	-0.0009999500	-0.0755574260	0.0011781040	0.2022821600
0.3097866800	-0.0009999500	-0.0755530970	0.0011544755	0.2021731000
0.3097103200	-0.0009999500	-0.0755523220	0.0011541569	0.2021532500
0.2933846700	-0.0009999500	-0.0753600900	0.0011801426	0.1981036700
0.2932543200	-0.0009999500	-0.0753583760	0.0011839040	0.1980733600
0.2756744900	-0.0009999500	-0.0750922040	0.0013718907	0.1958023300
0.2755055700	-0.0009999500	-0.0750894470	0.0013693565	0.1957833800
0.2751506600	-0.0009999500	-0.0750826150	0.0013873242	0.1957365300
0.2442920700	-0.0009999500	-0.0744551270	0.0015430435	0.1925588400
0.2438991700	-0.0009999500	-0.0744468050	0.0015304567	0.1925108300
0.2435735900	-0.0009999500	-0.0744387060	0.0015348843	0.1924619500
0.2417021700	-0.0009999500	-0.0743882510	0.0015994865	0.1921770000
0.2219663600	-0.0009999500	-0.0738685280	0.0012427978	0.1906267400
0.2066697300	-0.0009999500	-0.0733950510	0.0015340202	0.1892078500
0.2054329400	-0.0009999500	-0.0733571050	0.0014882737	0.1891444000
0.2025944400	-0.0009999500	-0.0732546520	0.0015396032	0.1889851200
0.1810267000	-0.0009999500	-0.0724746360	0.0012209829	0.1879136000
0.1640364500	-0.0009999500	-0.0717613620	0.0016121051	0.1864697800
0.1624237300	-0.0009999500	-0.0716935320	0.0015591392	0.1863890000
0.1620648700	-0.0009999500	-0.0716776850	0.0015509373	0.1863773600
0.1476297800	-0.0009999500	-0.0710022520	0.0015547627	0.1857993000
0.1471206400	-0.0009999500	-0.0709772110	0.0015654147	0.1858323200
0.1302127500	-0.0009999500	-0.0701045100	0.0014211511	0.1874892300
0.1293724600	-0.0009999500	-0.0700586960	0.0014719587	0.1874501300
0.1062737500	-0.0009999500	-0.0687110280	0.0014695306	0.1891370400
0.1049387800	-0.0009999500	-0.0686303600	0.0014558411	0.1892525300
0.0911416190	-0.0009999500	-0.0677312390	0.0019248011	0.1891514800
0.0905131250	-0.0009999500	-0.0676897620	0.0018943239	0.1892392900
0.0903040620	-0.0009999500	-0.0676752780	0.0018928354	0.1892562100
0.0891512190	-0.0009999500	-0.0675939470	0.0019424111	0.1893944400
0.0716802480	-0.0009999500	-0.0663421900	0.0016320725	0.1932088300
0.0704887210	-0.0009999500	-0.0662521270	0.0016128459	0.1934038800
0.0651609670	-0.0009999500	-0.0658265280	0.0019098750	0.1940193800
0.0561900660	-0.0009999500	-0.0651232970	0.0017758091	0.1971265200
0.0448743630	-0.0009999500	-0.0641545730	0.0024000831	0.1986328400
0.0354829280	-0.0009999500	-0.0633141700	0.0023103851	0.2008440800
0.0290687440	-0.0009999500	-0.0627262520	0.0020056575	0.2028175400
0.0227636120	-0.0009999500	-0.0621058790	0.0022326622	0.2047264900
0.0137705640	-0.0009999500	-0.0612197330	0.0022263453	0.2074310000
0.0084110973	-0.0009999500	-0.0606473090	0.0022898825	0.2091685800
-0.0026499191	-0.0009999500	-0.0594639070	0.0020487289	0.2127508800
-0.0212393780	-0.0009999500	-0.0572789350	0.0025129046	0.2194729900
-0.0240599740	-0.0009999500	-0.0569429250	0.0024900934	0.2205429500
-0.0300745130	-0.0009999500	-0.0561682400	0.0024720224	0.2237812700
-0.0376971400	-0.0009999500	-0.0551856380	0.0021741974	0.2277269700
-0.0433966630	-0.0009999500	-0.0543955940	0.0020608626	0.2316277200
-0.0560409240	-0.0009999500	-0.0526122150	0.0020495461	0.2379027000
-0.0652340430	-0.0009999500	-0.0512102360	0.0022676029	0.2429031600
-0.0742885400	-0.0009999500	-0.0498038490	0.0020498111	0.2493534500
-0.0800744590	-0.0009999500	-0.0488408730	0.0022505915	0.2542646800
-0.0877273750	-0.0009999500	-0.0475446470	0.0022664828	0.2608766300
-0.0956117440	-0.0009999500	-0.0461103210	0.0024392108	0.2698689100
-0.1020155700	-0.0009999500	-0.0449593590	0.0024037576	0.2765079400
-0.1033200200	-0.0009999500	-0.0447128080	0.0024379941	0.2777232800
-0.1148673700	-0.0009999500	-0.0423778930	0.0026972706	0.2897742400
-0.1245238800	-0.0009999500	-0.0404281210	0.0025164220	0.3004156600
-0.1408062700	-0.0009999500	-0.0367176120	0.0024044395	0.3220442800
-0.1435125300	-0.0009999500	-0.0360830580	0.0024115106	0.3262110100
-0.1523468800	-0.0009999500	-0.0338766540	0.0020729511	0.3454075800
-0.1587558100	-0.0009999500	-0.0321558970	0.0022806840	0.3567062900
-0.1695051000	-0.0009999500	-0.0291386620	0.0025064609	0.3816556600
-0.1723045100	-0.0009999500	-0.0283279750	0.0023957208	0.3893899900
-0.1726821400	-0.0009999500	-0.0282196830	0.0023766743	0.3903334100
-0.1727442100	-0.0009999500	-0.0282014370	0.0023758232	0.3905266500
-0.1728134300	-0.0009999500	-0.0281799730	0.0023760401	0.3906671700
-0.1731049600	-0.0009999500	-0.0280878100	0.0023877183	0.3914102300
-0.1798232900	-0.0009999500	-0.0259114000	0.0021456389	0.4168260100
-0.1905569300	-0.0009999500	-0.0224013070	0.0015348217	0.4516254100
-0.1949202000	-0.0009999500	-0.0206958430	0.0014288518	0.4754295300
-0.2055147100	-0.0009999500	-0.0166287120	0.0007155215	0.5279063000
-0.2067133000	-0.0009999500	-0.0161738080	0.0006349609	0.5334653900
-0.2071734700	-0.0009999500	-0.0159793010	0.0006287380	0.5358785400
-0.2216704200	-0.0009999500	-0.0090985978	0.0005455600	0.6337654600
-0.2217858400	-0.0009999500	-0.0090411156	0.0005461028	0.6347625900
-0.2325461800	-0.0009999500	-0.0024352300	0.0004317446	0.7674400200
-0.2340252500	-0.0009999500	-0.0014854962	0.0003539335	0.7837560200
-0.2400487100	-0.0009999500	0.0034695594	0.0002080327	0.8946991000
-0.2403380000	-0.0009999500	0.0037174523	0.0001950182	0.9002275500
-0.2406682500	-0.0009999500	0.0040728222	0.0001830081	0.9052926900
-0.2441182700	-0.0009999500	0.0078635691	0.0000627763	0.9525816400
-0.2452111200	-0.0009999500	0.0093935765	0.0000401130	0.9679101700
-0.2459766700	-0.0009999500	0.0104502560	0.0000059636	0.9760928200
-0.2464129000	-0.0009999500	0.0112057170	-0.0000108290	0.9746368500
-0.2468781500	-0.0009999500	0.0120121810	-0.0000282663	0.9733511200
-0.2472042300	-0.0009999500	0.0126961090	-0.0000349945	0.9581233900
-0.2478326000	-0.0009999500	0.0140819910	-0.0000471673	0.9283462800
-0.2487584200	-0.0009999500	0.0173962770	-0.0000426832	0.8165229000
-0.2489026000	-0.0009999500	0.0178805110	-0.0000416158	0.8015152800
-0.2489278200	-0.0009999500	0.0184845610	-0.0000317026	0.7700716300
-0.2490486800	-0.0009999500	0.0217889360	0.0000283615	0.5954551700
-0.2486304300	-0.0009999500	0.0237637500	0.0001783206	0.4380300600
-0.2482663700	-0.0009999500	0.0254941490	0.0002660747	0.3141573700
-0.2471912800	-0.0009999500	0.0276137530	0.0004449386	0.1661727700
-0.2457364900	-0.0009999500	0.0303262300	0.0008120829	0.0003041232
-0.2434223700	-0.0009999500	0.0328872540	0.0016961460	-0.1712557200
-0.2421432700	-0.0009999500	0.0343420770	0.0020093941	-0.2633140700
-0.2396787600	-0.0009999500	0.0363036690	0.0020454497	-0.3133673400
-0.2381100800	-0.0009999500	0.0375450660	0.0021182874	-0.3463068300
-0.2372246700	-0.0009999500	0.0380974930	0.0025419527	-0.3568507700
-0.2345326700	-0.0009999500	0.0398047600	0.0034263797	-0.3969744400
-0.2306817200	-0.0009999500	0.0417505470	0.0034850922	-0.4264174400
-0.2274389100	-0.0009999500	0.0433781260	0.0028905038	-0.4466122700
-0.2251367000	-0.0009999500	0.0443545950	0.0022376744	-0.4468099800
-0.2209969600	-0.0009999500	0.0459403430	0.0027929800	-0.4445415400
-0.2169155600	-0.0009999500	0.0473932960	0.0029925629	-0.4377827300
-0.2114688300	-0.0009999500	0.0490431900	0.0022420918	-0.4297086300
-0.2097710400	-0.0009999500	0.0495513040	0.0024420910	-0.4270722000
-0.2046890300	-0.0009999500	0.0508665070	0.0035196443	-0.4297309200
-0.2025187800	-0.0009999500	0.0514173920	0.0036168489	-0.4272767600
-0.1981171800	-0.0009999500	0.0523862210	0.0030677912	-0.4170303900
-0.1935316600	-0.0009999500	0.0533748870	0.0028034193	-0.4067785700
-0.1842211600	-0.0009999500	0.0550255100	0.0022882857	-0.3934973800
-0.1801936900	-0.0009999500	0.0557308160	0.0021805680	-0.3899408300
-0.1704304500	-0.0009999500	0.0570312370	0.0026268934	-0.3778739300
-0.1645082500	-0.0009999500	0.0578519890	0.0027299793	-0.3684026900
-0.1588404500	-0.0009999500	0.0584584770	0.0029873257	-0.3637045000
-0.1519821900	-0.0009999500	0.0591554570	0.0031562575	-0.3555536000
-0.1462526200	-0.0009999500	0.0596125950	0.0025875985	-0.3467253700
-0.1386215700	-0.0009999500	0.0602243100	0.0019982269	-0.3387878500
-0.1249556100	-0.0009999500	0.0610040540	0.0015610847	-0.3233118400
-0.1209327800	-0.0009999500	0.0612176210	0.0015954427	-0.3191811100
-0.1163908800	-0.0009999500	0.0613351020	0.0017219618	-0.3144631400
-0.1018649600	-0.0009999500	0.0618246640	0.0017804841	-0.2955767200
-0.0885790440	-0.0009999500	0.0619435010	0.0013698773	-0.2846908600
-0.0789506060	-0.0009999500	0.0620610860	0.0014654897	-0.2783721700
-0.0746816550	-0.0009999500	0.0620246680	0.0014781851	-0.2743658400
-0.0559604090	-0.0009999500	0.0617960840	0.0014930057	-0.2568470500
-0.0529444330	-0.0009999500	0.0617141130	0.0014558333	-0.2526111300
-0.0243307280	-0.0009999500	0.0607508760	0.0009852212	-0.2206728500
-0.0214740500	-0.0009999500	0.0606169740	0.0009825273	-0.2180939200
0.0154277260	-0.0009999500	0.0584775950	0.0010769869	-0.1911610200
0.0271740930	-0.0009999500	0.0576646700	0.0010537726	-0.1810153900
0.0475134100	-0.0009999500	0.0560434540	0.0014094888	-0.1631491300
0.0692226740	-0.0009999500	0.0541252080	0.0022889642	-0.1425935900
0.0775704910	-0.0009999500	0.0533063900	0.0022811544	-0.1339187300
0.1067953900	-0.0009999500	0.0503061120	0.0016772832	-0.1047880200
1 2 
2 3 
3 4 
4 5 
5 6 
6 7 
7 8 
8 9 
9 10 
10 11 
11 12 
12 13 
13 14 
14 15 
15 16 
16 17 
17 18 
18 19 
19 20 
20 21 
21 22 
22 23 
23 24 
24 25 
25 26 
26 27 
27 28 
28 29 
29 30 
30 31 
31 32 
32 33 
33 34 
34 35 
35 36 
36 37 
37 38 
38 39 
39 40 
40 41 
41 42 
42 43 
43 44 
44 45 
45 46 
46 47 
47 48 
48 49 
49 50 
50 51 
51 52 
52 53 
53 54 
54 55 
55 56 
56 57 
57 58 
58 59 
59 60 
60 61 
61 62 
62 63 
63 64 
64 65 
65 66 
66 67 
67 68 
68 69 
69 70 
70 71 
71 72 
72 73 
73 74 
74 75 
75 76 
76 77 
77 78 
78 79 
79 80 
80 81 
81 82 
82 83 
83 84 
84 85 
85 86 
86 87 
87 88 
88 89 
89 90 
90 91 
91 92 
92 93 
93 94 
94 95 
95 96 
96 97 
97 98 
98 99 
99 100 
100 101 
101 102 
102 103 
103 104 
104 105 
105 106 
106 107 
107 108 
108 109 
109 110 
110 111 
111 112 
112 113 
113 114 
114 115 
115 116 
116 117 
117 118 
118 119 
119 120 
120 121 
121 122 
122 123 
123 124 
124 125 
125 126 
126 127 
127 128 
128 129 
129 130 
130 131 
131 132 
132 133 
133 134 
134 135 
135 136 
136 137 
137 138 
138 139 
139 140 
140 141 
141 142 
142 143 
143 144 
144 145 
145 146 
146 147 
147 148 
148 149 
149 150 
150 151 
151 152 
152 153 
153 154 
154 155 
155 156 
156 157 
157 158 
158 159 
159 160 
160 161 
161 162 
162 163 
163 164 
164 165 
165 166 
166 167 
167 168 
168 169 
169 170 
170 171 
171 172 
172 173 
173 174 
174 175 
175 176 
176 177 
177 178 
178 179 
179 180 
180 181 
181 182 
182 183 
183 184 
184 185 
185 186 
186 187 
187 188 
188 189 
189 190 
190 191 
191 192 
192 193 
193 194 
194 195 
195 196 
196 197 
197 198 
198 199 
199 200 
200 201 
201 202 
202 203 
203 204 
204 205 
205 206 
206 207 
207 208 
208 209 
209 210 
210 211 
211 212 
212 213 
213 214 
214 215 
215 216 
216 217 
217 218 
218 219 
219 220 
220 221 
221 222 
222 223 
223 224 
224 225 
225 226 
226 227 
227 228 
228 229 
229 230 
230 231 
231 232 
232 233 
233 234 
234 235 
235 236 
236 237 
237 238 
238 239 
ZONE T="Slice: Y=-0.035"
STRANDID=0, SOLUTIONTIME=0
Nodes=377, Elements=376, ZONETYPE=FELineSeg
DATAPACKING=POINT
DT=(DOUBLE DOUBLE DOUBLE DOUBLE DOUBLE )
0.0875483970	-0.0349999520	0.0523377810	0.0031171951	-0.1278304800
0.0884896740	-0.0349999520	0.0522384420	0.0031207207	-0.1269119700
0.1037167500	-0.0349999520	0.0506428110	0.0030875243	-0.1116428900
0.1090626200	-0.0349999520	0.0500503590	0.0030468254	-0.1075308600
0.1184825500	-0.0349999520	0.0490081870	0.0030082181	-0.0993653540
0.1303194300	-0.0349999520	0.0476392020	0.0029342988	-0.0871123150
0.1313521600	-0.0349999520	0.0475197170	0.0029276013	-0.0859055370
0.1316937500	-0.0349999520	0.0474783260	0.0029258436	-0.0856685040
0.1360117500	-0.0349999520	0.0469569490	0.0028809934	-0.0811809670
0.1476987700	-0.0349999520	0.0455468260	0.0027491946	-0.0696407850
0.1499438000	-0.0349999520	0.0452681780	0.0027986179	-0.0677851960
0.1556550600	-0.0349999520	0.0445415710	0.0026991202	-0.0621973430
0.1697451000	-0.0349999520	0.0427528960	0.0026050062	-0.0502851830
0.1715983200	-0.0349999520	0.0425055880	0.0025949294	-0.0485040620
0.1886780100	-0.0349999520	0.0402364210	0.0024950819	-0.0333704800
0.2030648000	-0.0349999520	0.0382386860	0.0025834143	-0.0213507790
0.2124981900	-0.0349999520	0.0369284230	0.0026276464	-0.0134674520
0.2304888100	-0.0349999520	0.0343290870	0.0024305287	0.0038397054
0.2317780300	-0.0349999520	0.0341425500	0.0024272177	0.0049152863
0.2331890300	-0.0349999520	0.0339322460	0.0024049725	0.0064393380
0.2503691600	-0.0349999520	0.0313696710	0.0022539753	0.0220611300
0.2661559300	-0.0349999520	0.0289431570	0.0021365281	0.0359171890
0.2723720400	-0.0349999520	0.0279850230	0.0021453318	0.0412092470
0.2775211300	-0.0349999520	0.0271659530	0.0021149321	0.0459804500
0.2947690200	-0.0349999520	0.0244324690	0.0021454877	0.0617958490
0.3018006400	-0.0349999520	0.0232876000	0.0021371961	0.0677729030
0.3270336100	-0.0349999520	0.0191342530	0.0020057377	0.0852568520
0.3298163700	-0.0349999520	0.0186682320	0.0020032512	0.0875167620
0.3507912500	-0.0349999520	0.0151052550	0.0020788575	0.1040906700
0.3568287200	-0.0349999520	0.0140686110	0.0020477473	0.1094483600
0.3676913700	-0.0349999520	0.0121676040	0.0019988047	0.1187712600
0.3783877200	-0.0349999520	0.0103040240	0.0020630984	0.1302784200
0.4030349000	-0.0349999520	0.0059009464	0.0016886861	0.1495581300
0.4056946900	-0.0349999520	0.0054245824	0.0016607241	0.1516845100
0.4062048200	-0.0349999520	0.0053309822	0.0016600819	0.1520847200
0.4292914000	-0.0349999520	0.0011100461	0.0015952597	0.1702807500
0.4298528100	-0.0349999520	0.0010052341	0.0015982398	0.1707075100
0.4564545800	-0.0349999520	-0.0039644395	0.0016183635	0.1917351600
0.4601581100	-0.0349999520	-0.0046738293	0.0016095212	0.1942118700
0.4901741100	-0.0349999520	-0.0104200800	0.0016715813	0.2131892700
0.5137922800	-0.0349999520	-0.0150529180	0.0014886708	0.2319582300
0.5213095500	-0.0349999520	-0.0165303960	0.0014585386	0.2378940000
0.5298010700	-0.0349999520	-0.0182358400	0.0014281562	0.2440044700
0.5482536000	-0.0349999520	-0.0219348390	0.0013855557	0.2605346100
0.5769974600	-0.0349999520	-0.0278642160	0.0013341327	0.2798665800
0.5922889700	-0.0349999520	-0.0310015920	0.0012466948	0.2911561700
0.6326411400	-0.0349999520	-0.0395677830	0.0010463125	0.3180736300
0.6327811500	-0.0349999520	-0.0395975670	0.0010454125	0.3181781800
0.6328426600	-0.0349999520	-0.0396109890	0.0010451488	0.3182290800
0.6586846700	-0.0349999520	-0.0452403020	0.0010371821	0.3412671400
0.6833935400	-0.0349999520	-0.0507310670	0.0008742822	0.3611146500
0.6925020200	-0.0349999520	-0.0527648850	0.0008348444	0.3703569200
0.7136223900	-0.0349999520	-0.0575735720	0.0006580904	0.3967602300
0.7155501800	-0.0349999520	-0.0580122840	0.0006435964	0.3988576500
0.7164037200	-0.0349999520	-0.0582091140	0.0006379841	0.3998770700
0.7316247800	-0.0349999520	-0.0617301020	0.0004930593	0.4208225300
0.7332822700	-0.0349999520	-0.0621170480	0.0004692423	0.4234753800
0.7395960700	-0.0349999520	-0.0635982980	0.0002427505	0.4347492200
0.7436622400	-0.0349999520	-0.0645486410	0.0001735235	0.4470041100
0.7447127100	-0.0349999520	-0.0647959860	0.0001161573	0.4503478100
0.7463827700	-0.0349999520	-0.0651874540	0.0000674798	0.4569515300
0.7465553900	-0.0349999520	-0.0652281120	0.0000581098	0.4576780500
0.7469079500	-0.0349999520	-0.0653108280	0.0000480342	0.4597985700
0.7469860300	-0.0349999520	-0.0653292390	0.0000568804	0.4602219500
0.7470112400	-0.0349999520	-0.0653351770	0.0000469540	0.4600518600
0.7471125100	-0.0349999520	-0.0653589290	0.0000819627	0.4614244100
0.7471203200	-0.0349999520	-0.0653607770	0.0001016257	0.4615678200
0.7471244900	-0.0349999520	-0.0653617680	0.0001670864	0.4615106300
0.7471460100	-0.0349999520	-0.0653668050	0.0002014884	0.4619230000
0.7471338500	-0.0349999520	-0.0653674900	0.0002925248	0.4620633100
0.7471297400	-0.0349999520	-0.0653677280	0.0002911769	0.4619019900
0.7470730500	-0.0349999520	-0.0653709400	0.0002105809	0.4605056000
0.7470524300	-0.0349999520	-0.0653721170	0.0001945198	0.4603533100
0.7468277800	-0.0349999520	-0.0653848280	0.0001721395	0.4577852200
0.7466955800	-0.0349999520	-0.0653923970	0.0002291963	0.4566693000
0.7461956100	-0.0349999520	-0.0654206570	0.0002310053	0.4538212700
0.7452417600	-0.0349999520	-0.0654743840	0.0002774284	0.4482555100
0.7444517600	-0.0349999520	-0.0655192880	0.0003376319	0.4442687900
0.7421528700	-0.0349999520	-0.0656477810	0.0004317018	0.4362864200
0.7397156400	-0.0349999520	-0.0657847600	0.0005526396	0.4293580400
0.7373793700	-0.0349999520	-0.0659137220	0.0005108699	0.4240282800
0.7319622000	-0.0349999520	-0.0662056130	0.0005833729	0.4172525400
0.7237787200	-0.0349999520	-0.0666477010	0.0006328066	0.4061799900
0.7132333500	-0.0349999520	-0.0671904390	0.0007770176	0.3938898100
0.7080740300	-0.0349999520	-0.0674535780	0.0007498670	0.3868528600
0.7018451700	-0.0349999520	-0.0677623820	0.0008824384	0.3800543000
0.6928758000	-0.0349999520	-0.0681997540	0.0007592265	0.3705507200
0.6830093300	-0.0349999520	-0.0686561020	0.0009202866	0.3611905300
0.6769366300	-0.0349999520	-0.0689363700	0.0008083754	0.3548997300
0.6714903100	-0.0349999520	-0.0691788200	0.0009234627	0.3504836000
0.6560344100	-0.0349999520	-0.0698468610	0.0008638066	0.3385255300
0.6485104600	-0.0349999520	-0.0701542940	0.0008942268	0.3329722300
0.6378027200	-0.0349999520	-0.0705858170	0.0008281983	0.3249719400
0.6259513500	-0.0349999520	-0.0710335820	0.0009508544	0.3177589500
0.6201160000	-0.0349999520	-0.0712534260	0.0008982470	0.3141050900
0.6059456500	-0.0349999520	-0.0717504620	0.0010688033	0.3080655000
0.6021477600	-0.0349999520	-0.0718842670	0.0010318429	0.3060192500
0.5894174600	-0.0349999520	-0.0722991900	0.0010587365	0.2973479300
0.5869743800	-0.0349999520	-0.0723799690	0.0010939454	0.2958833000
0.5826442200	-0.0349999520	-0.0725111660	0.0011275517	0.2940495300
0.5678394400	-0.0349999520	-0.0729566890	0.0010242292	0.2858222400
0.5627009300	-0.0349999520	-0.0730987410	0.0010851271	0.2833972300
0.5453336800	-0.0349999520	-0.0735662430	0.0009994419	0.2766848500
0.5406013100	-0.0349999520	-0.0736858320	0.0010993717	0.2744426700
0.5281926400	-0.0349999520	-0.0739808010	0.0013205638	0.2677162900
0.5226311100	-0.0349999520	-0.0741112230	0.0012645338	0.2655836000
0.5183171600	-0.0349999520	-0.0742016960	0.0012980659	0.2635106400
0.4953586200	-0.0349999520	-0.0746643990	0.0012496148	0.2556092100
0.4904359900	-0.0349999520	-0.0747560340	0.0011886428	0.2536362700
0.4774053400	-0.0349999520	-0.0749744470	0.0011476742	0.2475026100
0.4739576600	-0.0349999520	-0.0750286580	0.0010985349	0.2460457400
0.4592496200	-0.0349999520	-0.0752399940	0.0011048952	0.2416069700
0.4559310700	-0.0349999520	-0.0752834450	0.0012587002	0.2404967500
0.4454754900	-0.0349999520	-0.0754098520	0.0012778759	0.2365611800
0.4406212600	-0.0349999520	-0.0754626320	0.0012545961	0.2353115200
0.4308574800	-0.0349999520	-0.0755607860	0.0012101077	0.2322360000
0.4255158300	-0.0349999520	-0.0756076050	0.0013307013	0.2306476800
0.4114220400	-0.0349999520	-0.0757105870	0.0014454461	0.2269369100
0.4065147000	-0.0349999520	-0.0757410600	0.0012937151	0.2250086100
0.4016099000	-0.0349999520	-0.0757679340	0.0015448178	0.2233464100
0.3883805600	-0.0349999520	-0.0758190970	0.0015176626	0.2194469900
0.3827485700	-0.0349999520	-0.0758341850	0.0013385955	0.2180348300
0.3773915200	-0.0349999520	-0.0758398180	0.0014324177	0.2163579500
0.3655109100	-0.0349999520	-0.0758482440	0.0015412508	0.2126060000
0.3568053800	-0.0349999520	-0.0758352060	0.0017455564	0.2103408400
0.3515176800	-0.0349999520	-0.0758249010	0.0016307966	0.2089037600
0.3327868300	-0.0349999520	-0.0757234470	0.0019915893	0.2057373200
0.3238997800	-0.0349999520	-0.0756765830	0.0020021971	0.2040189200
0.3228119600	-0.0349999520	-0.0756676720	0.0019918163	0.2038723800
0.3113701600	-0.0349999520	-0.0755673800	0.0014441096	0.2013442800
0.3086980000	-0.0349999520	-0.0755401700	0.0014329585	0.2006496200
0.2961826600	-0.0349999520	-0.0753928050	0.0014528792	0.1975451900
0.2916196900	-0.0349999520	-0.0753328950	0.0015845348	0.1964846300
0.2795555900	-0.0349999520	-0.0751502360	0.0017135404	0.1949261300
0.2736432000	-0.0349999520	-0.0750537440	0.0016248383	0.1942627100
0.2612200700	-0.0349999520	-0.0748147140	0.0022537397	0.1926228900
0.2607843900	-0.0349999520	-0.0748058560	0.0022559384	0.1925780300
0.2470323400	-0.0349999520	-0.0745144640	0.0018153730	0.1908976700
0.2356369500	-0.0349999520	-0.0742310960	0.0019703488	0.1891870200
0.2240433500	-0.0349999520	-0.0739185140	0.0023705639	0.1874216800
0.2172806000	-0.0349999520	-0.0737220720	0.0023396616	0.1870628100
0.2089004700	-0.0349999520	-0.0734642970	0.0022369793	0.1858876300
0.2068060900	-0.0349999520	-0.0733968990	0.0022499458	0.1855692900
0.1990487400	-0.0349999520	-0.0731295500	0.0022503545	0.1851754900
0.1870996500	-0.0349999520	-0.0727044720	0.0022808486	0.1849642100
0.1703094500	-0.0349999520	-0.0720401780	0.0025132618	0.1831926300
0.1701296000	-0.0349999520	-0.0720326160	0.0025073548	0.1831836100
0.1575685900	-0.0349999520	-0.0714779270	0.0022202711	0.1827765000
0.1536841800	-0.0349999520	-0.0712961700	0.0022213004	0.1826209400
0.1421555400	-0.0349999520	-0.0707291360	0.0024624977	0.1833685900
0.1376605000	-0.0349999520	-0.0705090840	0.0024639166	0.1837987800
0.1367487800	-0.0349999520	-0.0704614670	0.0024713256	0.1838857200
0.1240080600	-0.0349999520	-0.0697690840	0.0025972353	0.1844376300
0.1204802200	-0.0349999520	-0.0695701990	0.0025973527	0.1843897600
0.1160875800	-0.0349999520	-0.0693098830	0.0025463795	0.1850353200
0.1056703800	-0.0349999520	-0.0686796530	0.0025582470	0.1857067300
0.0979715960	-0.0349999520	-0.0681866480	0.0025877402	0.1859465700
0.0925220770	-0.0349999520	-0.0678269860	0.0023234797	0.1867079600
0.0852045420	-0.0349999520	-0.0673202350	0.0022713760	0.1873000100
0.0796434280	-0.0349999520	-0.0669278950	0.0025105208	0.1879668400
0.0755250080	-0.0349999520	-0.0666257070	0.0025049083	0.1889773600
0.0664755110	-0.0349999520	-0.0659378170	0.0026139353	0.1898942300
0.0633434130	-0.0349999520	-0.0656954350	0.0026527112	0.1898764400
0.0583551940	-0.0349999520	-0.0652884100	0.0026058845	0.1908861000
0.0525043160	-0.0349999520	-0.0648137110	0.0026013353	0.1924161300
0.0458360350	-0.0349999520	-0.0642391370	0.0026275272	0.1933864100
0.0402110700	-0.0349999520	-0.0637505950	0.0026787998	0.1944226000
0.0333302430	-0.0349999520	-0.0631156560	0.0027286118	0.1959320000
0.0273936370	-0.0349999520	-0.0625670030	0.0027435871	0.1976335300
0.0201680640	-0.0349999520	-0.0618598270	0.0026636169	0.1983063700
0.0127121710	-0.0349999520	-0.0611029230	0.0026544667	0.1999180900
0.0067037428	-0.0349999520	-0.0604818540	0.0027046985	0.2024600100
0.0036309303	-0.0349999520	-0.0601513270	0.0026998584	0.2030449500
-0.0078678252	-0.0349999520	-0.0588700960	0.0026499361	0.2062562600
-0.0090622809	-0.0349999520	-0.0587383290	0.0026672326	0.2068775300
-0.0112155660	-0.0349999520	-0.0584836750	0.0026474102	0.2076464400
-0.0200669540	-0.0349999520	-0.0574339810	0.0026555818	0.2126149800
-0.0215701800	-0.0349999520	-0.0572493600	0.0026508962	0.2130129200
-0.0317507390	-0.0349999520	-0.0559633000	0.0027581763	0.2180785400
-0.0356130230	-0.0349999520	-0.0554590710	0.0027851756	0.2193781600
-0.0430921130	-0.0349999520	-0.0544545950	0.0028088707	0.2235121900
-0.0480503920	-0.0349999520	-0.0537587480	0.0027666972	0.2268284600
-0.0541013930	-0.0349999520	-0.0529004600	0.0027104048	0.2312683900
-0.0613303560	-0.0349999520	-0.0518195780	0.0026846807	0.2339916400
-0.0666236730	-0.0349999520	-0.0510158540	0.0027354181	0.2365767700
-0.0727609840	-0.0349999520	-0.0500500390	0.0028464529	0.2399061000
-0.0794570820	-0.0349999520	-0.0489457990	0.0027204525	0.2451752400
-0.0834681020	-0.0349999520	-0.0482819680	0.0026846189	0.2491505300
-0.0936105180	-0.0349999520	-0.0465074590	0.0027103310	0.2544323200
-0.0938374550	-0.0349999520	-0.0464678180	0.0027108831	0.2545893200
-0.0940797700	-0.0349999520	-0.0464233640	0.0027114963	0.2548305700
-0.1014132600	-0.0349999520	-0.0450746120	0.0027212466	0.2637080300
-0.1101266100	-0.0349999520	-0.0433919800	0.0028502367	0.2692925900
-0.1109015400	-0.0349999520	-0.0432427640	0.0028607484	0.2698306100
-0.1112254000	-0.0349999520	-0.0431779060	0.0028558394	0.2702104200
-0.1145166300	-0.0349999520	-0.0425089450	0.0028777224	0.2747029400
-0.1191235800	-0.0349999520	-0.0415712300	0.0029293810	0.2821900500
-0.1214957500	-0.0349999520	-0.0410666610	0.0028719403	0.2846016600
-0.1256441000	-0.0349999520	-0.0401863120	0.0028277880	0.2905392100
-0.1272714400	-0.0349999520	-0.0398289640	0.0027851214	0.2927809100
-0.1310232100	-0.0349999520	-0.0390008170	0.0027781703	0.2980712700
-0.1356217600	-0.0349999520	-0.0379451660	0.0027682330	0.3037859500
-0.1378732800	-0.0349999520	-0.0374322160	0.0027868612	0.3066066500
-0.1414187400	-0.0349999520	-0.0365810880	0.0027518887	0.3106307400
-0.1467539100	-0.0349999520	-0.0352922720	0.0027524398	0.3184364700
-0.1493540000	-0.0349999520	-0.0346306230	0.0027434934	0.3235920100
-0.1531783000	-0.0349999520	-0.0336624050	0.0027939852	0.3322509500
-0.1585144500	-0.0349999520	-0.0322509710	0.0027840519	0.3412281300
-0.1585611100	-0.0349999520	-0.0322386550	0.0027847108	0.3413204800
-0.1586032700	-0.0349999520	-0.0322270880	0.0027842346	0.3413720100
-0.1660657500	-0.0349999520	-0.0301544850	0.0027192539	0.3553870900
-0.1673124600	-0.0349999520	-0.0297998860	0.0027064408	0.3591061800
-0.1722528000	-0.0349999520	-0.0283471180	0.0027144596	0.3714394000
-0.1729196600	-0.0349999520	-0.0281478000	0.0027153082	0.3729652800
-0.1794790200	-0.0349999520	-0.0261144970	0.0026992660	0.3877425200
-0.1800066500	-0.0349999520	-0.0259490930	0.0026910831	0.3892843100
-0.1816190500	-0.0349999520	-0.0254232310	0.0026865695	0.3943626900
-0.1840598900	-0.0349999520	-0.0246288780	0.0027310673	0.4061001800
-0.1875171200	-0.0349999520	-0.0234502830	0.0026844655	0.4171387900
-0.1899541900	-0.0349999520	-0.0226185170	0.0026938878	0.4272319100
-0.1917601800	-0.0349999520	-0.0219714180	0.0026330653	0.4331299400
-0.1963302600	-0.0349999520	-0.0203057450	0.0025145430	0.4526221200
-0.1980980600	-0.0349999520	-0.0196304540	0.0024995279	0.4602617300
-0.2029051500	-0.0349999520	-0.0177516900	0.0024364646	0.4776999400
-0.2067728800	-0.0349999520	-0.0161342830	0.0023568373	0.4985475800
-0.2080236400	-0.0349999520	-0.0156179660	0.0023612649	0.5044798900
-0.2089893400	-0.0349999520	-0.0151944900	0.0023285738	0.5099661900
-0.2120838900	-0.0349999520	-0.0137869200	0.0022994010	0.5314478300
-0.2143154400	-0.0349999520	-0.0127845700	0.0022713080	0.5476875300
-0.2163769500	-0.0349999520	-0.0117792510	0.0022752928	0.5600083500
-0.2196819800	-0.0349999520	-0.0101443270	0.0022636174	0.5831535500
-0.2228010900	-0.0349999520	-0.0084876269	0.0021748336	0.6125323800
-0.2231971200	-0.0349999520	-0.0082755759	0.0021634035	0.6167550700
-0.2248122800	-0.0349999520	-0.0073585366	0.0021415107	0.6328417100
-0.2264502200	-0.0349999520	-0.0064201788	0.0020930176	0.6504392000
-0.2278673400	-0.0349999520	-0.0055520949	0.0019969084	0.6655504100
-0.2293624000	-0.0349999520	-0.0046418901	0.0018866624	0.6824948800
-0.2299958600	-0.0349999520	-0.0042317398	0.0018649427	0.6904372600
-0.2320232100	-0.0349999520	-0.0028947543	0.0018053023	0.7177498300
-0.2334737300	-0.0349999520	-0.0018808107	0.0019172683	0.7389155000
-0.2353628700	-0.0349999520	-0.0004665347	0.0017860310	0.7686644800
-0.2368824900	-0.0349999520	0.0006971054	0.0015719763	0.7945972100
-0.2380724100	-0.0349999520	0.0017224244	0.0013609006	0.8209174300
-0.2398334900	-0.0349999520	0.0032428948	0.0009977699	0.8561999200
-0.2417581800	-0.0349999520	0.0051626386	0.0006613653	0.9020263000
-0.2425125200	-0.0349999520	0.0059509957	0.0005605260	0.9191226400
-0.2437657400	-0.0349999520	0.0074033351	0.0004252870	0.9453709700
-0.2454460400	-0.0349999520	0.0096641909	0.0002318574	0.9838496400
-0.2456427500	-0.0349999520	0.0099315885	0.0002109637	0.9865534900
-0.2457733800	-0.0349999520	0.0101739410	0.0001977917	0.9874278300
-0.2471154300	-0.0349999520	0.0125665330	0.0000346097	0.9862403300
-0.2475428000	-0.0349999520	0.0133831120	-0.0000222289	0.9865676200
-0.2478103800	-0.0349999520	0.0140927680	-0.0000700829	0.9793524700
-0.2486070800	-0.0349999520	0.0164769090	-0.0001347279	0.9310497000
-0.2486813500	-0.0349999520	0.0167522240	-0.0001323088	0.9211422800
-0.2487351100	-0.0349999520	0.0171354150	-0.0001150878	0.9009401800
-0.2490571300	-0.0349999520	0.0191890560	-0.0000287324	0.7885865000
-0.2490574600	-0.0349999520	0.0211070310	0.0001381051	0.6679853800
-0.2490486800	-0.0349999520	0.0217889360	0.0002485490	0.6174953000
-0.2488962100	-0.0349999520	0.0229374770	0.0005533202	0.5273193100
-0.2488655100	-0.0349999520	0.0231657440	0.0006618566	0.5000677700
-0.2485682700	-0.0349999520	0.0244568830	0.0012271220	0.3730425200
-0.2484998400	-0.0349999520	0.0247437900	0.0013674773	0.3510132400
-0.2483822300	-0.0349999520	0.0250984620	0.0016835201	0.3078829300
-0.2480393600	-0.0349999520	0.0261211000	0.0020693213	0.1902520500
-0.2476619000	-0.0349999520	0.0270101110	0.0027168150	0.1076077700
-0.2474793000	-0.0349999520	0.0274131540	0.0030544338	0.0681706440
-0.2470469900	-0.0349999520	0.0282559770	0.0036753767	-0.0020424710
-0.2468743600	-0.0349999520	0.0285625460	0.0038479156	-0.0227605830
-0.2464634200	-0.0349999520	0.0292566200	0.0042512710	-0.0909459290
-0.2458866200	-0.0349999520	0.0301227900	0.0050492258	-0.1735947900
-0.2457935200	-0.0349999520	0.0302614350	0.0051166883	-0.1851015800
-0.2457734300	-0.0349999520	0.0302871630	0.0051228294	-0.1870527700
-0.2447381000	-0.0349999520	0.0316341150	0.0056565598	-0.2753544400
-0.2446272100	-0.0349999520	0.0317636430	0.0057205898	-0.2871315800
-0.2440630000	-0.0349999520	0.0323915850	0.0058964454	-0.3203925800
-0.2436359100	-0.0349999520	0.0328745020	0.0057413851	-0.3406696900
-0.2432770400	-0.0349999520	0.0332345660	0.0059576815	-0.3605060600
-0.2423676000	-0.0349999520	0.0341343620	0.0058038015	-0.3918623300
-0.2412637500	-0.0349999520	0.0351187440	0.0059810365	-0.4488268500
-0.2411483500	-0.0349999520	0.0352180340	0.0059960430	-0.4523711800
-0.2402714600	-0.0349999520	0.0359372460	0.0060050704	-0.4588355400
-0.2392249000	-0.0349999520	0.0367253980	0.0060151869	-0.4869502800
-0.2388315200	-0.0349999520	0.0370294490	0.0059954400	-0.4926255600
-0.2383876400	-0.0349999520	0.0373489970	0.0058831019	-0.4944294100
-0.2374706600	-0.0349999520	0.0379567560	0.0059727340	-0.5155076400
-0.2364671500	-0.0349999520	0.0386329220	0.0059569877	-0.5272230500
-0.2361739900	-0.0349999520	0.0388205760	0.0059580524	-0.5295330900
-0.2334155700	-0.0349999520	0.0404377910	0.0061966243	-0.5351023100
-0.2333103300	-0.0349999520	0.0405001230	0.0062105986	-0.5345755200
-0.2332615700	-0.0349999520	0.0405271610	0.0062352518	-0.5346857300
-0.2314590500	-0.0349999520	0.0414814990	0.0064423129	-0.5374670000
-0.2308349600	-0.0349999520	0.0417926160	0.0062648627	-0.5462384800
-0.2296990600	-0.0349999520	0.0423524750	0.0064072008	-0.5413283700
-0.2292208800	-0.0349999520	0.0425742310	0.0063989957	-0.5449269400
-0.2269636100	-0.0349999520	0.0436003880	0.0060908284	-0.5465984900
-0.2268195300	-0.0349999520	0.0436613300	0.0060877042	-0.5463446400
-0.2237296400	-0.0349999520	0.0449412090	0.0059556436	-0.5332705400
-0.2226720800	-0.0349999520	0.0453454000	0.0059790453	-0.5283306800
-0.2195705200	-0.0349999520	0.0464792210	0.0061458370	-0.5252706400
-0.2190849600	-0.0349999520	0.0466602560	0.0061045915	-0.5223084100
-0.2186621000	-0.0349999520	0.0468052700	0.0062335388	-0.5222181700
-0.2160107600	-0.0349999520	0.0476875190	0.0063216629	-0.5189545200
-0.2158466700	-0.0349999520	0.0477387500	0.0063096987	-0.5185822800
-0.2132414700	-0.0349999520	0.0485484380	0.0059632815	-0.5147460100
-0.2120356600	-0.0349999520	0.0488919990	0.0058093027	-0.5115082300
-0.2087692500	-0.0349999520	0.0498264620	0.0055770445	-0.4930565700
-0.2078711800	-0.0349999520	0.0500648250	0.0054974162	-0.4910814500
-0.2045581900	-0.0349999520	0.0508967380	0.0054387095	-0.4847970300
-0.2023251700	-0.0349999520	0.0514629410	0.0054882599	-0.4769721300
-0.2014008200	-0.0349999520	0.0516757820	0.0054766439	-0.4758331800
-0.1979288800	-0.0349999520	0.0524592290	0.0054926027	-0.4651105400
-0.1958557100	-0.0349999520	0.0529000680	0.0052189295	-0.4607214000
-0.1941763000	-0.0349999520	0.0532477980	0.0051457340	-0.4559934400
-0.1919532300	-0.0349999520	0.0536826890	0.0053005037	-0.4551522400
-0.1905203500	-0.0349999520	0.0539609640	0.0054276103	-0.4489301700
-0.1897759100	-0.0349999520	0.0540971230	0.0054218005	-0.4492801400
-0.1856861100	-0.0349999520	0.0548318920	0.0057491489	-0.4384366300
-0.1855102000	-0.0349999520	0.0548621940	0.0057538461	-0.4378347700
-0.1842778300	-0.0349999520	0.0550649540	0.0056379361	-0.4359892000
-0.1807197300	-0.0349999520	0.0556494180	0.0052744021	-0.4282468600
-0.1786029600	-0.0349999520	0.0559564750	0.0054340310	-0.4258246100
-0.1734364600	-0.0349999520	0.0567156370	0.0056477693	-0.4141540500
-0.1723791100	-0.0349999520	0.0568650550	0.0056176849	-0.4126833100
-0.1684020300	-0.0349999520	0.0573721600	0.0054498970	-0.4070310000
-0.1658001700	-0.0349999520	0.0577007120	0.0053429464	-0.4006001400
-0.1634496300	-0.0349999520	0.0579676290	0.0054274915	-0.3975782400
-0.1607671100	-0.0349999520	0.0582750030	0.0054833468	-0.3912871200
-0.1553278100	-0.0349999520	0.0588332190	0.0048491941	-0.3843103300
-0.1547083100	-0.0349999520	0.0588968320	0.0047856180	-0.3833117800
-0.1542931900	-0.0349999520	0.0589341630	0.0047682193	-0.3827075400
-0.1480995400	-0.0349999520	0.0594949830	0.0047784227	-0.3720798500
-0.1413713800	-0.0349999520	0.0600218210	0.0048275091	-0.3638293400
-0.1403750300	-0.0349999520	0.0601007380	0.0048438517	-0.3620746100
-0.1402029800	-0.0349999520	0.0601126070	0.0048394141	-0.3619299500
-0.1396903800	-0.0349999520	0.0601450390	0.0048075301	-0.3612991900
-0.1324580000	-0.0349999520	0.0606204640	0.0045964269	-0.3493625200
-0.1266306200	-0.0349999520	0.0609467030	0.0044730828	-0.3432331100
-0.1263007400	-0.0349999520	0.0609642980	0.0044835691	-0.3426862700
-0.1193290800	-0.0349999520	0.0612894220	0.0043370012	-0.3351907700
-0.1192036600	-0.0349999520	0.0612946410	0.0043389734	-0.3350101400
-0.1186558900	-0.0349999520	0.0613143930	0.0043263825	-0.3344798700
-0.1116684900	-0.0349999520	0.0615736580	0.0041446988	-0.3262285300
-0.1073279400	-0.0349999520	0.0617013910	0.0041922306	-0.3212137200
-0.1029078600	-0.0349999520	0.0618157680	0.0042092120	-0.3156188700
-0.0959340630	-0.0349999520	0.0619455390	0.0042803536	-0.3088851000
-0.0921976190	-0.0349999520	0.0619919670	0.0042525167	-0.3053593900
-0.0852103830	-0.0349999520	0.0620526630	0.0040640783	-0.2968886200
-0.0825713500	-0.0349999520	0.0620581840	0.0039971877	-0.2935686400
-0.0757130760	-0.0349999520	0.0620493400	0.0038639166	-0.2864341100
-0.0719632580	-0.0349999520	0.0620271970	0.0038930368	-0.2824227200
-0.0637689530	-0.0349999520	0.0619350080	0.0039535585	-0.2734945400
-0.0619367810	-0.0349999520	0.0619070570	0.0039282850	-0.2712333500
-0.0581570300	-0.0349999520	0.0618206150	0.0039016775	-0.2675592300
-0.0503546970	-0.0349999520	0.0616623570	0.0037628470	-0.2591860600
-0.0426047330	-0.0349999520	0.0614429860	0.0039115662	-0.2520901000
-0.0404106160	-0.0349999520	0.0613748470	0.0039507155	-0.2496469800
-0.0359620490	-0.0349999520	0.0612127110	0.0039419930	-0.2459994300
-0.0300168970	-0.0349999520	0.0609946440	0.0037994792	-0.2398277100
-0.0221399800	-0.0349999520	0.0606510150	0.0036580717	-0.2324284800
-0.0149271590	-0.0349999520	0.0603035540	0.0037629915	-0.2261111300
-0.0088077877	-0.0349999520	0.0599937100	0.0037894149	-0.2188450100
-0.0066556600	-0.0349999520	0.0598739610	0.0037883895	-0.2170786000
0.0023764959	-0.0349999520	0.0593531690	0.0036355356	-0.2080349900
0.0032067446	-0.0349999520	0.0593017000	0.0036151873	-0.2073965200
0.0139025780	-0.0349999520	0.0586169810	0.0034161560	-0.1998126400
0.0193108970	-0.0349999520	0.0582430250	0.0033645247	-0.1943317800
0.0222037620	-0.0349999520	0.0580418180	0.0033590069	-0.1910039300
0.0240045250	-0.0349999520	0.0579078120	0.0032794277	-0.1893375200
0.0326677300	-0.0349999520	0.0572646740	0.0031593475	-0.1801022100
0.0416994880	-0.0349999520	0.0565396920	0.0031323166	-0.1709199500
0.0458060730	-0.0349999520	0.0562107790	0.0030874509	-0.1662225000
0.0499811060	-0.0349999520	0.0558481030	0.0030792823	-0.1631365700
0.0648334620	-0.0349999520	0.0545398740	0.0030750833	-0.1488751000
0.0669231340	-0.0349999520	0.0543449710	0.0030641154	-0.1461400100
0.0865486710	-0.0349999520	0.0524372910	0.0031206286	-0.1286655100
0.0875483970	-0.0349999520	0.0523377810	0.0031171951	-0.1278304800
1 2 
2 3 
3 4 
4 5 
5 6 
6 7 
7 8 
8 9 
9 10 
10 11 
11 12 
12 13 
13 14 
14 15 
15 16 
16 17 
17 18 
18 19 
19 20 
20 21 
21 22 
22 23 
23 24 
24 25 
25 26 
26 27 
27 28 
28 29 
29 30 
30 31 
31 32 
32 33 
33 34 
34 35 
35 36 
36 37 
37 38 
38 39 
39 40 
40 41 
41 42 
42 43 
43 44 
44 45 
45 46 
46 47 
47 48 
48 49 
49 50 
50 51 
51 52 
52 53 
53 54 
54 55 
55 56 
56 57 
57 58 
58 59 
59 60 
60 61 
61 62 
62 63 
63 64 
64 65 
65 66 
66 67 
67 68 
68 69 
69 70 
70 71 
71 72 
72 73 
73 74 
74 75 
75 76 
76 77 
77 78 
78 79 
79 80 
80 81 
81 82 
82 83 
83 84 
84 85 
85 86 
86 87 
87 88 
88 89 
89 90 
90 91 
91 92 
92 93 
93 94 
94 95 
95 96 
96 97 
97 98 
98 99 
99 100 
100 101 
101 102 
102 103 
103 104 
104 105 
105 106 
106 107 
107 108 
108 109 
109 110 
110 111 
111 112 
112 113 
113 114 
114 115 
115 116 
116 117 
117 118 
118 119 
119 120 
120 121 
121 122 
122 123 
123 124 
124 125 
125 126 
126 127 
127 128 
128 129 
129 130 
130 131 
131 132 
132 133 
133 134 
134 135 
135 136 
136 137 
137 138 
138 139 
139 140 
140 141 
141 142 
142 143 
143 144 
144 145 
145 146 
146 147 
147 148 
148 149 
149 150 
150 151 
151 152 
152 153 
153 154 
154 155 
155 156 
156 157 
157 158 
158 159 
159 160 
160 161 
161 162 
162 163 
163 164 
164 165 
165 166 
166 167 
167 168 
168 169 
169 170 
170 171 
171 172 
172 173 
173 174 
174 175 
175 176 
176 177 
177 178 
178 179 
179 180 
180 181 
181 182 
182 183 
183 184 
184 185 
185 186 
186 187 
187 188 
188 189 
189 190 
190 191 
191 192 
192 193 
193 194 
194 195 
195 196 
196 197 
197 198 
198 199 
199 200 
200 201 
201 202 
202 203 
203 204 
204 205 
205 206 
206 207 
207 208 
208 209 
209 210 
210 211 
211 212 
212 213 
213 214 
214 215 
215 216 
216 217 
217 218 
218 219 
219 220 
220 221 
221 222 
222 223 
223 224 
224 225 
225 226 
226 227 
227 228 
228 229 
229 230 
230 231 
231 232 
232 233 
233 234 
234 235 
235 236 
236 237 
237 238 
238 239 
239 240 
240 241 
241 242 
242 243 
243 244 
244 245 
245 246 
246 247 
247 248 
248 249 
249 250 
250 251 
251 252 
252 253 
253 254 
254 255 
255 256 
256 257 
257 258 
258 259 
259 260 
260 261 
261 262 
262 263 
263 264 
264 265 
265 266 
266 267 
267 268 
268 269 
269 270 
270 271 
271 272 
272 273 
273 274 
274 275 
275 276 
276 277 
277 278 
278 279 
279 280 
280 281 
281 282 
282 283 
283 284 
284 285 
285 286 
286 287 
287 288 
288 289 
289 290 
290 291 
291 292 
292 293 
293 294 
294 295 
295 296 
296 297 
297 298 
298 299 
299 300 
300 301 
301 302 
302 303 
303 304 
304 305 
305 306 
306 307 
307 308 
308 309 
309 310 
310 311 
311 312 
312 313 
313 314 
314 315 
315 316 
316 317 
317 318 
318 319 
319 320 
320 321 
321 322 
322 323 
323 324 
324 325 
325 326 
326 327 
327 328 
328 329 
329 330 
330 331 
331 332 
332 333 
333 334 
334 335 
335 336 
336 337 
337 338 
338 339 
339 340 
340 341 
341 342 
342 343 
343 344 
344 345 
345 346 
346 347 
347 348 
348 349 
349 350 
350 351 
351 352 
352 353 
353 354 
354 355 
355 356 
356 357 
357 358 
358 359 
359 360 
360 361 
361 362 
362 363 
363 364 
364 365 
365 366 
366 367 
367 368 
368 369 
369 370 
370 371 
371 372 
372 373 
373 374 
374 375 
375 376 
376 377 
ZONE T="Slice: Y=-0.73"
STRANDID=0, SOLUTIONTIME=0
Nodes=364, Elements=363, ZONETYPE=FELineSeg
DATAPACKING=POINT
DT=(DOUBLE DOUBLE DOUBLE DOUBLE DOUBLE )
0.1050253600	-0.7299999600	0.0505012120	0.0026966457	0.0213121340
0.1056535400	-0.7299999600	0.0504320640	0.0026939103	0.0217282980
0.1075202900	-0.7299999600	0.0502229330	0.0026839824	0.0237013050
0.1208649100	-0.7299999600	0.0487369000	0.0025192977	0.0350059980
0.1329415000	-0.7299999600	0.0473314300	0.0025453602	0.0387781370
0.1331747900	-0.7299999600	0.0473042840	0.0025451507	0.0388032870
0.1333752400	-0.7299999600	0.0472799430	0.0025442252	0.0389260200
0.1475800000	-0.7299999600	0.0455610750	0.0024945076	0.0440154190
0.1640865100	-0.7299999600	0.0434755720	0.0024862862	0.0544485750
0.1670449700	-0.7299999600	0.0431033110	0.0024589422	0.0562847670
0.1756420300	-0.7299999600	0.0419661180	0.0024545760	0.0606903100
0.1853711800	-0.7299999600	0.0406811910	0.0024108525	0.0643888710
0.1898117100	-0.7299999600	0.0400792320	0.0023822355	0.0668852250
0.2053543500	-0.7299999600	0.0379290990	0.0022741987	0.0750229280
0.2140205100	-0.7299999600	0.0367118380	0.0022960133	0.0776323450
0.2239249900	-0.7299999600	0.0352749710	0.0022717293	0.0825221610
0.2370262600	-0.7299999600	0.0333671160	0.0021802839	0.0886343720
0.2485493400	-0.7299999600	0.0316411480	0.0020098254	0.0944275110
0.2588750400	-0.7299999600	0.0300682970	0.0020379755	0.0993881370
0.2745270100	-0.7299999600	0.0276412550	0.0020942694	0.1048928900
0.2882367700	-0.7299999600	0.0254768580	0.0020249912	0.1100974200
0.2969988600	-0.7299999600	0.0240581520	0.0019402639	0.1146038200
0.3079507600	-0.7299999600	0.0222933520	0.0018454884	0.1181957600
0.3184243100	-0.7299999600	0.0205616600	0.0018566684	0.1234804200
0.3316317200	-0.7299999600	0.0183569250	0.0018336311	0.1266795700
0.3508820200	-0.7299999600	0.0150925280	0.0018711045	0.1346224100
0.3629685600	-0.7299999600	0.0129946360	0.0018842213	0.1381193500
0.3739950400	-0.7299999600	0.0110780300	0.0018656840	0.1395860800
0.3770713800	-0.7299999600	0.0105339100	0.0018775313	0.1410067800
0.3843053600	-0.7299999600	0.0092447484	0.0018610079	0.1426243000
0.3994329900	-0.7299999600	0.0065542688	0.0017718863	0.1432678300
0.4110456400	-0.7299999600	0.0044397749	0.0017975160	0.1457099900
0.4302637900	-0.7299999600	0.0009301123	0.0018134747	0.1492718200
0.4526329600	-0.7299999600	-0.0032546960	0.0018196480	0.1516998400
0.4591056400	-0.7299999600	-0.0044657658	0.0018112114	0.1509245800
0.4748491000	-0.7299999600	-0.0074869599	0.0018412956	0.1462485800
0.4922492200	-0.7299999600	-0.0108226710	0.0018629317	0.1440614900
0.5039365300	-0.7299999600	-0.0131213820	0.0018945760	0.1410466600
0.5369607800	-0.7299999600	-0.0196600330	0.0021122717	0.1285333500
0.5490045000	-0.7299999600	-0.0220918080	0.0022066638	0.1230010000
0.5719754100	-0.7299999600	-0.0267862360	0.0023417928	0.1076653200
0.5787280800	-0.7299999600	-0.0281783920	0.0023752357	0.1032812700
0.5990552300	-0.7299999600	-0.0324188360	0.0024865868	0.0872603510
0.6017850600	-0.7299999600	-0.0329964980	0.0025025350	0.0872356820
0.6196228900	-0.7299999600	-0.0367918760	0.0026720791	0.0671336870
0.6278122100	-0.7299999600	-0.0385341680	0.0027508240	0.0597706210
0.6334446700	-0.7299999600	-0.0397454690	0.0027878438	0.0537558090
0.6574984800	-0.7299999600	-0.0449812000	0.0028811972	0.0300860570
0.6859221500	-0.7299999600	-0.0512876990	0.0028904486	-0.0001676046
0.6868761800	-0.7299999600	-0.0514987220	0.0028807714	-0.0007431181
0.6881152400	-0.7299999600	-0.0517790280	0.0028809572	-0.0006888922
0.7095623600	-0.7299999600	-0.0566398800	0.0027265013	0.0152409670
0.7243850200	-0.7299999600	-0.0600615810	0.0024253150	0.0560842270
0.7314620000	-0.7299999600	-0.0616942230	0.0022075773	0.0854429010
0.7355766300	-0.7299999600	-0.0626525280	0.0019661814	0.1081083700
0.7420638200	-0.7299999600	-0.0641709040	0.0012289097	0.1828037400
0.7441740600	-0.7299999600	-0.0646674260	0.0009803265	0.2247524400
0.7461797600	-0.7299999600	-0.0651390400	0.0007942519	0.2620306900
0.7464903600	-0.7299999600	-0.0652122500	0.0008330312	0.2671231300
0.7468705800	-0.7299999600	-0.0653018650	0.0008464146	0.2887008800
0.7470251900	-0.7299999600	-0.0653383210	0.0005963385	0.2779265600
0.7470473600	-0.7299999600	-0.0653435440	0.0005510385	0.2789969400
0.7470977300	-0.7299999600	-0.0653554200	0.0011197908	0.2759948100
0.7471460100	-0.7299999600	-0.0653668050	0.0017083245	0.2783895700
0.7470573800	-0.7299999600	-0.0653718640	0.0019217219	0.2843262000
0.7469244600	-0.7299999600	-0.0653794560	0.0020531886	0.3077942100
0.7468258100	-0.7299999600	-0.0653850810	0.0021172186	0.2988610600
0.7457077500	-0.7299999600	-0.0654487760	0.0014274503	0.3106845600
0.7454878100	-0.7299999600	-0.0654612930	0.0014681413	0.3097292200
0.7421410100	-0.7299999600	-0.0656499040	0.0013665199	0.3111505800
0.7404100300	-0.7299999600	-0.0657474990	0.0013514746	0.3097240300
0.7347559900	-0.7299999600	-0.0660546420	0.0014050686	0.3048991600
0.7239919300	-0.7299999600	-0.0666401910	0.0016090816	0.2883595500
0.7205624000	-0.7299999600	-0.0668196160	0.0016455030	0.2837767900
0.7072742600	-0.7299999600	-0.0674803260	0.0017259088	0.2763551500
0.6938803200	-0.7299999600	-0.0681553710	0.0019404167	0.2575262500
0.6856550600	-0.7299999600	-0.0685430770	0.0019531007	0.2544729100
0.6760491700	-0.7299999600	-0.0689846500	0.0020773709	0.2385670800
0.6577063800	-0.7299999600	-0.0697776000	0.0020108172	0.2430880800
0.6547398000	-0.7299999600	-0.0699056240	0.0020287269	0.2412200700
0.6535539000	-0.7299999600	-0.0699550060	0.0020381131	0.2400859700
0.6496334700	-0.7299999600	-0.0701088830	0.0020427173	0.2391227800
0.6242495200	-0.7299999600	-0.0711012040	0.0021548584	0.2133216900
0.6028912100	-0.7299999600	-0.0718408080	0.0021412025	0.2128581400
0.5944336100	-0.7299999600	-0.0721363800	0.0021559994	0.2064835400
0.5862188900	-0.7299999600	-0.0723906680	0.0021793121	0.2054273900
0.5713477100	-0.7299999600	-0.0728488940	0.0022748229	0.1949774000
0.5563177500	-0.7299999600	-0.0732547720	0.0022702704	0.1964055900
0.5433729300	-0.7299999600	-0.0736105960	0.0022912243	0.1939325200
0.5235664800	-0.7299999600	-0.0740712660	0.0023170513	0.1877656600
0.5122872600	-0.7299999600	-0.0743294430	0.0023704851	0.1841771800
0.5042523700	-0.7299999600	-0.0744860470	0.0023740854	0.1834196200
0.4895379500	-0.7299999600	-0.0747681330	0.0024382798	0.1778909700
0.4729824400	-0.7299999600	-0.0750409510	0.0023209700	0.1773991600
0.4659543000	-0.7299999600	-0.0751483070	0.0023289665	0.1751493200
0.4480769900	-0.7299999600	-0.0753833200	0.0023486126	0.1712115900
0.4466242500	-0.7299999600	-0.0754000620	0.0023488605	0.1706991300
0.4237673900	-0.7299999600	-0.0756284070	0.0023826553	0.1661302400
0.4199788000	-0.7299999600	-0.0756575470	0.0024086128	0.1650966000
0.4098023200	-0.7299999600	-0.0757118840	0.0024394980	0.1621475700
0.3884069300	-0.7299999600	-0.0758279640	0.0025647230	0.1549754700
0.3708084500	-0.7299999600	-0.0758420830	0.0025618924	0.1530464300
0.3631071700	-0.7299999600	-0.0758508440	0.0025634570	0.1518771600
0.3394065200	-0.7299999600	-0.0757718760	0.0023907442	0.1500013000
0.3375891400	-0.7299999600	-0.0757669960	0.0023909601	0.1493617000
0.3356291900	-0.7299999600	-0.0757549850	0.0023946264	0.1492844500
0.3148101900	-0.7299999600	-0.0755952520	0.0024848446	0.1451122800
0.3096386800	-0.7299999600	-0.0755453630	0.0025158024	0.1424135000
0.3039699200	-0.7299999600	-0.0754742850	0.0025238627	0.1419315800
0.2906060200	-0.7299999600	-0.0753136720	0.0025721059	0.1376077200
0.2738153300	-0.7299999600	-0.0750438940	0.0026312188	0.1377075900
0.2697221000	-0.7299999600	-0.0749772710	0.0026341988	0.1375071600
0.2675679300	-0.7299999600	-0.0749344300	0.0026273712	0.1367086600
0.2493427200	-0.7299999600	-0.0745623480	0.0025498676	0.1347993300
0.2488767100	-0.7299999600	-0.0745508970	0.0025524883	0.1347162100
0.2350466500	-0.7299999600	-0.0742164250	0.0025591313	0.1316614400
0.2202017000	-0.7299999600	-0.0738100630	0.0027719940	0.1309016000
0.2197338300	-0.7299999600	-0.0737960790	0.0027729806	0.1309053700
0.2084893900	-0.7299999600	-0.0734380560	0.0027375113	0.1298764100
0.1990113700	-0.7299999600	-0.0731368440	0.0027135740	0.1285966800
0.1977571700	-0.7299999600	-0.0730917530	0.0026861954	0.1286444100
0.1837238700	-0.7299999600	-0.0725794580	0.0025240158	0.1265318200
0.1731346500	-0.7299999600	-0.0721520110	0.0026290494	0.1274780900
0.1670791700	-0.7299999600	-0.0719025950	0.0026698509	0.1265642900
0.1557200700	-0.7299999600	-0.0713824180	0.0027066344	0.1272081900
0.1489503400	-0.7299999600	-0.0710746870	0.0027805701	0.1257622800
0.1442767800	-0.7299999600	-0.0708360150	0.0028143584	0.1259458400
0.1318645600	-0.7299999600	-0.0702023800	0.0028409250	0.1249472100
0.1213156800	-0.7299999600	-0.0696181430	0.0026377938	0.1250575900
0.1200442300	-0.7299999600	-0.0695450450	0.0026106912	0.1248458500
0.1111204600	-0.7299999600	-0.0690090060	0.0027428037	0.1261454500
0.1057615000	-0.7299999600	-0.0686874610	0.0028282767	0.1264659000
0.1054554000	-0.7299999600	-0.0686689840	0.0028277161	0.1265049400
0.0892509970	-0.7299999600	-0.0676055180	0.0027845473	0.1272644800
0.0891624840	-0.7299999600	-0.0675996690	0.0027842251	0.1272539600
0.0890572150	-0.7299999600	-0.0675921440	0.0027853441	0.1272544000
0.0752872010	-0.7299999600	-0.0666096140	0.0028415953	0.1266716400
0.0630924480	-0.7299999600	-0.0656739550	0.0026490111	0.1293453400
0.0619787420	-0.7299999600	-0.0655871480	0.0026409276	0.1293803900
0.0533127640	-0.7299999600	-0.0648742990	0.0026616722	0.1306639500
0.0500321130	-0.7299999600	-0.0646054150	0.0026967166	0.1304858200
0.0478285740	-0.7299999600	-0.0644136290	0.0027174845	0.1308446100
0.0383335310	-0.7299999600	-0.0635823760	0.0029210247	0.1299040300
0.0356062690	-0.7299999600	-0.0633294360	0.0029348426	0.1303249900
0.0269705430	-0.7299999600	-0.0625267330	0.0029700752	0.1320694100
0.0237152820	-0.7299999600	-0.0622044170	0.0029527953	0.1323135800
0.0093624266	-0.7299999600	-0.0607625100	0.0028734540	0.1333950300
0.0072164335	-0.7299999600	-0.0605349540	0.0028372821	0.1340141900
-0.0037523946	-0.7299999600	-0.0593385850	0.0028584878	0.1371396800
-0.0058648819	-0.7299999600	-0.0591037160	0.0029225715	0.1373932500
-0.0103103600	-0.7299999600	-0.0585883000	0.0029155120	0.1390942800
-0.0168484990	-0.7299999600	-0.0578194480	0.0028750983	0.1393680700
-0.0273681920	-0.7299999600	-0.0565126460	0.0027827815	0.1424090600
-0.0308861080	-0.7299999600	-0.0560782550	0.0027489717	0.1428032400
-0.0312595670	-0.7299999600	-0.0560305490	0.0027456937	0.1428174400
-0.0320043750	-0.7299999600	-0.0559315760	0.0027555806	0.1431059700
-0.0394114140	-0.7299999600	-0.0549543760	0.0030344669	0.1434654000
-0.0496795330	-0.7299999600	-0.0535295530	0.0029846076	0.1482390900
-0.0516215340	-0.7299999600	-0.0532584190	0.0030140581	0.1490137900
-0.0523930940	-0.7299999600	-0.0531463660	0.0030042212	0.1492557500
-0.0612224790	-0.7299999600	-0.0518262160	0.0028947613	0.1520611200
-0.0662305880	-0.7299999600	-0.0510799330	0.0028665812	0.1530353400
-0.0689988810	-0.7299999600	-0.0506433170	0.0029190771	0.1542282300
-0.0734650120	-0.7299999600	-0.0499372330	0.0030451208	0.1552466300
-0.0827578530	-0.7299999600	-0.0484018210	0.0029457219	0.1599184700
-0.0828805790	-0.7299999600	-0.0483816530	0.0029479943	0.1600122300
-0.0829777270	-0.7299999600	-0.0483650970	0.0029473699	0.1600333600
-0.0876727920	-0.7299999600	-0.0475450830	0.0028847647	0.1630960000
-0.0935781520	-0.7299999600	-0.0465143430	0.0028185682	0.1666689200
-0.0945948810	-0.7299999600	-0.0463276430	0.0028142391	0.1672821900
-0.1022596400	-0.7299999600	-0.0449151730	0.0028947623	0.1696529200
-0.1110533700	-0.7299999600	-0.0432094150	0.0029544173	0.1756381500
-0.1119021800	-0.7299999600	-0.0430437030	0.0029598420	0.1764136000
-0.1187671300	-0.7299999600	-0.0416430530	0.0029748620	0.1836101100
-0.1195175700	-0.7299999600	-0.0414892990	0.0029798526	0.1837828800
-0.1277045300	-0.7299999600	-0.0397365170	0.0028910957	0.1929634800
-0.1277838300	-0.7299999600	-0.0397196110	0.0028905566	0.1930706900
-0.1279441400	-0.7299999600	-0.0396836360	0.0028906036	0.1932238200
-0.1357710700	-0.7299999600	-0.0379214180	0.0031133829	0.1953961700
-0.1395805900	-0.7299999600	-0.0370192080	0.0030638203	0.2012151300
-0.1430305200	-0.7299999600	-0.0362047660	0.0030199694	0.2028817800
-0.1459038600	-0.7299999600	-0.0354967450	0.0029752258	0.2068927900
-0.1503297700	-0.7299999600	-0.0343926180	0.0028905968	0.2119875300
-0.1550710500	-0.7299999600	-0.0331618190	0.0028428566	0.2175360000
-0.1579935100	-0.7299999600	-0.0323895960	0.0028302733	0.2188225800
-0.1624565900	-0.7299999600	-0.0311614480	0.0029583747	0.2263583700
-0.1647230200	-0.7299999600	-0.0305384510	0.0030160141	0.2286260000
-0.1657892500	-0.7299999600	-0.0302311820	0.0030101914	0.2314681400
-0.1695502500	-0.7299999600	-0.0291499140	0.0030344128	0.2355505400
-0.1740538000	-0.7299999600	-0.0278050940	0.0030830035	0.2466770100
-0.1740999200	-0.7299999600	-0.0277913030	0.0030826136	0.2467335200
-0.1741411700	-0.7299999600	-0.0277782860	0.0030834041	0.2468111400
-0.1820188200	-0.7299999600	-0.0252997630	0.0029447923	0.2589578600
-0.1839385500	-0.7299999600	-0.0246622230	0.0030669290	0.2636299100
-0.1879452300	-0.7299999600	-0.0233146570	0.0031001182	0.2752465900
-0.1892291900	-0.7299999600	-0.0228699170	0.0030289021	0.2771257500
-0.1922751800	-0.7299999600	-0.0217764880	0.0030762217	0.2889660000
-0.1949850000	-0.7299999600	-0.0208073440	0.0031119020	0.2963553700
-0.1951869000	-0.7299999600	-0.0207335690	0.0031132865	0.2971878300
-0.1959874600	-0.7299999600	-0.0204296780	0.0031250554	0.3000318400
-0.2001010900	-0.7299999600	-0.0188657850	0.0030419208	0.3089751900
-0.2056475900	-0.7299999600	-0.0166233980	0.0027922829	0.3340758100
-0.2058757800	-0.7299999600	-0.0165306670	0.0027825906	0.3348248600
-0.2060747400	-0.7299999600	-0.0164439160	0.0027787989	0.3359334500
-0.2115595500	-0.7299999600	-0.0140586750	0.0026233880	0.3563340600
-0.2123651100	-0.7299999600	-0.0136830570	0.0026151927	0.3622580800
-0.2165432700	-0.7299999600	-0.0117172610	0.0026494578	0.3843711000
-0.2172359200	-0.7299999600	-0.0113750480	0.0026446559	0.3899105800
-0.2210014200	-0.7299999600	-0.0094561242	0.0026470405	0.4170908600
-0.2212415900	-0.7299999600	-0.0093306126	0.0026484452	0.4189378300
-0.2245775200	-0.7299999600	-0.0074961344	0.0026912540	0.4556908900
-0.2253226300	-0.7299999600	-0.0070795682	0.0026912164	0.4611011400
-0.2262716000	-0.7299999600	-0.0065094098	0.0026331603	0.4714449900
-0.2294280100	-0.7299999600	-0.0046011461	0.0025495661	0.4917066100
-0.2302160600	-0.7299999600	-0.0040862490	0.0024757190	0.5030191500
-0.2325307900	-0.7299999600	-0.0025465705	0.0022222397	0.5306999100
-0.2335779800	-0.7299999600	-0.0018048639	0.0022814292	0.5465115300
-0.2354968600	-0.7299999600	-0.0003811142	0.0022710329	0.5831550400
-0.2362723600	-0.7299999600	0.0002101730	0.0022317045	0.5970373700
-0.2375372500	-0.7299999600	0.0012608961	0.0021203301	0.6271208500
-0.2388591500	-0.7299999600	0.0023625782	0.0019154134	0.6503247600
-0.2408143400	-0.7299999600	0.0041919961	0.0016817360	0.7047600700
-0.2410575000	-0.7299999600	0.0044184057	0.0016436788	0.7103020500
-0.2411590700	-0.7299999600	0.0045249914	0.0016248382	0.7139183900
-0.2432787100	-0.7299999600	0.0068146181	0.0012325755	0.7760502700
-0.2438074500	-0.7299999600	0.0074587385	0.0010741529	0.7965725100
-0.2448695300	-0.7299999600	0.0088198772	0.0008784413	0.8347172100
-0.2462690600	-0.7299999600	0.0110028310	0.0005908259	0.8903183900
-0.2466068300	-0.7299999600	0.0115138700	0.0005352044	0.9000620800
-0.2476306600	-0.7299999600	0.0136119770	0.0002106100	0.9502843000
-0.2477054700	-0.7299999600	0.0137589230	0.0001928393	0.9521738900
-0.2485311800	-0.7299999600	0.0161552970	0.0000474919	0.9766337300
-0.2485343700	-0.7299999600	0.0161638540	0.0000470146	0.9766168000
-0.2485362600	-0.7299999600	0.0161717930	0.0000467377	0.9765154100
-0.2490271000	-0.7299999600	0.0188403800	0.0000287310	0.9401741600
-0.2490291900	-0.7299999600	0.0188641050	0.0000296925	0.9393512000
-0.2490307800	-0.7299999600	0.0191927310	0.0000562698	0.9274076800
-0.2490565900	-0.7299999600	0.0213967470	0.0002352839	0.8344696200
-0.2490486800	-0.7299999600	0.0217889360	0.0002795914	0.8170370500
-0.2488020200	-0.7299999600	0.0233218260	0.0007084256	0.7399777200
-0.2486935600	-0.7299999600	0.0239985940	0.0009103618	0.6976826800
-0.2486738400	-0.7299999600	0.0240684730	0.0009432851	0.6923726200
-0.2479347000	-0.7299999600	0.0263804770	0.0017624802	0.5560160900
-0.2478040800	-0.7299999600	0.0266923080	0.0019140794	0.5275512300
-0.2473224300	-0.7299999600	0.0277220660	0.0021679931	0.4393336500
-0.2469168500	-0.7299999600	0.0284679810	0.0028713105	0.3639762400
-0.2467727400	-0.7299999600	0.0287428460	0.0030228280	0.3406582500
-0.2467347400	-0.7299999600	0.0288099140	0.0030567821	0.3370007300
-0.2466546600	-0.7299999600	0.0289348550	0.0031075660	0.3282091000
-0.2453190400	-0.7299999600	0.0309003650	0.0039905556	0.2201179700
-0.2452621900	-0.7299999600	0.0309791360	0.0040145167	0.2164474100
-0.2452226000	-0.7299999600	0.0310299400	0.0040304277	0.2100289300
-0.2443959700	-0.7299999600	0.0320349150	0.0043605231	0.1188534400
-0.2443312600	-0.7299999600	0.0321115630	0.0043682676	0.1176510400
-0.2442599100	-0.7299999600	0.0321904980	0.0043900030	0.1106396900
-0.2432635600	-0.7299999600	0.0332568290	0.0045395056	0.0614167940
-0.2431951900	-0.7299999600	0.0333306380	0.0045250152	0.0599507350
-0.2431177500	-0.7299999600	0.0334068050	0.0045539111	0.0555716450
-0.2424534700	-0.7299999600	0.0340532620	0.0045852083	0.0338443440
-0.2422963700	-0.7299999600	0.0341933590	0.0045985752	0.0264290310
-0.2415735900	-0.7299999600	0.0348256420	0.0045816032	0.0123760500
-0.2409287500	-0.7299999600	0.0353987740	0.0043610232	0.0047781072
-0.2404384900	-0.7299999600	0.0357978980	0.0045013654	-0.0124983890
-0.2393520000	-0.7299999600	0.0366497560	0.0045608394	-0.0441251020
-0.2381480500	-0.7299999600	0.0375148240	0.0048688795	-0.1040248000
-0.2378739700	-0.7299999600	0.0377060440	0.0048695729	-0.1108169800
-0.2366160900	-0.7299999600	0.0385387760	0.0045683802	-0.1168685900
-0.2351427800	-0.7299999600	0.0394492670	0.0050659294	-0.1418188700
-0.2350287900	-0.7299999600	0.0395185500	0.0050571331	-0.1403809000
-0.2337234600	-0.7299999600	0.0402630340	0.0053818389	-0.1671021400
-0.2332935500	-0.7299999600	0.0405087840	0.0054335227	-0.1723935500
-0.2331320200	-0.7299999600	0.0405970590	0.0054251145	-0.1732585900
-0.2305733700	-0.7299999600	0.0419267380	0.0052951598	-0.1705357900
-0.2303673500	-0.7299999600	0.0420263970	0.0053345498	-0.1731873500
-0.2277621000	-0.7299999600	0.0432462470	0.0050242139	-0.1636216900
-0.2263291500	-0.7299999600	0.0438650030	0.0054755993	-0.1862082900
-0.2252752200	-0.7299999600	0.0443155470	0.0053165613	-0.1852092600
-0.2227052500	-0.7299999600	0.0453373680	0.0051496775	-0.2035475800
-0.2219110600	-0.7299999600	0.0456383940	0.0051659385	-0.2066508100
-0.2197218200	-0.7299999600	0.0464382280	0.0046904763	-0.1888724600
-0.2180754500	-0.7299999600	0.0470000730	0.0049229676	-0.1953182100
-0.2168959100	-0.7299999600	0.0474000830	0.0049453220	-0.1868525400
-0.2153434200	-0.7299999600	0.0478892740	0.0050799153	-0.1912786400
-0.2139897300	-0.7299999600	0.0483192620	0.0050448986	-0.1818693400
-0.2129450600	-0.7299999600	0.0486340370	0.0050096569	-0.1799624600
-0.2107254700	-0.7299999600	0.0492719670	0.0049886974	-0.1829695300
-0.2094571000	-0.7299999600	0.0496388560	0.0048865049	-0.1771245300
-0.2067397500	-0.7299999600	0.0503650200	0.0048693790	-0.1789688600
-0.2065234600	-0.7299999600	0.0504228440	0.0048575904	-0.1785718900
-0.2064569300	-0.7299999600	0.0504393580	0.0048611109	-0.1786233600
-0.2023860100	-0.7299999600	0.0514484980	0.0046378920	-0.1709572500
-0.1987280000	-0.7299999600	0.0522849930	0.0047145288	-0.1730919900
-0.1984825900	-0.7299999600	0.0523405520	0.0047183187	-0.1726243600
-0.1978142700	-0.7299999600	0.0524812230	0.0047453255	-0.1753938900
-0.1944717000	-0.7299999600	0.0531868490	0.0047790254	-0.1769766800
-0.1940769300	-0.7299999600	0.0532672630	0.0047578440	-0.1752035000
-0.1922051500	-0.7299999600	0.0536264670	0.0048274499	-0.1804268400
-0.1888496400	-0.7299999600	0.0542709420	0.0048423813	-0.1695826500
-0.1850431100	-0.7299999600	0.0549419000	0.0050334779	-0.1992020900
-0.1849327800	-0.7299999600	0.0549609180	0.0050353997	-0.1991962600
-0.1846144800	-0.7299999600	0.0550124380	0.0050220420	-0.1984853300
-0.1799712600	-0.7299999600	0.0557665010	0.0047922167	-0.1709994100
-0.1796626200	-0.7299999600	0.0558123440	0.0047842166	-0.1721341800
-0.1749480700	-0.7299999600	0.0565102920	0.0046298646	-0.1662505100
-0.1743869300	-0.7299999600	0.0565865040	0.0046195817	-0.1677103900
-0.1696279200	-0.7299999600	0.0572269340	0.0046233323	-0.1504126900
-0.1671695900	-0.7299999600	0.0575292560	0.0045757602	-0.1494557700
-0.1649520700	-0.7299999600	0.0578016900	0.0044782706	-0.1424543000
-0.1616314900	-0.7299999600	0.0581721030	0.0044360834	-0.1421261700
-0.1592827000	-0.7299999600	0.0584340690	0.0043471257	-0.1332320300
-0.1581561600	-0.7299999600	0.0585459810	0.0043715708	-0.1345886400
-0.1544693000	-0.7299999600	0.0588941540	0.0043249836	-0.1316512700
-0.1488526000	-0.7299999600	0.0594317620	0.0041642765	-0.1251744300
-0.1450993400	-0.7299999600	0.0597376710	0.0040052355	-0.1242334800
-0.1431040200	-0.7299999600	0.0598980370	0.0039054585	-0.1237670300
-0.1392059300	-0.7299999600	0.0601717380	0.0037252685	-0.1277514500
-0.1362373500	-0.7299999600	0.0603832420	0.0038988957	-0.1320437000
-0.1344893700	-0.7299999600	0.0604940350	0.0040009664	-0.1269138800
-0.1291578100	-0.7299999600	0.0608119670	0.0043088742	-0.1128058100
-0.1264164600	-0.7299999600	0.0609540120	0.0037688003	-0.1122394800
-0.1224473800	-0.7299999600	0.0611505430	0.0038980514	-0.1054146900
-0.1169005500	-0.7299999600	0.0613844130	0.0038971570	-0.1077072000
-0.1150150900	-0.7299999600	0.0614593590	0.0039411449	-0.1036527500
-0.1111977100	-0.7299999600	0.0615784530	0.0038480712	-0.1070881000
-0.1040102100	-0.7299999600	0.0617885740	0.0039940128	-0.1001260700
-0.0966439170	-0.7299999600	0.0619177590	0.0040667141	-0.0984368250
-0.0929444660	-0.7299999600	0.0619888980	0.0042053758	-0.0937073530
-0.0924802940	-0.7299999600	0.0619950560	0.0042007815	-0.0925889310
-0.0851369050	-0.7299999600	0.0620515230	0.0039174806	-0.0900892540
-0.0843911840	-0.7299999600	0.0620563510	0.0039030345	-0.0890782770
-0.0819462020	-0.7299999600	0.0620572750	0.0038333362	-0.0880119430
-0.0769318710	-0.7299999600	0.0620569290	0.0036899520	-0.0773186680
-0.0678780820	-0.7299999600	0.0619900260	0.0038684067	-0.0833440500
-0.0677407680	-0.7299999600	0.0619890620	0.0038709671	-0.0832825010
-0.0677222980	-0.7299999600	0.0619888160	0.0038709099	-0.0832816060
-0.0675345960	-0.7299999600	0.0619858130	0.0038669633	-0.0830085130
-0.0582635070	-0.7299999600	0.0618415180	0.0036407986	-0.0638773590
-0.0523330420	-0.7299999600	0.0617083870	0.0036554717	-0.0612495470
-0.0485460680	-0.7299999600	0.0616185110	0.0036371698	-0.0568041690
-0.0374878460	-0.7299999600	0.0612742120	0.0034602059	-0.0558100380
-0.0369123180	-0.7299999600	0.0612557420	0.0034637950	-0.0558112560
-0.0247160620	-0.7299999600	0.0607713570	0.0033405930	-0.0539943050
-0.0244959130	-0.7299999600	0.0607626210	0.0033375541	-0.0534775110
-0.0242866390	-0.7299999600	0.0607531700	0.0033367564	-0.0535478220
-0.0101216990	-0.7299999600	0.0600615180	0.0032853143	-0.0389596450
-0.0085277082	-0.7299999600	0.0599783060	0.0032769938	-0.0389967150
0.0060586985	-0.7299999600	0.0591226480	0.0033703034	-0.0355701220
0.0071276012	-0.7299999600	0.0590589340	0.0033792195	-0.0334931610
0.0088825477	-0.7299999600	0.0589444750	0.0033731007	-0.0331095680
0.0167239770	-0.7299999600	0.0584249500	0.0033895200	-0.0266078210
0.0220273880	-0.7299999600	0.0580494180	0.0033699914	-0.0222918340
0.0250121630	-0.7299999600	0.0578387190	0.0033730821	-0.0203307920
0.0304511510	-0.7299999600	0.0574317840	0.0033367886	-0.0212095750
0.0358637010	-0.7299999600	0.0570138060	0.0032979604	-0.0171264040
0.0463309470	-0.7299999600	0.0561643690	0.0031908826	-0.0040022442
0.0486546380	-0.7299999600	0.0559704450	0.0031736156	-0.0010959756
0.0611945500	-0.7299999600	0.0548692460	0.0029307360	0.0006777361
0.0642261430	-0.7299999600	0.0545956860	0.0029021299	0.0016517879
0.0688901170	-0.7299999600	0.0541563970	0.0029022412	0.0057701888
0.0753489140	-0.7299999600	0.0535476770	0.0028262681	0.0102305640
0.0874464960	-0.7299999600	0.0523459950	0.0027739141	0.0173670220
0.0883929580	-0.7299999600	0.0522519980	0.0027644819	0.0180020130
0.1040173500	-0.7299999600	0.0506075210	0.0027036515	0.0212169960
0.1050253600	-0.7299999600	0.0505012120	0.0026966457	0.0213121340
1 2 
2 3 
3 4 
4 5 
5 6 
6 7 
7 8 
8 9 
9 10 
10 11 
11 12 
12 13 
13 14 
14 15 
15 16 
16 17 
17 18 
18 19 
19 20 
20 21 
21 22 
22 23 
23 24 
24 25 
25 26 
26 27 
27 28 
28 29 
29 30 
30 31 
31 32 
32 33 
33 34 
34 35 
35 36 
36 37 
37 38 
38 39 
39 40 
40 41 
41 42 
42 43 
43 44 
44 45 
45 46 
46 47 
47 48 
48 49 
49 50 
50 51 
51 52 
52 53 
53 54 
54 55 
55 56 
56 57 
57 58 
58 59 
59 60 
60 61 
61 62 
62 63 
63 64 
64 65 
65 66 
66 67 
67 68 
68 69 
69 70 
70 71 
71 72 
72 73 
73 74 
74 75 
75 76 
76 77 
77 78 
78 79 
79 80 
80 81 
81 82 
82 83 
83 84 
84 85 
85 86 
86 87 
87 88 
88 89 
89 90 
90 91 
91 92 
92 93 
93 94 
94 95 
95 96 
96 97 
97 98 
98 99 
99 100 
100 101 
101 102 
102 103 
103 104 
104 105 
105 106 
106 107 
107 108 
108 109 
109 110 
110 111 
111 112 
112 113 
113 114 
114 115 
115 116 
116 117 
117 118 
118 119 
119 120 
120 121 
121 122 
122 123 
123 124 
124 125 
125 126 
126 127 
127 128 
128 129 
129 130 
130 131 
131 132 
132 133 
133 134 
134 135 
135 136 
136 137 
137 138 
138 139 
139 140 
140 141 
141 142 
142 143 
143 144 
144 145 
145 146 
146 147 
147 148 
148 149 
149 150 
150 151 
151 152 
152 153 
153 154 
154 155 
155 156 
156 157 
157 158 
158 159 
159 160 
160 161 
161 162 
162 163 
163 164 
164 165 
165 166 
166 167 
167 168 
168 169 
169 170 
170 171 
171 172 
172 173 
173 174 
174 175 
175 176 
176 177 
177 178 
178 179 
179 180 
180 181 
181 182 
182 183 
183 184 
184 185 
185 186 
186 187 
187 188 
188 189 
189 190 
190 191 
191 192 
192 193 
193 194 
194 195 
195 196 
196 197 
197 198 
198 199 
199 200 
200 201 
201 202 
202 203 
203 204 
204 205 
205 206 
206 207 
207 208 
208 209 
209 210 
210 211 
211 212 
212 213 
213 214 
214 215 
215 216 
216 217 
217 218 
218 219 
219 220 
220 221 
221 222 
222 223 
223 224 
224 225 
225 226 
226 227 
227 228 
228 229 
229 230 
230 231 
231 232 
232 233 
233 234 
234 235 
235 236 
236 237 
237 238 
238 239 
239 240 
240 241 
241 242 
242 243 
243 244 
244 245 
245 246 
246 247 
247 248 
248 249 
249 250 
250 251 
251 252 
252 253 
253 254 
254 255 
255 256 
256 257 
257 258 
258 259 
259 260 
260 261 
261 262 
262 263 
263 264 
264 265 
265 266 
266 267 
267 268 
268 269 
269 270 
270 271 
271 272 
272 273 
273 274 
274 275 
275 276 
276 277 
277 278 
278 279 
279 280 
280 281 
281 282 
282 283 
283 284 
284 285 
285 286 
286 287 
287 288 
288 289 
289 290 
290 291 
291 292 
292 293 
293 294 
294 295 
295 296 
296 297 
297 298 
298 299 
299 300 
300 301 
301 302 
302 303 
303 304 
304 305 
305 306 
306 307 
307 308 
308 309 
309 310 
310 311 
311 312 
312 313 
313 314 
314 315 
315 316 
316 317 
317 318 
318 319 
319 320 
320 321 
321 322 
322 323 
323 324 
324 325 
325 326 
326 327 
327 328 
328 329 
329 330 
330 331 
331 332 
332 333 
333 334 
334 335 
335 336 
336 337 
337 338 
338 339 
339 340 
340 341 
341 342 
342 343 
343 344 
344 345 
345 346 
346 347 
347 348 
348 349 
349 350 
350 351 
351 352 
352 353 
353 354 
354 355 
355 356 
356 357 
357 358 
358 359 
359 360 
360 361 
361 362 
362 363 
363 364 
