TITLE     = "Surface mesh and solution"
VARIABLES = "x"
"y"
"z"
"cfx"
"Cp"
ZONE T="Slice: Y=-0.001"
STRANDID=0, SOLUTIONTIME=0
Nodes=219, Elements=218, ZONETYPE=FELineSeg
DATAPACKING=POINT
DT=(DOUBLE DOUBLE DOUBLE DOUBLE DOUBLE )
0.1827044000	-0.0009999500	0.0410374140	0.0022367187	-0.0250984650
0.1913204500	-0.0009999500	0.0398680680	0.0021994970	-0.0173354600
0.2137894600	-0.0009999500	0.0367412940	0.0020850188	0.0029752208
0.2230526100	-0.0009999500	0.0354054720	0.0020476503	0.0111831990
0.2476449800	-0.0009999500	0.0317768160	0.0019326492	0.0323987790
0.2577575100	-0.0009999500	0.0302353430	0.0018923856	0.0410055480
0.2841571600	-0.0009999500	0.0261247740	0.0017734247	0.0628977420
0.2950834300	-0.0009999500	0.0243716130	0.0017322914	0.0719508380
0.3212350600	-0.0009999500	0.0201000240	0.0016136322	0.0947246180
0.3335552200	-0.0009999500	0.0180262570	0.0015688893	0.1045523300
0.3663217700	-0.0009999500	0.0124164360	0.0014521560	0.1295772600
0.3800869600	-0.0009999500	0.0099901091	0.0014060282	0.1402254100
0.4162242700	-0.0009999500	0.0035024725	0.0012970344	0.1670313000
0.4313677300	-0.0009999500	0.0007113180	0.0012468101	0.1782176900
0.4714317000	-0.0009999500	-0.0068210340	0.0011341788	0.2072075000
0.4875011700	-0.0009999500	-0.0099173179	0.0010801398	0.2187479000
0.5348708600	-0.0009999500	-0.0192490390	0.0009610980	0.2498318100
0.5511527700	-0.0009999500	-0.0225300860	0.0009100852	0.2614510100
0.5903646300	-0.0009999500	-0.0306015160	0.0007774472	0.2891382600
0.6026916500	-0.0009999500	-0.0331849200	0.0007059316	0.2990782000
0.6241120700	-0.0009999500	-0.0377463330	0.0006131561	0.3151003400
0.6347060800	-0.0009999500	-0.0400149670	0.0005779535	0.3231352000
0.6487884500	-0.0009999500	-0.0430820400	0.0005233790	0.3357681600
0.6564483000	-0.0009999500	-0.0447513760	0.0004923127	0.3421667200
0.6655888000	-0.0009999500	-0.0467695440	0.0004584071	0.3514477000
0.6706393400	-0.0009999500	-0.0478853250	0.0004366364	0.3559700500
0.6784878400	-0.0009999500	-0.0496349300	0.0004115973	0.3635410100
0.6821476200	-0.0009999500	-0.0504518080	0.0003970370	0.3669755800
0.6878941700	-0.0009999500	-0.0517422630	0.0003746843	0.3732738200
0.6906039100	-0.0009999500	-0.0523518440	0.0003618673	0.3759182400
0.6957069600	-0.0009999500	-0.0535042580	0.0003387232	0.3814434400
0.6980227800	-0.0009999500	-0.0540285000	0.0003261129	0.3837715400
0.7037103800	-0.0009999500	-0.0553200430	0.0003037889	0.3894233100
0.7059454300	-0.0009999500	-0.0558292010	0.0002911411	0.3916844700
0.7115819500	-0.0009999500	-0.0571165720	0.0002615359	0.3975060300
0.7138193800	-0.0009999500	-0.0576296780	0.0002487147	0.3997497000
0.7200360300	-0.0009999500	-0.0590581040	0.0002206442	0.4060032100
0.7219877200	-0.0009999500	-0.0595088750	0.0002105356	0.4080202900
0.7286840700	-0.0009999500	-0.0610572400	0.0001827580	0.4150453200
0.7300416800	-0.0009999500	-0.0613729430	0.0001786443	0.4164741900
0.7307962200	-0.0009999500	-0.0615484490	0.0001719836	0.4172642500
0.7324587700	-0.0009999500	-0.0619348810	0.0001435725	0.4187832500
0.7375392300	-0.0009999500	-0.0631164390	0.0000743566	0.4232889100
0.7415227900	-0.0009999500	-0.0640471730	0.0001441651	0.4271472400
0.7431134600	-0.0009999500	-0.0644206780	0.0001749118	0.4288500500
0.7441456300	-0.0009999500	-0.0646633800	0.0002637485	0.4291935600
0.7471460100	-0.0009999500	-0.0653668050	0.0004268451	0.4319002000
0.7440666000	-0.0009999500	-0.0655386750	0.0005335235	0.4255675400
0.7429509200	-0.0009999500	-0.0656016620	0.0005465689	0.4241549100
0.7413265700	-0.0009999500	-0.0656925890	0.0005361966	0.4215239900
0.7365883600	-0.0009999500	-0.0659532030	0.0004837699	0.4132955400
0.7339652200	-0.0009999500	-0.0660976020	0.0005022025	0.4098295600
0.7278778000	-0.0009999500	-0.0664246600	0.0005483952	0.4019823700
0.7246790500	-0.0009999500	-0.0665937290	0.0005892851	0.3977628400
0.7159188400	-0.0009999500	-0.0670489450	0.0006786316	0.3876404800
0.7116987700	-0.0009999500	-0.0672640130	0.0007174686	0.3830645100
0.6996952900	-0.0009999500	-0.0678607230	0.0008015986	0.3708278500
0.6947395800	-0.0009999500	-0.0680997740	0.0008396677	0.3661490400
0.6790629600	-0.0009999500	-0.0688339320	0.0009234360	0.3524349000
0.6722888900	-0.0009999500	-0.0691353830	0.0009639732	0.3473335500
0.6503053900	-0.0009999500	-0.0700800870	0.0010911938	0.3315640400
0.6412051300	-0.0009999500	-0.0704393830	0.0011363380	0.3259332500
0.6068336400	-0.0009999500	-0.0717189390	0.0012998170	0.3067602200
0.5945163400	-0.0009999500	-0.0721230800	0.0013486832	0.3005724000
0.5431795700	-0.0009999500	-0.0736088980	0.0015065927	0.2793477800
0.5288310600	-0.0009999500	-0.0739542620	0.0015505625	0.2734127300
0.4847861200	-0.0009999500	-0.0748426020	0.0016867361	0.2564063100
0.4704494200	-0.0009999500	-0.0750697030	0.0017258396	0.2513282000
0.4296016400	-0.0009999500	-0.0755700620	0.0018179509	0.2376646000
0.4153754700	-0.0009999500	-0.0756801070	0.0018509808	0.2332297600
0.3779010200	-0.0009999500	-0.0758426490	0.0019245698	0.2218780500
0.3651450900	-0.0009999500	-0.0758456810	0.0019443543	0.2185175000
0.3339823800	-0.0009999500	-0.0757326190	0.0019152732	0.2117750600
0.3223522600	-0.0009999500	-0.0756644980	0.0019440357	0.2090453800
0.2978354700	-0.0009999500	-0.0753965750	0.0020841349	0.2037301700
0.2867549400	-0.0009999500	-0.0752562430	0.0021168996	0.2014707300
0.2622270600	-0.0009999500	-0.0748237670	0.0022574244	0.1970529400
0.2514454100	-0.0009999500	-0.0746044960	0.0022825811	0.1953659200
0.2253759800	-0.0009999500	-0.0739470420	0.0023747988	0.1920495200
0.2150695200	-0.0009999500	-0.0736531470	0.0023952256	0.1908515500
0.1907038200	-0.0009999500	-0.0728315710	0.0024727018	0.1886951200
0.1810985100	-0.0009999500	-0.0724739510	0.0024901460	0.1880001600
0.1582001900	-0.0009999500	-0.0714992510	0.0025554081	0.1870088400
0.1493350000	-0.0009999500	-0.0710886340	0.0025676442	0.1867826700
0.1278917800	-0.0009999500	-0.0699787140	0.0026208513	0.1868541800
0.1195875800	-0.0009999500	-0.0695151910	0.0026292789	0.1870401200
0.0994007510	-0.0009999500	-0.0682737530	0.0026724673	0.1881017700
0.0916685540	-0.0009999500	-0.0677665470	0.0026791775	0.1886875300
0.0731632260	-0.0009999500	-0.0664418640	0.0027163344	0.1907137500
0.0658681690	-0.0009999500	-0.0658892470	0.0027209761	0.1916470400
0.0481724290	-0.0009999500	-0.0644379780	0.0027486893	0.1945144500
0.0413559040	-0.0009999500	-0.0638491440	0.0027525435	0.1957802900
0.0247335690	-0.0009999500	-0.0623026640	0.0027734958	0.1995301800
0.0183491520	-0.0009999500	-0.0616792960	0.0027788114	0.2011736200
0.0026822260	-0.0009999500	-0.0600423850	0.0028030809	0.2058738900
-0.0033306035	-0.0009999500	-0.0593843910	0.0028095108	0.2078825400
-0.0180291920	-0.0009999500	-0.0576739200	0.0028341987	0.2135002200
-0.0237557780	-0.0009999500	-0.0569763560	0.0028432082	0.2158803500
-0.0376635340	-0.0009999500	-0.0551825800	0.0028656056	0.2222875800
-0.0429679640	-0.0009999500	-0.0544683860	0.0028780831	0.2250080700
-0.0559566210	-0.0009999500	-0.0526211970	0.0029066060	0.2323749200
-0.0608025300	-0.0009999500	-0.0519057510	0.0029240687	0.2354121700
-0.0732469410	-0.0009999500	-0.0499628600	0.0029629520	0.2440104000
-0.0778453720	-0.0009999500	-0.0492210840	0.0029794939	0.2475610200
-0.0900249260	-0.0009999500	-0.0471352820	0.0030236964	0.2579489900
-0.0944905800	-0.0009999500	-0.0463473460	0.0030386108	0.2619476300
-0.1062477500	-0.0009999500	-0.0441420560	0.0030910688	0.2741324300
-0.1102057100	-0.0009999500	-0.0433777680	0.0031009138	0.2783553900
-0.1227226100	-0.0009999500	-0.0408045910	0.0031624764	0.2943057400
-0.1261304300	-0.0009999500	-0.0400755850	0.0031625749	0.2988791800
-0.1382276900	-0.0009999500	-0.0373419560	0.0031864647	0.3173466300
-0.1411998300	-0.0009999500	-0.0366404130	0.0031839645	0.3221380400
-0.1532018900	-0.0009999500	-0.0336459990	0.0031862281	0.3433668900
-0.1558631200	-0.0009999500	-0.0329573970	0.0031801347	0.3485322900
-0.1670475600	-0.0009999500	-0.0298580360	0.0031617648	0.3745092700
-0.1690618200	-0.0009999500	-0.0292928200	0.0031670379	0.3792349700
-0.1710591000	-0.0009999500	-0.0286897160	0.0031533065	0.3848450800
-0.1805929800	-0.0009999500	-0.0257585610	0.0031785770	0.4145119200
-0.1829069400	-0.0009999500	-0.0249999610	0.0031637726	0.4222317900
-0.1907165200	-0.0009999500	-0.0223452580	0.0031264520	0.4518121200
-0.1930067700	-0.0009999500	-0.0215206480	0.0031021754	0.4610825800
-0.2001898600	-0.0009999500	-0.0188256710	0.0030487932	0.4935154900
-0.2022488100	-0.0009999500	-0.0180085470	0.0030123484	0.5042206000
-0.2080490900	-0.0009999500	-0.0156011610	0.0029255018	0.5385405400
-0.2099375300	-0.0009999500	-0.0147759810	0.0028822506	0.5504683300
-0.2150065300	-0.0009999500	-0.0124513770	0.0027666962	0.5860169500
-0.2166818100	-0.0009999500	-0.0116465120	0.0027196913	0.5989462100
-0.2206203000	-0.0009999500	-0.0096490514	0.0025821757	0.6351552000
-0.2221641400	-0.0009999500	-0.0088327937	0.0025307385	0.6494086400
-0.2257587300	-0.0009999500	-0.0068169255	0.0023604488	0.6884870500
-0.2271574000	-0.0009999500	-0.0059956876	0.0022996059	0.7038965200
-0.2304549400	-0.0009999500	-0.0039304155	0.0020771332	0.7467271700
-0.2317002400	-0.0009999500	-0.0031081580	0.0020016062	0.7629343300
-0.2347477700	-0.0009999500	-0.0009465857	0.0017335031	0.8095310300
-0.2358166000	-0.0009999500	-0.0001351383	0.0016525015	0.8258456600
-0.2386155100	-0.0009999500	0.0021614945	0.0013156261	0.8737562900
-0.2395552100	-0.0009999500	0.0030033707	0.0012199596	0.8891443000
-0.2420276900	-0.0009999500	0.0054314607	0.0007745147	0.9314804100
-0.2428370400	-0.0009999500	0.0063279998	0.0006422765	0.9437668900
-0.2449867000	-0.0009999500	0.0090002520	0.0000836624	0.9645676600
-0.2456501900	-0.0009999500	0.0099921310	-0.0000923456	0.9651457100
-0.2473147700	-0.0009999500	0.0129115170	-0.0005997272	0.9411507200
-0.2477574200	-0.0009999500	0.0140068410	-0.0006807707	0.9146240900
-0.2487638400	-0.0009999500	0.0171677150	-0.0007439714	0.8131864100
-0.2488784500	-0.0009999500	0.0186146700	-0.0004183056	0.7320143600
-0.2490418100	-0.0009999500	0.0218598190	0.0004111676	0.5691605200
-0.2483169300	-0.0009999500	0.0250268840	0.0021466853	0.3549872900
-0.2478883000	-0.0009999500	0.0264528300	0.0028762777	0.2466276400
-0.2464134500	-0.0009999500	0.0292761770	0.0045658820	0.0456051710
-0.2457055400	-0.0009999500	0.0303478200	0.0051172203	-0.0272385870
-0.2436639200	-0.0009999500	0.0328178630	0.0061896544	-0.1610439600
-0.2427749600	-0.0009999500	0.0337221620	0.0064615820	-0.1980436100
-0.2403191500	-0.0009999500	0.0358847230	0.0070019253	-0.2758551200
-0.2392943900	-0.0009999500	0.0366746900	0.0071015195	-0.2942068600
-0.2365267000	-0.0009999500	0.0385866540	0.0072994409	-0.3391066800
-0.2353862400	-0.0009999500	0.0392912920	0.0072931721	-0.3484054500
-0.2322964500	-0.0009999500	0.0410384350	0.0072996344	-0.3758634900
-0.2310543100	-0.0009999500	0.0416761930	0.0072507544	-0.3805736900
-0.2277013700	-0.0009999500	0.0432683450	0.0071431027	-0.3976001100
-0.2263593400	-0.0009999500	0.0438527240	0.0070744480	-0.3994281300
-0.2226542400	-0.0009999500	0.0453531070	0.0069099515	-0.4091119200
-0.2212142600	-0.0009999500	0.0458927640	0.0068415384	-0.4091306300
-0.2169692100	-0.0009999500	0.0473685530	0.0066348238	-0.4141038700
-0.2154506400	-0.0009999500	0.0478617770	0.0065779390	-0.4127432100
-0.2107205200	-0.0009999500	0.0492765160	0.0063678836	-0.4133330300
-0.2092037600	-0.0009999500	0.0497063400	0.0063273299	-0.4115012900
-0.2038255800	-0.0009999500	0.0510907020	0.0059918704	-0.4105468700
-0.2024953700	-0.0009999500	0.0514224800	0.0059791387	-0.4089771200
-0.2010605000	-0.0009999500	0.0517472590	0.0058570274	-0.4078668700
-0.1962320200	-0.0009999500	0.0528226610	0.0057264788	-0.4021837400
-0.1946855200	-0.0009999500	0.0531413110	0.0057176497	-0.3995937700
-0.1886421100	-0.0009999500	0.0543012840	0.0054477274	-0.3945263300
-0.1871261700	-0.0009999500	0.0545803570	0.0054338299	-0.3923486500
-0.1855218900	-0.0009999500	0.0548475530	0.0053476646	-0.3904635300
-0.1795910100	-0.0009999500	0.0558242950	0.0052334443	-0.3826676600
-0.1778428700	-0.0009999500	0.0560854380	0.0052259745	-0.3801629200
-0.1700156300	-0.0009999500	0.0571704470	0.0050037235	-0.3723632400
-0.1682646000	-0.0009999500	0.0574001150	0.0049936104	-0.3701055300
-0.1663067000	-0.0009999500	0.0576284640	0.0049187141	-0.3678771600
-0.1588858100	-0.0009999500	0.0584732410	0.0048029101	-0.3589184000
-0.1567014300	-0.0009999500	0.0586974210	0.0047869391	-0.3561097700
-0.1483092300	-0.0009999500	0.0594693530	0.0046053715	-0.3474615200
-0.1460809100	-0.0009999500	0.0596644470	0.0045927819	-0.3448926200
-0.1436589100	-0.0009999500	0.0598459690	0.0044908727	-0.3423051500
-0.1360340100	-0.0009999500	0.0603954270	0.0043922233	-0.3334302300
-0.1331673900	-0.0009999500	0.0605763230	0.0043803675	-0.3301710500
-0.1245741500	-0.0009999500	0.0610432620	0.0042941263	-0.3212831000
-0.1215243900	-0.0009999500	0.0611926910	0.0042735276	-0.3178500200
-0.1119837200	-0.0009999500	0.0615568530	0.0041844634	-0.3081430500
-0.1088638300	-0.0009999500	0.0616611990	0.0041597631	-0.3048571900
-0.0984019190	-0.0009999500	0.0619023410	0.0040439516	-0.2942594000
-0.0950797130	-0.0009999500	0.0619575120	0.0039912578	-0.2910810700
-0.0849285270	-0.0009999500	0.0620501120	0.0038883397	-0.2806384000
-0.0812749790	-0.0009999500	0.0620584640	0.0038491521	-0.2770032000
-0.0705801840	-0.0009999500	0.0620142370	0.0037629194	-0.2665443400
-0.0665123240	-0.0009999500	0.0619695480	0.0037311680	-0.2625075300
-0.0556444670	-0.0009999500	0.0617864880	0.0036516121	-0.2515651300
-0.0512841940	-0.0009999500	0.0616832080	0.0036244209	-0.2471841400
-0.0396638770	-0.0009999500	0.0613469560	0.0035473662	-0.2356987100
-0.0350547580	-0.0009999500	0.0611826780	0.0035260240	-0.2311206800
-0.0230017830	-0.0009999500	0.0606932900	0.0034480850	-0.2193570000
-0.0181878150	-0.0009999500	0.0604667440	0.0034276254	-0.2146200500
-0.0053785960	-0.0009999500	0.0598021890	0.0033379463	-0.2022075800
-0.0002474738	-0.0009999500	0.0595040540	0.0033146840	-0.1972145100
0.0135620490	-0.0009999500	0.0586363450	0.0032220167	-0.1839791100
0.0189850030	-0.0009999500	0.0582626830	0.0031993388	-0.1786858000
0.0334510730	-0.0009999500	0.0572009090	0.0031058935	-0.1647711500
0.0392809700	-0.0009999500	0.0567380750	0.0030783009	-0.1591946800
0.0546756130	-0.0009999500	0.0554496240	0.0029629757	-0.1444893600
0.0607956160	-0.0009999500	0.0549016890	0.0029287181	-0.1385888000
0.0768622610	-0.0009999500	0.0533972870	0.0028200007	-0.1231287800
0.0833963900	-0.0009999500	0.0527487470	0.0027881945	-0.1169416800
0.1009198900	-0.0009999500	0.0509396230	0.0026800883	-0.1007524000
0.1078230800	-0.0009999500	0.0501890150	0.0026473923	-0.0942917690
0.1262299300	-0.0009999500	0.0481155550	0.0025361761	-0.0770820010
0.1336875300	-0.0009999500	0.0472357500	0.0025010027	-0.0701517460
0.1535135200	-0.0009999500	0.0448213440	0.0023874361	-0.0517616160
0.1614853000	-0.0009999500	0.0438089670	0.0023516390	-0.0443860140
0.1827044000	-0.0009999500	0.0410374140	0.0022367187	-0.0250984650
1 2 
2 3 
3 4 
4 5 
5 6 
6 7 
7 8 
8 9 
9 10 
10 11 
11 12 
12 13 
13 14 
14 15 
15 16 
16 17 
17 18 
18 19 
19 20 
20 21 
21 22 
22 23 
23 24 
24 25 
25 26 
26 27 
27 28 
28 29 
29 30 
30 31 
31 32 
32 33 
33 34 
34 35 
35 36 
36 37 
37 38 
38 39 
39 40 
40 41 
41 42 
42 43 
43 44 
44 45 
45 46 
46 47 
47 48 
48 49 
49 50 
50 51 
51 52 
52 53 
53 54 
54 55 
55 56 
56 57 
57 58 
58 59 
59 60 
60 61 
61 62 
62 63 
63 64 
64 65 
65 66 
66 67 
67 68 
68 69 
69 70 
70 71 
71 72 
72 73 
73 74 
74 75 
75 76 
76 77 
77 78 
78 79 
79 80 
80 81 
81 82 
82 83 
83 84 
84 85 
85 86 
86 87 
87 88 
88 89 
89 90 
90 91 
91 92 
92 93 
93 94 
94 95 
95 96 
96 97 
97 98 
98 99 
99 100 
100 101 
101 102 
102 103 
103 104 
104 105 
105 106 
106 107 
107 108 
108 109 
109 110 
110 111 
111 112 
112 113 
113 114 
114 115 
115 116 
116 117 
117 118 
118 119 
119 120 
120 121 
121 122 
122 123 
123 124 
124 125 
125 126 
126 127 
127 128 
128 129 
129 130 
130 131 
131 132 
132 133 
133 134 
134 135 
135 136 
136 137 
137 138 
138 139 
139 140 
140 141 
141 142 
142 143 
143 144 
144 145 
145 146 
146 147 
147 148 
148 149 
149 150 
150 151 
151 152 
152 153 
153 154 
154 155 
155 156 
156 157 
157 158 
158 159 
159 160 
160 161 
161 162 
162 163 
163 164 
164 165 
165 166 
166 167 
167 168 
168 169 
169 170 
170 171 
171 172 
172 173 
173 174 
174 175 
175 176 
176 177 
177 178 
178 179 
179 180 
180 181 
181 182 
182 183 
183 184 
184 185 
185 186 
186 187 
187 188 
188 189 
189 190 
190 191 
191 192 
192 193 
193 194 
194 195 
195 196 
196 197 
197 198 
198 199 
199 200 
200 201 
201 202 
202 203 
203 204 
204 205 
205 206 
206 207 
207 208 
208 209 
209 210 
210 211 
211 212 
212 213 
213 214 
214 215 
215 216 
216 217 
217 218 
218 219 
ZONE T="Slice: Y=-0.035"
STRANDID=0, SOLUTIONTIME=0
Nodes=171, Elements=170, ZONETYPE=FELineSeg
DATAPACKING=POINT
DT=(DOUBLE DOUBLE DOUBLE DOUBLE DOUBLE )
0.1542070100	-0.0349999520	0.0447367090	0.0029883325	-0.0555104090
0.1616302300	-0.0349999520	0.0437579860	0.0029557886	-0.0487566740
0.1923673000	-0.0349999520	0.0397281650	0.0028159704	-0.0207399840
0.2003485300	-0.0349999520	0.0386259220	0.0027778593	-0.0135943460
0.2312627000	-0.0349999520	0.0342070200	0.0026328794	0.0140329470
0.2404871000	-0.0349999520	0.0328494500	0.0025849280	0.0221403950
0.2686514900	-0.0349999520	0.0285610500	0.0024423293	0.0462349800
0.2730160400	-0.0349999520	0.0278816990	0.0024193257	0.0499237030
0.3014579400	-0.0349999520	0.0233431380	0.0022576934	0.0732653590
0.3148494400	-0.0349999520	0.0211499260	0.0021889438	0.0841067430
0.3457424000	-0.0349999520	0.0159579290	0.0020449942	0.1092220700
0.3639848800	-0.0349999520	0.0128210650	0.0019601389	0.1237004000
0.3966934700	-0.0349999520	0.0070264474	0.0018252599	0.1489035200
0.4138833600	-0.0349999520	0.0039328667	0.0017537906	0.1620640200
0.4562647300	-0.0349999520	-0.0039523542	0.0015912141	0.1931997500
0.4677876500	-0.0349999520	-0.0061156717	0.0015474549	0.2014779300
0.4966035800	-0.0349999520	-0.0117475440	0.0014425964	0.2219696500
0.5284735000	-0.0349999520	-0.0179591610	0.0013185603	0.2446752800
0.5403859000	-0.0349999520	-0.0203714610	0.0012773621	0.2533877500
0.5903095000	-0.0349999520	-0.0305889380	0.0010973588	0.2889005800
0.6073450400	-0.0349999520	-0.0341897830	0.0010296013	0.3020890100
0.6298653500	-0.0349999520	-0.0389699000	0.0009463380	0.3205491600
0.6529825300	-0.0349999520	-0.0439999960	0.0008269514	0.3395492400
0.6613432800	-0.0349999520	-0.0458203700	0.0007871874	0.3465019200
0.6851118800	-0.0349999520	-0.0511029550	0.0006571359	0.3696658000
0.6854863800	-0.0349999520	-0.0511866700	0.0006547903	0.3700528700
0.7070305900	-0.0349999520	-0.0560622250	0.0005192286	0.3915669000
0.7103422300	-0.0349999520	-0.0568198790	0.0004971089	0.3949151600
0.7231098400	-0.0349999520	-0.0597552210	0.0003954672	0.4092336000
0.7257975900	-0.0349999520	-0.0603768420	0.0003697380	0.4126319600
0.7295119800	-0.0349999520	-0.0612423380	0.0003485195	0.4169520700
0.7373827100	-0.0349999520	-0.0630737690	0.0003102345	0.4260173100
0.7408242200	-0.0349999520	-0.0638805780	0.0003778771	0.4296656800
0.7448318600	-0.0349999520	-0.0648218170	0.0005854698	0.4327921600
0.7471460100	-0.0349999520	-0.0653668050	0.0010006887	0.4346534300
0.7445218600	-0.0349999520	-0.0655158310	0.0009827344	0.4305720000
0.7415313100	-0.0349999520	-0.0656843410	0.0010056533	0.4255265900
0.7359820600	-0.0349999520	-0.0659922960	0.0009833460	0.4152500900
0.7304636200	-0.0349999520	-0.0662942230	0.0010532592	0.4065713000
0.7254674400	-0.0349999520	-0.0665625930	0.0011219137	0.3984426600
0.7212508900	-0.0349999520	-0.0667827200	0.0011632998	0.3930869400
0.7136356200	-0.0349999520	-0.0671798440	0.0012322391	0.3847816000
0.7012596700	-0.0349999520	-0.0677950610	0.0013464949	0.3715064200
0.6889248500	-0.0349999520	-0.0683882240	0.0014521727	0.3597090500
0.6614884100	-0.0349999520	-0.0696146120	0.0016125815	0.3395585400
0.6475167900	-0.0349999520	-0.0701917480	0.0016972511	0.3298512100
0.6167635900	-0.0349999520	-0.0713624130	0.0018346393	0.3111751400
0.5830455400	-0.0349999520	-0.0724701580	0.0019503575	0.2947161800
0.5579208700	-0.0349999520	-0.0732189120	0.0020333625	0.2831966000
0.5028999400	-0.0349999520	-0.0745154320	0.0022127356	0.2608775800
0.5004734400	-0.0349999520	-0.0745657160	0.0022202417	0.2599329700
0.4951306000	-0.0349999520	-0.0746445580	0.0022357510	0.2580515100
0.4471279400	-0.0349999520	-0.0753879920	0.0023691374	0.2408932400
0.4305348700	-0.0349999520	-0.0755512420	0.0024100855	0.2355960000
0.3914818200	-0.0349999520	-0.0758066250	0.0025117215	0.2237408300
0.3620901100	-0.0349999520	-0.0758226290	0.0025873143	0.2157497900
0.3375652400	-0.0349999520	-0.0757603500	0.0026452808	0.2095240200
0.2876415300	-0.0349999520	-0.0752615180	0.0027550355	0.1988958000
0.2851044800	-0.0349999520	-0.0752335270	0.0027600723	0.1983584200
0.2832280700	-0.0349999520	-0.0751992460	0.0027631310	0.1980451800
0.2329903200	-0.0349999520	-0.0741616860	0.0028456360	0.1899107700
0.2306578200	-0.0349999520	-0.0740996380	0.0028478969	0.1896112600
0.2123925500	-0.0349999520	-0.0735110860	0.0028584292	0.1878343100
0.1868768900	-0.0349999520	-0.0726974230	0.0028715393	0.1853155600
0.1837757100	-0.0349999520	-0.0725746900	0.0028740296	0.1850891700
0.1450197200	-0.0349999520	-0.0708762030	0.0028838791	0.1833832700
0.1347877200	-0.0349999520	-0.0703435090	0.0028874002	0.1834635300
0.1069188500	-0.0349999520	-0.0687477440	0.0028889227	0.1843249800
0.0969192530	-0.0349999520	-0.0681099220	0.0028816757	0.1848706900
0.0687353760	-0.0349999520	-0.0660971630	0.0028652282	0.1875831000
0.0576251670	-0.0349999520	-0.0652194990	0.0028581253	0.1890911000
0.0260117040	-0.0349999520	-0.0624139200	0.0028768323	0.1954034100
0.0161822080	-0.0349999520	-0.0614490990	0.0028881281	0.1977283500
-0.0121178020	-0.0349999520	-0.0583745840	0.0029771023	0.2067118100
-0.0164163800	-0.0349999520	-0.0578638870	0.0029879771	0.2083591100
-0.0416467380	-0.0349999520	-0.0546484850	0.0030618396	0.2190988800
-0.0500991530	-0.0349999520	-0.0534308140	0.0030917534	0.2236214300
-0.0654808950	-0.0349999520	-0.0511945260	0.0031598000	0.2320901500
-0.0742969660	-0.0349999520	-0.0497879500	0.0031841841	0.2383080900
-0.0915899050	-0.0349999520	-0.0468493140	0.0032122698	0.2520946600
-0.0951125700	-0.0349999520	-0.0462374580	0.0032076668	0.2550947700
-0.0981010650	-0.0349999520	-0.0456661810	0.0032100018	0.2580652800
-0.1160449000	-0.0349999520	-0.0422027630	0.0032090309	0.2757509100
-0.1280509500	-0.0349999520	-0.0396255520	0.0031852308	0.2904718800
-0.1363901300	-0.0349999520	-0.0377605820	0.0031565045	0.3015545900
-0.1540074300	-0.0349999520	-0.0334134030	0.0031036969	0.3308393700
-0.1621426200	-0.0349999520	-0.0312189460	0.0030748363	0.3469419500
-0.1797456700	-0.0349999520	-0.0260050390	0.0030309674	0.3892645200
-0.1848762500	-0.0349999520	-0.0243195460	0.0030016594	0.4046495300
-0.1993687300	-0.0349999520	-0.0191205760	0.0028179119	0.4564434300
-0.2046276300	-0.0349999520	-0.0170034080	0.0027247263	0.4812488600
-0.2142476300	-0.0349999520	-0.0128019350	0.0025495624	0.5352067400
-0.2189957400	-0.0349999520	-0.0104598100	0.0024470225	0.5698229700
-0.2222807600	-0.0349999520	-0.0087693948	0.0023685690	0.5954212500
-0.2269173400	-0.0349999520	-0.0061148154	0.0021419728	0.6444103700
-0.2277527900	-0.0349999520	-0.0056416937	0.0021044495	0.6529241200
-0.2281548800	-0.0349999520	-0.0053861295	0.0020891823	0.6579501600
-0.2325851500	-0.0349999520	-0.0025058542	0.0019225651	0.7155196700
-0.2347157900	-0.0349999520	-0.0009533624	0.0018124434	0.7509733400
-0.2367444800	-0.0349999520	0.0005957431	0.0017222660	0.7858775300
-0.2395777100	-0.0349999520	0.0030257110	0.0015186832	0.8430776600
-0.2402649400	-0.0349999520	0.0036554751	0.0014575915	0.8582353600
-0.2424190200	-0.0349999520	0.0059136227	0.0011855831	0.9094414700
-0.2432087800	-0.0349999520	0.0067312275	0.0010905870	0.9282058500
-0.2433614300	-0.0349999520	0.0069158617	0.0010614166	0.9318792800
-0.2458563000	-0.0349999520	0.0102754280	0.0004706868	0.9867785000
-0.2462567200	-0.0349999520	0.0109490570	0.0003404445	0.9907125200
-0.2478848500	-0.0349999520	0.0142579500	-0.0002307463	0.9809528000
-0.2482663800	-0.0349999520	0.0153929600	-0.0003114100	0.9552254700
-0.2489403300	-0.0349999520	0.0181921650	-0.0003274706	0.8627244200
-0.2490613000	-0.0349999520	0.0213346180	0.0004883021	0.6598133400
-0.2490662500	-0.0349999520	0.0215698370	0.0005559496	0.6437897700
-0.2490026100	-0.0349999520	0.0218968060	0.0007210890	0.6137358000
-0.2484465800	-0.0349999520	0.0249083550	0.0022567343	0.3373830900
-0.2480710700	-0.0349999520	0.0259258230	0.0027558447	0.2370053400
-0.2469296500	-0.0349999520	0.0284295720	0.0039607155	-0.0042854152
-0.2461051600	-0.0349999520	0.0297605730	0.0045083208	-0.1173409800
-0.2444280400	-0.0349999520	0.0319614890	0.0053579079	-0.2808857300
-0.2434532300	-0.0349999520	0.0330504330	0.0057291380	-0.3471494900
-0.2412186900	-0.0349999520	0.0351370570	0.0063149623	-0.4400961100
-0.2405962000	-0.0349999520	0.0356738490	0.0064423123	-0.4595516900
-0.2374531900	-0.0349999520	0.0379889420	0.0068482633	-0.5138783500
-0.2373321800	-0.0349999520	0.0380733420	0.0068594234	-0.5155379800
-0.2367792700	-0.0349999520	0.0384051690	0.0068712001	-0.5186955900
-0.2335192100	-0.0349999520	0.0403809210	0.0069706318	-0.5375599300
-0.2323918000	-0.0349999520	0.0409742670	0.0069358757	-0.5394743100
-0.2287814800	-0.0349999520	0.0427793340	0.0068017495	-0.5432875800
-0.2258138800	-0.0349999520	0.0440551150	0.0066066098	-0.5393130800
-0.2226908800	-0.0349999520	0.0453426200	0.0064638216	-0.5323320600
-0.2155133500	-0.0349999520	0.0478311520	0.0062697169	-0.5126869100
-0.2148313100	-0.0349999520	0.0480608270	0.0062523375	-0.5105442400
-0.2126705300	-0.0349999520	0.0486489940	0.0061954953	-0.5044348800
-0.2044686500	-0.0349999520	0.0509254820	0.0060131199	-0.4788090300
-0.2022480800	-0.0349999520	0.0514802110	0.0059849770	-0.4740694800
-0.1999874400	-0.0349999520	0.0519802050	0.0059299081	-0.4684209200
-0.1900892600	-0.0349999520	0.0540324710	0.0056338596	-0.4435908500
-0.1892005800	-0.0349999520	0.0542066770	0.0055932050	-0.4413562100
-0.1881534600	-0.0349999520	0.0543847340	0.0055573382	-0.4394593500
-0.1778278900	-0.0349999520	0.0560785640	0.0052482345	-0.4185185700
-0.1716046500	-0.0349999520	0.0569627060	0.0051395161	-0.4079338900
-0.1588515900	-0.0349999520	0.0584455690	0.0049978061	-0.3857008800
-0.1565775000	-0.0349999520	0.0587117780	0.0049718415	-0.3816976500
-0.1529838600	-0.0349999520	0.0590107930	0.0049450553	-0.3766796600
-0.1401925700	-0.0349999520	0.0601088890	0.0048488523	-0.3579480100
-0.1341018800	-0.0349999520	0.0605064030	0.0047863622	-0.3498638900
-0.1220754400	-0.0349999520	0.0611505730	0.0046344650	-0.3338955300
-0.1165191300	-0.0349999520	0.0614002090	0.0045658526	-0.3268835200
-0.1028426100	-0.0349999520	0.0617918520	0.0043684442	-0.3118315900
-0.0997293220	-0.0349999520	0.0618838590	0.0043253074	-0.3082472700
-0.0968666970	-0.0349999520	0.0619118180	0.0042908501	-0.3051579900
-0.0828404800	-0.0349999520	0.0620589890	0.0041076994	-0.2899523700
-0.0746377780	-0.0349999520	0.0620271450	0.0040123228	-0.2813692400
-0.0653693450	-0.0349999520	0.0619541890	0.0039239093	-0.2715295300
-0.0505519810	-0.0349999520	0.0616613850	0.0037850376	-0.2560720700
-0.0461208490	-0.0349999520	0.0615451040	0.0037521579	-0.2512178700
-0.0276754680	-0.0349999520	0.0608899520	0.0036717577	-0.2312927200
-0.0225554000	-0.0349999520	0.0606677870	0.0036660853	-0.2260167000
-0.0005935972	-0.0349999520	0.0595272370	0.0036347390	-0.2036513400
0.0017062983	-0.0349999520	0.0593893570	0.0036277342	-0.2013520700
0.0249315160	-0.0349999520	0.0578424710	0.0035400724	-0.1789695500
0.0269653110	-0.0349999520	0.0576906280	0.0035299286	-0.1769712600
0.0517421850	-0.0349999520	0.0557061770	0.0034315384	-0.1528074000
0.0536500960	-0.0349999520	0.0555378200	0.0034231655	-0.1509607400
0.0808670970	-0.0349999520	0.0530039260	0.0033020893	-0.1248759400
0.0849180970	-0.0349999520	0.0525974110	0.0032804094	-0.1209756100
0.1146954200	-0.0349999520	0.0494255200	0.0031592703	-0.0925997120
0.1161396500	-0.0349999520	0.0492725150	0.0031531008	-0.0912215110
0.1163947300	-0.0349999520	0.0492439570	0.0031521708	-0.0909762230
0.1215479700	-0.0349999520	0.0486300850	0.0031299850	-0.0861441720
0.1527083400	-0.0349999520	0.0449234880	0.0029947680	-0.0568855400
0.1542070100	-0.0349999520	0.0447367090	0.0029883325	-0.0555104090
1 2 
2 3 
3 4 
4 5 
5 6 
6 7 
7 8 
8 9 
9 10 
10 11 
11 12 
12 13 
13 14 
14 15 
15 16 
16 17 
17 18 
18 19 
19 20 
20 21 
21 22 
22 23 
23 24 
24 25 
25 26 
26 27 
27 28 
28 29 
29 30 
30 31 
31 32 
32 33 
33 34 
34 35 
35 36 
36 37 
37 38 
38 39 
39 40 
40 41 
41 42 
42 43 
43 44 
44 45 
45 46 
46 47 
47 48 
48 49 
49 50 
50 51 
51 52 
52 53 
53 54 
54 55 
55 56 
56 57 
57 58 
58 59 
59 60 
60 61 
61 62 
62 63 
63 64 
64 65 
65 66 
66 67 
67 68 
68 69 
69 70 
70 71 
71 72 
72 73 
73 74 
74 75 
75 76 
76 77 
77 78 
78 79 
79 80 
80 81 
81 82 
82 83 
83 84 
84 85 
85 86 
86 87 
87 88 
88 89 
89 90 
90 91 
91 92 
92 93 
93 94 
94 95 
95 96 
96 97 
97 98 
98 99 
99 100 
100 101 
101 102 
102 103 
103 104 
104 105 
105 106 
106 107 
107 108 
108 109 
109 110 
110 111 
111 112 
112 113 
113 114 
114 115 
115 116 
116 117 
117 118 
118 119 
119 120 
120 121 
121 122 
122 123 
123 124 
124 125 
125 126 
126 127 
127 128 
128 129 
129 130 
130 131 
131 132 
132 133 
133 134 
134 135 
135 136 
136 137 
137 138 
138 139 
139 140 
140 141 
141 142 
142 143 
143 144 
144 145 
145 146 
146 147 
147 148 
148 149 
149 150 
150 151 
151 152 
152 153 
153 154 
154 155 
155 156 
156 157 
157 158 
158 159 
159 160 
160 161 
161 162 
162 163 
163 164 
164 165 
165 166 
166 167 
167 168 
168 169 
169 170 
170 171 
ZONE T="Slice: Y=-0.73"
STRANDID=0, SOLUTIONTIME=0
Nodes=194, Elements=193, ZONETYPE=FELineSeg
DATAPACKING=POINT
DT=(DOUBLE DOUBLE DOUBLE DOUBLE DOUBLE )
0.2222330100	-0.7299999600	0.0355131220	0.0026614837	0.0884475260
0.2460747500	-0.7299999600	0.0320115570	0.0025691897	0.0985762700
0.2688187400	-0.7299999600	0.0285026990	0.0025025152	0.1083839700
0.2937475100	-0.7299999600	0.0245951990	0.0023919518	0.1167364800
0.3309474000	-0.7299999600	0.0184484290	0.0022660917	0.1294548800
0.3396484900	-0.7299999600	0.0170098360	0.0022336500	0.1320509900
0.3469656700	-0.7299999600	0.0157509240	0.0022127210	0.1336703900
0.3882322300	-0.7299999600	0.0085474085	0.0021212648	0.1434206200
0.4031325900	-0.7299999600	0.0058830748	0.0020996982	0.1452264300
0.4253138000	-0.7299999600	0.0018294752	0.0021157319	0.1485136700
0.4322810800	-0.7299999600	0.0005568231	0.0021166077	0.1496392800
0.4487538300	-0.7299999600	-0.0025295294	0.0021439797	0.1496370000
0.4595022200	-0.7299999600	-0.0045415075	0.0021562315	0.1495744900
0.4619421400	-0.7299999600	-0.0050054868	0.0021616473	0.1493256700
0.4891139000	-0.7299999600	-0.0102150590	0.0022402507	0.1470192200
0.4953026800	-0.7299999600	-0.0114220890	0.0022639966	0.1454809600
0.5183321200	-0.7299999600	-0.0159407180	0.0023559583	0.1415500600
0.5330836800	-0.7299999600	-0.0188948250	0.0024308764	0.1355018000
0.5515256500	-0.7299999600	-0.0225980080	0.0024984974	0.1289580200
0.5718973300	-0.7299999600	-0.0267824470	0.0026562964	0.1164533000
0.5835890200	-0.7299999600	-0.0291855220	0.0027198573	0.1105221100
0.6014865600	-0.7299999600	-0.0329502150	0.0028372402	0.0961129960
0.6151573700	-0.7299999600	-0.0358237880	0.0029046910	0.0871314930
0.6219096800	-0.7299999600	-0.0372750420	0.0029541165	0.0804365350
0.6452439400	-0.7299999600	-0.0422964620	0.0030713963	0.0634458210
0.6615808600	-0.7299999600	-0.0458819900	0.0031884021	0.0472412030
0.6684857600	-0.7299999600	-0.0473974420	0.0032222905	0.0427232350
0.6734583400	-0.7299999600	-0.0485040210	0.0032307271	0.0410023630
0.6879289200	-0.7299999600	-0.0517358590	0.0032575826	0.0336250770
0.6926022800	-0.7299999600	-0.0527893940	0.0032318485	0.0350975620
0.7021181000	-0.7299999600	-0.0549429320	0.0031368940	0.0422098640
0.7114370500	-0.7299999600	-0.0570716370	0.0029867636	0.0561311580
0.7172758600	-0.7299999600	-0.0584091320	0.0029023052	0.0634535700
0.7242181300	-0.7299999600	-0.0600122330	0.0027066046	0.0840148850
0.7260742800	-0.7299999600	-0.0604407080	0.0026501392	0.0899310260
0.7274372000	-0.7299999600	-0.0607575140	0.0025895486	0.0963131190
0.7332561600	-0.7299999600	-0.0621100110	0.0022952705	0.1264941100
0.7375234400	-0.7299999600	-0.0631070290	0.0019426149	0.1579156100
0.7386366700	-0.7299999600	-0.0633671430	0.0018472775	0.1663976800
0.7396537100	-0.7299999600	-0.0636057560	0.0017614912	0.1748990700
0.7432678900	-0.7299999600	-0.0644536760	0.0014079634	0.2093877000
0.7460393300	-0.7299999600	-0.0651062210	0.0018102881	0.2423634700
0.7471460100	-0.7299999600	-0.0653668050	0.0020009637	0.2551285900
0.7459793100	-0.7299999600	-0.0654330180	0.0020790680	0.2625816800
0.7428716400	-0.7299999600	-0.0656093580	0.0022354035	0.2835867700
0.7379403700	-0.7299999600	-0.0658847840	0.0020476962	0.2867154800
0.7374760500	-0.7299999600	-0.0659107420	0.0020267587	0.2870771000
0.7370586400	-0.7299999600	-0.0659336370	0.0020263955	0.2870196100
0.7302691300	-0.7299999600	-0.0663051530	0.0020339865	0.2868542100
0.7219037400	-0.7299999600	-0.0667511220	0.0020618216	0.2826944900
0.7214899100	-0.7299999600	-0.0667731460	0.0020636908	0.2823468700
0.7180909500	-0.7299999600	-0.0669468050	0.0020853432	0.2794728300
0.7055355300	-0.7299999600	-0.0675888660	0.0021668403	0.2683602600
0.7038657100	-0.7299999600	-0.0676711050	0.0021765764	0.2671105600
0.6814367200	-0.7299999600	-0.0687396150	0.0023082819	0.2489962700
0.6781878500	-0.7299999600	-0.0688848720	0.0023253503	0.2466963100
0.6567329200	-0.7299999600	-0.0698229520	0.0024354355	0.2325414300
0.6326025700	-0.7299999600	-0.0707784220	0.0025124772	0.2221692100
0.6208720200	-0.7299999600	-0.0712177010	0.0025483549	0.2171697000
0.5915767000	-0.7299999600	-0.0722210260	0.0026252523	0.2072156800
0.5624644800	-0.7299999600	-0.0730774330	0.0026859993	0.1981430800
0.5434991100	-0.7299999600	-0.0736078550	0.0027206451	0.1933683300
0.5260857300	-0.7299999600	-0.0739928930	0.0027363025	0.1900099700
0.4942229700	-0.7299999600	-0.0746825490	0.0027959944	0.1814960500
0.4645013200	-0.7299999600	-0.0751448570	0.0028362811	0.1754302400
0.4457941900	-0.7299999600	-0.0754077730	0.0028726154	0.1701518000
0.4059680100	-0.7299999600	-0.0757410230	0.0029373408	0.1623523800
0.3976255400	-0.7299999600	-0.0757910160	0.0029500332	0.1606447800
0.3548195400	-0.7299999600	-0.0758319940	0.0030060493	0.1524909300
0.3517183700	-0.7299999600	-0.0758249160	0.0030107072	0.1518278600
0.3110593300	-0.7299999600	-0.0755565320	0.0030565570	0.1455253500
0.3062510500	-0.7299999600	-0.0755068660	0.0030650142	0.1447076400
0.2699154300	-0.7299999600	-0.0749770550	0.0031170276	0.1391421400
0.2673553500	-0.7299999600	-0.0749324110	0.0031192699	0.1387234900
0.2299777900	-0.7299999600	-0.0740805270	0.0031522987	0.1341382400
0.2276034500	-0.7299999600	-0.0740175320	0.0031539421	0.1338185100
0.1922739700	-0.7299999600	-0.0728961150	0.0031550680	0.1301947200
0.1884454800	-0.7299999600	-0.0727503450	0.0031592196	0.1299429400
0.1620631700	-0.7299999600	-0.0716833250	0.0031845753	0.1285675800
0.1372916400	-0.7299999600	-0.0704801010	0.0032306584	0.1282662900
0.1335879600	-0.7299999600	-0.0702930910	0.0032356648	0.1280974300
0.1053647500	-0.7299999600	-0.0686601470	0.0032583732	0.1274093800
0.1023887900	-0.7299999600	-0.0684710520	0.0032603248	0.1273575600
0.0778523760	-0.7299999600	-0.0667952900	0.0032753377	0.1278736100
0.0749972390	-0.7299999600	-0.0665839840	0.0032757113	0.1280962500
0.0509002130	-0.7299999600	-0.0646753460	0.0032185497	0.1299164700
0.0445980730	-0.7299999600	-0.0641153980	0.0032089666	0.1304942100
0.0264005470	-0.7299999600	-0.0624713490	0.0031929496	0.1320011200
0.0100661660	-0.7299999600	-0.0608210790	0.0032025882	0.1345283700
-0.0003243439	-0.7299999600	-0.0596919840	0.0032134289	0.1363210400
-0.0156268630	-0.7299999600	-0.0579687650	0.0032594209	0.1390767400
-0.0294506120	-0.7299999600	-0.0562449510	0.0032808358	0.1426211300
-0.0441635770	-0.7299999600	-0.0542557760	0.0033367449	0.1467201700
-0.0550647640	-0.7299999600	-0.0527546330	0.0033852767	0.1490323700
-0.0615619090	-0.7299999600	-0.0517913890	0.0033998449	0.1515291500
-0.0706401690	-0.7299999600	-0.0503429470	0.0034214159	0.1555711200
-0.0852745620	-0.7299999600	-0.0479503650	0.0034788969	0.1616741000
-0.0952651580	-0.7299999600	-0.0462092650	0.0034872005	0.1662644000
-0.1050575700	-0.7299999600	-0.0443483400	0.0034981464	0.1712340000
-0.1141452900	-0.7299999600	-0.0425778740	0.0035041908	0.1765322100
-0.1265098300	-0.7299999600	-0.0399917550	0.0035224690	0.1847098000
-0.1353283100	-0.7299999600	-0.0379726220	0.0035216087	0.1921640800
-0.1433508100	-0.7299999600	-0.0361241660	0.0035461313	0.1982550200
-0.1500655900	-0.7299999600	-0.0344475990	0.0035157255	0.2060101600
-0.1581833800	-0.7299999600	-0.0323201460	0.0035228622	0.2156391700
-0.1651886400	-0.7299999600	-0.0304005690	0.0034965417	0.2243820000
-0.1714270600	-0.7299999600	-0.0285644740	0.0034664428	0.2348703900
-0.1799333200	-0.7299999600	-0.0259693150	0.0034867904	0.2496051500
-0.1843731700	-0.7299999600	-0.0244953130	0.0035302538	0.2586460100
-0.1933827100	-0.7299999600	-0.0213823880	0.0035189096	0.2797707900
-0.1972721700	-0.7299999600	-0.0199398550	0.0034543229	0.2915015500
-0.2057468000	-0.7299999600	-0.0164752960	0.0033186650	0.3234906800
-0.2091406900	-0.7299999600	-0.0151245170	0.0032861864	0.3345103300
-0.2109009000	-0.7299999600	-0.0143431700	0.0032342414	0.3422441800
-0.2213828400	-0.7299999600	-0.0092351902	0.0030083630	0.4069896000
-0.2222288700	-0.7299999600	-0.0088021066	0.0029899318	0.4126022200
-0.2235564600	-0.7299999600	-0.0080123106	0.0029487544	0.4259604200
-0.2299676100	-0.7299999600	-0.0042544194	0.0027783573	0.4870728000
-0.2326062900	-0.7299999600	-0.0024508473	0.0026142369	0.5241463800
-0.2356264100	-0.7299999600	-0.0002783864	0.0024385763	0.5716322100
-0.2377758800	-0.7299999600	0.0014589630	0.0022836474	0.6168077000
-0.2399213800	-0.7299999600	0.0033462849	0.0021187524	0.6675720200
-0.2417360800	-0.7299999600	0.0051349979	0.0019366377	0.7215416400
-0.2432884600	-0.7299999600	0.0068492019	0.0017217496	0.7746611800
-0.2448393100	-0.7299999600	0.0088122692	0.0014238160	0.8350493300
-0.2459349500	-0.7299999600	0.0104249790	0.0011398495	0.8819145600
-0.2471574200	-0.7299999600	0.0126166910	0.0007125788	0.9337948000
-0.2478396100	-0.7299999600	0.0141603800	0.0004235161	0.9593172700
-0.2486620400	-0.7299999600	0.0168650210	0.0000912506	0.9612197300
-0.2489506200	-0.7299999600	0.0182696490	-0.0000038535	0.9512333900
-0.2489627200	-0.7299999600	0.0201434310	0.0002740286	0.8858473300
-0.2490233900	-0.7299999600	0.0220496900	0.0004999549	0.8243823600
-0.2485461800	-0.7299999600	0.0241559170	0.0012637615	0.6949359200
-0.2481648500	-0.7299999600	0.0257842500	0.0018511300	0.5954663800
-0.2475901100	-0.7299999600	0.0270120730	0.0024406445	0.5044133100
-0.2467101800	-0.7299999600	0.0288428680	0.0032168316	0.3683525600
-0.2451286800	-0.7299999600	0.0311109870	0.0038170424	0.2114059300
-0.2445879700	-0.7299999600	0.0317978560	0.0040168934	0.1662844400
-0.2422420700	-0.7299999600	0.0342292150	0.0044600892	0.0406843200
-0.2416399000	-0.7299999600	0.0347862280	0.0045564113	0.0150394550
-0.2385933500	-0.7299999600	0.0371952210	0.0049564097	-0.0676023440
-0.2382476600	-0.7299999600	0.0374458950	0.0049961634	-0.0751746970
-0.2343328600	-0.7299999600	0.0399211310	0.0052468369	-0.1255490300
-0.2342697400	-0.7299999600	0.0399612670	0.0052509570	-0.1263665700
-0.2342600100	-0.7299999600	0.0399667210	0.0052511949	-0.1264533300
-0.2297564700	-0.7299999600	0.0423197260	0.0053405041	-0.1532751800
-0.2285806200	-0.7299999600	0.0428593570	0.0053139626	-0.1573189300
-0.2245599800	-0.7299999600	0.0446035750	0.0052078026	-0.1673887800
-0.2206381300	-0.7299999600	0.0460825820	0.0051282819	-0.1693574900
-0.2181088200	-0.7299999600	0.0469884980	0.0050379639	-0.1676358300
-0.2117200600	-0.7299999600	0.0489872810	0.0050486099	-0.1697091000
-0.2097943900	-0.7299999600	0.0495361650	0.0050691778	-0.1677964200
-0.2035019000	-0.7299999600	0.0511729080	0.0049844290	-0.1610589900
-0.2020230400	-0.7299999600	0.0515288080	0.0049316736	-0.1587865100
-0.1948420000	-0.7299999600	0.0531092770	0.0047590924	-0.1536570200
-0.1927433500	-0.7299999600	0.0535223220	0.0047181532	-0.1521810300
-0.1867296800	-0.7299999600	0.0546468200	0.0046112050	-0.1444086600
-0.1831376300	-0.7299999600	0.0552403180	0.0045148257	-0.1397204800
-0.1779229600	-0.7299999600	0.0560779800	0.0043988958	-0.1350633900
-0.1723448000	-0.7299999600	0.0568534810	0.0043244685	-0.1298663300
-0.1669425700	-0.7299999600	0.0575447530	0.0042769997	-0.1242628500
-0.1610448800	-0.7299999600	0.0582447830	0.0042619847	-0.1196025900
-0.1546636100	-0.7299999600	0.0588800720	0.0042308469	-0.1142364200
-0.1481545600	-0.7299999600	0.0594739430	0.0041931754	-0.1077777100
-0.1412473200	-0.7299999600	0.0600372740	0.0041510220	-0.1024862200
-0.1339212400	-0.7299999600	0.0605113770	0.0040742407	-0.0977601480
-0.1267579300	-0.7299999600	0.0609241650	0.0040125248	-0.0924127400
-0.1189374300	-0.7299999600	0.0613057280	0.0039303645	-0.0878343510
-0.1105035800	-0.7299999600	0.0615887870	0.0038291365	-0.0821673570
-0.1023589700	-0.7299999600	0.0618126840	0.0037509342	-0.0764723270
-0.0931173790	-0.7299999600	0.0619872580	0.0036484406	-0.0715754550
-0.0831521600	-0.7299999600	0.0620366410	0.0035386196	-0.0662228390
-0.0750182570	-0.7299999600	0.0620345140	0.0034699605	-0.0610708480
-0.0641230200	-0.7299999600	0.0619414970	0.0033792155	-0.0553261000
-0.0514496790	-0.7299999600	0.0616704900	0.0033044839	-0.0486055500
-0.0457790340	-0.7299999600	0.0615367370	0.0032744209	-0.0450045880
-0.0284378830	-0.7299999600	0.0609246080	0.0032093642	-0.0363836740
-0.0241845700	-0.7299999600	0.0607394090	0.0031872856	-0.0340877620
-0.0068244948	-0.7299999600	0.0598840190	0.0031424178	-0.0249546020
-0.0022287106	-0.7299999600	0.0596156050	0.0031230452	-0.0224542000
0.0135271180	-0.7299999600	0.0586396530	0.0031052127	-0.0144660400
0.0196252760	-0.7299999600	0.0582112740	0.0030925957	-0.0109933120
0.0379159490	-0.7299999600	0.0568509470	0.0030499851	-0.0015606899
0.0479166880	-0.7299999600	0.0559987350	0.0030313691	0.0039848178
0.0634252650	-0.7299999600	0.0546677080	0.0030031704	0.0114862040
0.0803711340	-0.7299999600	0.0530414170	0.0029850560	0.0200192690
0.0913549590	-0.7299999600	0.0519321340	0.0029737169	0.0259413510
0.1148681100	-0.7299999600	0.0494115800	0.0029476586	0.0379092170
0.1250439400	-0.7299999600	0.0482300480	0.0029357164	0.0431897600
0.1494474700	-0.7299999600	0.0453307930	0.0028779741	0.0546632740
0.1663676400	-0.7299999600	0.0431416970	0.0028394898	0.0632751810
0.1832537100	-0.7299999600	0.0409646930	0.0027730053	0.0709027500
0.2011990000	-0.7299999600	0.0384976010	0.0027151381	0.0786610470
0.2222330100	-0.7299999600	0.0355131220	0.0026614837	0.0884475260
1 2 
2 3 
3 4 
4 5 
5 6 
6 7 
7 8 
8 9 
9 10 
10 11 
11 12 
12 13 
13 14 
14 15 
15 16 
16 17 
17 18 
18 19 
19 20 
20 21 
21 22 
22 23 
23 24 
24 25 
25 26 
26 27 
27 28 
28 29 
29 30 
30 31 
31 32 
32 33 
33 34 
34 35 
35 36 
36 37 
37 38 
38 39 
39 40 
40 41 
41 42 
42 43 
43 44 
44 45 
45 46 
46 47 
47 48 
48 49 
49 50 
50 51 
51 52 
52 53 
53 54 
54 55 
55 56 
56 57 
57 58 
58 59 
59 60 
60 61 
61 62 
62 63 
63 64 
64 65 
65 66 
66 67 
67 68 
68 69 
69 70 
70 71 
71 72 
72 73 
73 74 
74 75 
75 76 
76 77 
77 78 
78 79 
79 80 
80 81 
81 82 
82 83 
83 84 
84 85 
85 86 
86 87 
87 88 
88 89 
89 90 
90 91 
91 92 
92 93 
93 94 
94 95 
95 96 
96 97 
97 98 
98 99 
99 100 
100 101 
101 102 
102 103 
103 104 
104 105 
105 106 
106 107 
107 108 
108 109 
109 110 
110 111 
111 112 
112 113 
113 114 
114 115 
115 116 
116 117 
117 118 
118 119 
119 120 
120 121 
121 122 
122 123 
123 124 
124 125 
125 126 
126 127 
127 128 
128 129 
129 130 
130 131 
131 132 
132 133 
133 134 
134 135 
135 136 
136 137 
137 138 
138 139 
139 140 
140 141 
141 142 
142 143 
143 144 
144 145 
145 146 
146 147 
147 148 
148 149 
149 150 
150 151 
151 152 
152 153 
153 154 
154 155 
155 156 
156 157 
157 158 
158 159 
159 160 
160 161 
161 162 
162 163 
163 164 
164 165 
165 166 
166 167 
167 168 
168 169 
169 170 
170 171 
171 172 
172 173 
173 174 
174 175 
175 176 
176 177 
177 178 
178 179 
179 180 
180 181 
181 182 
182 183 
183 184 
184 185 
185 186 
186 187 
187 188 
188 189 
189 190 
190 191 
191 192 
192 193 
193 194 
