TITLE     = "Surface mesh and solution"
VARIABLES = "x" "y" "z" "cfx" "Cp"
DATASETAUXDATA alpha_deg="  0.0000000E+00"
DATASETAUXDATA beta_deg="  0.0000000E+00"
DATASETAUXDATA bref="  0.7500000"
DATASETAUXDATA cref="   1.000000"
DATASETAUXDATA itranflg="           0"
DATASETAUXDATA ivisc="           2"
DATASETAUXDATA mach="  0.2000000"
DATASETAUXDATA reue_mil="   4.600000"
DATASETAUXDATA sref="  0.7500000"
DATASETAUXDATA tinf_r="   521.0000"
DATASETAUXDATA xmc="  0.0000000E+00"
DATASETAUXDATA ymc="  0.0000000E+00"
DATASETAUXDATA zmc="  0.0000000E+00"
ZONE T="COFFE, HM Y=-0.001"
 STRANDID=0, SOLUTIONTIME=0
 Nodes=167, Elements=162, ZONETYPE=FELineSeg
 DATAPACKING=POINT
 DT=(DOUBLE DOUBLE DOUBLE DOUBLE DOUBLE )
7.38605797E-01 -1.00000005E-03 -1.30236134E-01 2.42475583E-03 4.56610024E-01
7.37656176E-01 -1.00000005E-03 -1.29922748E-01 1.74448251E-05 4.54861611E-01
7.36758769E-01 -1.00000005E-03 -1.29626721E-01 -1.83098091E-04 4.52655286E-01
7.35652506E-01 -1.00000005E-03 -1.29262060E-01 -2.00253096E-04 4.51108545E-01
7.37606287E-01 -1.00000005E-03 -1.30205825E-01 5.06971905E-04 4.57783669E-01
7.35497415E-01 -1.00000005E-03 -1.30141377E-01 4.87736514E-04 4.55478162E-01
7.33968854E-01 -9.99999698E-04 -1.28707588E-01 -1.70349012E-04 4.49426383E-01
7.27810562E-01 -1.00000144E-03 -1.26684830E-01 -1.51948290E-04 4.45874482E-01
7.33725667E-01 -9.99999698E-04 -1.30086556E-01 5.02741023E-04 4.53550965E-01
7.28851616E-01 -9.99999233E-04 -1.29932821E-01 5.53500489E-04 4.48666632E-01
7.24976540E-01 -1.00000319E-03 -1.25756517E-01 -1.57545946E-04 4.44163054E-01
7.26302147E-01 -1.00000144E-03 -1.29850537E-01 5.72079851E-04 4.46152717E-01
7.19416261E-01 -9.99981887E-04 -1.23940505E-01 -1.74358371E-04 4.40355718E-01
7.10590959E-01 -1.00004592E-03 -1.21071905E-01 -1.86425270E-04 4.34081733E-01
7.00675786E-01 -1.00015453E-03 -1.17864981E-01 -1.87208469E-04 4.27055866E-01
7.21301675E-01 -1.00000936E-03 -1.29685923E-01 6.25347835E-04 4.41605181E-01
7.10650802E-01 -9.99957207E-04 -1.29320353E-01 6.93588285E-04 4.33567673E-01
7.01693833E-01 -9.99910524E-04 -1.28999323E-01 7.15544273E-04 4.27538127E-01
6.82005465E-01 -1.00006803E-03 -1.11881487E-01 -1.65209291E-04 4.13528889E-01
6.81886733E-01 -1.00007735E-03 -1.28235295E-01 7.80037837E-04 4.16715711E-01
6.71254933E-01 -1.00030354E-03 -1.27801538E-01 8.13798106E-04 4.11897212E-01
6.46457016E-01 -9.99375712E-04 -1.00665405E-01 -7.05814673E-05 3.85255456E-01
6.32369578E-01 -1.00008189E-03 -9.62864459E-02 -2.50818357E-05 3.73451322E-01
6.21224403E-01 -1.00016466E-03 -9.28445682E-02 6.18477407E-06 3.63970816E-01
6.25555038E-01 -1.00003113E-03 -1.25725955E-01 9.07936890E-04 3.95246804E-01
6.14115119E-01 -1.00017013E-03 -1.25154570E-01 9.34090174E-04 3.91926646E-01
5.58616161E-01 -1.00004766E-03 -7.38956705E-02 1.71428794E-04 3.10926586E-01
5.52426100E-01 -1.00010179E-03 -1.21750958E-01 1.04938936E-03 3.78004611E-01
5.40521085E-01 -9.99983749E-04 -1.21034838E-01 1.06721581E-03 3.75874579E-01
-2.45158494E-01 -1.00001204E-03 3.41463052E-02 -2.09239288E-03 5.65834463E-01
-2.44716883E-01 -1.00001006E-03 3.30798402E-02 -2.03230674E-03 6.51084542E-01
-2.44944498E-01 -1.00000063E-03 3.36101726E-02 -2.07172940E-03 6.10191703E-01
-2.45447561E-01 -1.00001297E-03 3.49447094E-02 -2.03188928E-03 4.93329346E-01
-2.45788440E-01 -1.00001530E-03 3.60480435E-02 -1.94095180E-03 3.81575197E-01
-2.45997354E-01 -1.00001669E-03 3.68713550E-02 -1.72587018E-03 2.89449871E-01
-2.46220469E-01 -1.00001949E-03 3.80048752E-02 -1.41761487E-03 1.51457414E-01
-2.46118248E-01 -1.00000098E-03 3.74362543E-02 -1.59224262E-03 2.21907496E-01
-2.45242968E-01 -1.00002182E-03 4.66967002E-02 4.64792503E-03 -1.05648029E+00
-2.45013386E-01 -1.00000121E-03 4.72274050E-02 5.01611130E-03 -1.12011528E+00
-2.45995879E-01 -9.99902491E-04 4.43911478E-02 2.81844847E-03 -7.52155006E-01
-2.45545641E-01 -1.00002228E-03 4.59039137E-02 3.95691907E-03 -9.55307901E-01
-2.45829076E-01 -1.00001879E-03 4.50156182E-02 3.26865539E-03 -8.36810946E-01
-2.45724782E-01 -1.00000121E-03 4.53656800E-02 3.59049463E-03 -8.84028852E-01
-2.46336028E-01 -1.00002089E-03 3.88449207E-02 -9.92014422E-04 4.18653749E-02
-2.46424466E-01 -1.00002158E-03 3.99974883E-02 -4.44682868E-04 -1.14106834E-01
-2.46437505E-01 -1.00002217E-03 4.08459939E-02 1.48575040E-04 -2.33752251E-01
-2.46343151E-01 -9.99902608E-04 4.24215086E-02 1.22751435E-03 -4.63940084E-01
-2.46404618E-01 -1.00000750E-03 4.17028293E-02 7.00601493E-04 -3.58115077E-01
-2.46201932E-01 -1.00000005E-03 4.34120446E-02 2.02737679E-03 -6.07043862E-01
-2.44359136E-01 -1.00000936E-03 3.23094018E-02 -1.99239841E-03 7.05386460E-01
-2.43826717E-01 -1.00000796E-03 3.12738195E-02 -1.86161406E-03 7.69167602E-01
-2.44100362E-01 -1.00000051E-03 3.17915305E-02 -1.93166698E-03 7.38320053E-01
-2.43403092E-01 -9.99992481E-04 3.05200014E-02 -1.75707066E-03 8.09835315E-01
-2.42790729E-01 -1.00000761E-03 2.95152683E-02 -1.58260821E-03 8.56155038E-01
-2.43103281E-01 -1.00000040E-03 3.00169978E-02 -1.67836528E-03 8.33935380E-01
-2.42280751E-01 -1.00000692E-03 2.87381578E-02 -1.45150174E-03 8.86787772E-01
-2.41529748E-01 -9.99980839E-04 2.76694447E-02 -1.24707806E-03 9.22135532E-01
-2.41938725E-01 -9.99998883E-04 2.82414872E-02 -1.36053329E-03 9.03398156E-01
-2.40735844E-01 -9.99997836E-04 2.66190395E-02 -1.05497113E-03 9.49462712E-01
-2.40069702E-01 -1.00001157E-03 2.57905647E-02 -8.85681249E-04 9.66562867E-01
-2.39276409E-01 -9.99986427E-04 2.48524342E-02 -7.43081269E-04 9.82502341E-01
-2.37976938E-01 -1.00004871E-03 2.34185606E-02 -4.50996798E-04 9.99423087E-01
-2.38721833E-01 -1.00000075E-03 2.42263209E-02 -6.09497190E-04 9.92206037E-01
-2.36532643E-01 -9.99999931E-04 2.19396893E-02 -1.82806500E-04 1.00873220E+00
-2.35324204E-01 -9.99965123E-04 2.07735244E-02 2.38400335E-05 1.01036501E+00
-2.33856633E-01 -1.00002845E-03 1.94357131E-02 2.17109409E-04 1.00753891E+00
-2.32877225E-01 -9.99991084E-04 1.85812879E-02 3.30898707E-04 1.00404036E+00
-2.29346886E-01 -9.99997952E-04 1.57144982E-02 6.27422996E-04 9.85583484E-01
-2.27324173E-01 -1.00009574E-03 1.41914329E-02 7.59094022E-04 9.72534120E-01
-2.31649056E-01 -1.00009516E-03 1.75479930E-02 4.36694099E-04 9.98908222E-01
-2.32877225E-01 -9.99991084E-04 1.85812879E-02 3.30898707E-04 1.00404036E+00
-2.24455684E-01 -9.99906217E-04 1.21518821E-02 9.08711925E-04 9.52823758E-01
-2.20685184E-01 -9.99798765E-04 9.64844413E-03 1.04149163E-03 9.25501168E-01
-2.22747341E-01 -1.00000517E-03 1.09950202E-02 9.74340364E-04 9.40038621E-01
-2.16642842E-01 -1.00002158E-03 7.14350026E-03 1.14632840E-03 8.97333682E-01
-2.12937430E-01 -1.00018294E-03 4.97928634E-03 1.24347303E-03 8.72995079E-01
-2.08576933E-01 -1.00013730E-03 2.56811106E-03 1.26952271E-03 8.44887137E-01
-2.01829538E-01 -1.00061274E-03 -9.26604960E-04 1.36292120E-03 8.06266665E-01
-1.94748878E-01 -9.99951153E-04 -4.34196321E-03 1.44037372E-03 7.70093858E-01
-1.88174412E-01 -1.00060471E-03 -7.31975213E-03 1.55285466E-03 7.41145968E-01
-1.78467706E-01 -1.00088934E-03 -1.14441691E-02 1.66126527E-03 7.02499032E-01
-1.65075868E-01 -1.00095989E-03 -1.66947227E-02 1.73564418E-03 6.58824146E-01
-1.54131278E-01 -1.00057980E-03 -2.06631478E-02 1.79135101E-03 6.29962146E-01
-1.34278595E-01 -1.00175384E-03 -2.73022000E-02 1.87993876E-03 5.86870968E-01
-1.45928994E-01 -9.99715645E-04 -2.34901588E-02 1.84201985E-03 6.11023366E-01
-1.24366760E-01 -9.99863259E-04 -3.03878915E-02 1.89930119E-03 5.68889916E-01
-1.08554944E-01 -1.00673898E-03 -3.50270495E-02 1.92003686E-03 5.43805897E-01
2.54258066E-01 -1.00011681E-03 -9.73500758E-02 1.40839897E-03 3.66798222E-01
2.72353351E-01 -1.00020634E-03 -9.92625952E-02 1.39863731E-03 3.65069449E-01
2.19954789E-01 -1.00013602E-03 -9.35291499E-02 1.41379179E-03 3.70981514E-01
1.99412182E-01 -1.00032124E-03 -9.11081731E-02 1.45278545E-03 3.74323785E-01
1.58127367E-01 -1.00125058E-03 -8.59117359E-02 1.50883268E-03 3.82535487E-01
1.31284878E-01 -9.99084557E-04 -8.22764710E-02 1.57440605E-03 3.89240712E-01
-4.86257374E-02 -1.00105384E-03 -5.02589270E-02 1.82174728E-03 4.76799190E-01
-5.88808879E-02 -1.00046501E-03 -4.78778929E-02 1.84712512E-03 4.85904664E-01
-8.52938555E-03 -1.00061507E-03 -5.88465743E-02 1.80777395E-03 4.48015481E-01
4.26639430E-03 -1.00133300E-03 -6.13807179E-02 1.78455899E-03 4.40046161E-01
5.28726503E-02 -9.98895266E-04 -7.02031106E-02 1.66545087E-03 4.15842682E-01
6.85769320E-02 -1.00131531E-03 -7.28076026E-02 1.64804386E-03 4.09638613E-01
3.16858232E-01 -9.99824377E-04 -1.03691757E-01 1.35539647E-03 3.62181276E-01
3.33750337E-01 -9.99860698E-04 -1.05275206E-01 1.33182819E-03 3.61413598E-01
3.96042496E-01 -1.00021204E-03 -1.10696770E-01 1.24667410E-03 3.61593872E-01
4.10650015E-01 -9.99869197E-04 -1.11882433E-01 1.24136906E-03 3.62273514E-01
4.68018264E-01 -9.99887357E-04 -1.16222404E-01 1.19354110E-03 3.66415381E-01
4.80210990E-01 -1.00012100E-03 -1.17081553E-01 1.15976005E-03 3.67411584E-01
5.40521085E-01 -9.99983749E-04 -1.21034838E-01 1.06721581E-03 3.75874579E-01
-2.42597654E-01 -1.00001309E-03 5.11113591E-02 7.00604683E-03 -1.44755650E+00
-2.43294552E-01 -1.00001530E-03 5.01905568E-02 6.68815430E-03 -1.39051855E+00
-2.42952764E-01 -1.00000075E-03 5.06561026E-02 6.87468750E-03 -1.42142713E+00
-2.42053300E-01 -1.00001227E-03 5.17630391E-02 7.23827397E-03 -1.48012257E+00
-2.41273537E-01 -1.00001029E-03 5.26141524E-02 7.41027109E-03 -1.51160479E+00
-2.43771896E-01 -1.00001646E-03 4.94879819E-02 6.30957633E-03 -1.33815444E+00
-2.44368866E-01 -1.00001891E-03 4.84989248E-02 5.83463348E-03 -1.25302935E+00
-2.40673661E-01 -1.00000948E-03 5.32155000E-02 7.51518644E-03 -1.52707708E+00
-2.39817634E-01 -1.00000796E-03 5.40071055E-02 7.59173278E-03 -1.53793621E+00
-2.39159897E-01 -9.99992481E-04 5.45716286E-02 7.62555562E-03 -1.54056025E+00
-2.38235310E-01 -1.00000785E-03 5.53103462E-02 7.69195752E-03 -1.53772140E+00
-2.37484068E-01 -1.00000668E-03 5.58705740E-02 7.72676524E-03 -1.53384101E+00
-2.36445233E-01 -1.00000878E-03 5.65962829E-02 7.82639999E-03 -1.52663827E+00
-2.35608608E-01 -1.00000761E-03 5.71427047E-02 7.90807325E-03 -1.51628828E+00
-2.34361991E-01 -1.00001122E-03 5.79041950E-02 7.96521269E-03 -1.50031769E+00
-2.33307883E-01 -9.99987125E-04 5.85052930E-02 8.07989296E-03 -1.48110080E+00
-2.31695846E-01 -1.00002240E-03 5.93559109E-02 8.15102924E-03 -1.45341539E+00
-2.30277523E-01 -1.00001972E-03 6.00476637E-02 8.37473292E-03 -1.42623019E+00
-2.28140205E-01 -9.99961281E-04 6.10072017E-02 8.57303012E-03 -1.39062464E+00
-2.26255015E-01 -1.00003032E-03 6.17783032E-02 8.67965817E-03 -1.36047959E+00
-2.23717570E-01 -1.00003451E-03 6.27251789E-02 8.75965599E-03 -1.31906998E+00
-2.21590728E-01 -1.00003625E-03 6.34492710E-02 8.71646404E-03 -1.28478563E+00
-2.18457103E-01 -9.99879790E-04 6.44184649E-02 8.68361630E-03 -1.24219167E+00
-2.44764984E-01 -1.00002042E-03 4.77492027E-02 5.30394074E-03 -1.17825162E+00
-2.45013386E-01 -1.00000121E-03 4.72274050E-02 5.01611130E-03 -1.12011528E+00
-2.18457103E-01 -9.99879790E-04 6.44184649E-02 8.68361630E-03 -1.24219167E+00
-2.14389354E-01 -1.00007700E-03 6.55244812E-02 8.46722443E-03 -1.19138896E+00
-2.10635602E-01 -9.99887357E-04 6.64213225E-02 8.49577319E-03 -1.14358771E+00
-2.12777197E-01 -1.00000587E-03 6.59238771E-02 8.42649303E-03 -1.16925013E+00
-2.06670463E-01 -1.00007397E-03 6.72544762E-02 8.23097769E-03 -1.10415804E+00
-2.01423168E-01 -1.00018515E-03 6.82133883E-02 7.66005181E-03 -1.05594206E+00
-1.96336508E-01 -1.00015511E-03 6.90030232E-02 7.03429710E-03 -1.01259899E+00
-1.89333260E-01 -1.00021192E-03 6.99010491E-02 6.53607119E-03 -9.60605800E-01
-1.83491081E-01 -1.00018736E-03 7.05109313E-02 6.30575744E-03 -9.21883523E-01
-1.73053652E-01 -1.00116688E-03 7.13216588E-02 6.10522414E-03 -8.58280003E-01
-1.60476014E-01 -1.00028329E-03 7.19107240E-02 5.72213065E-03 -7.94078767E-01
-1.48776993E-01 -1.00107444E-03 7.21557215E-02 5.27378963E-03 -7.45309532E-01
-1.36780307E-01 -1.00063439E-03 7.21218139E-02 4.86524357E-03 -6.99049473E-01
-1.19677238E-01 -9.98521689E-04 7.17066377E-02 4.50946204E-03 -6.41069710E-01
-1.09202325E-01 -9.99583979E-04 7.12438449E-02 4.33389144E-03 -6.09778523E-01
-9.32215974E-02 -1.00575900E-03 7.02809989E-02 3.88068031E-03 -5.65222800E-01
2.70513326E-01 -1.00015686E-03 4.93905181E-03 8.70672986E-04 4.26238775E-02
2.83904970E-01 -9.99832060E-04 1.62306766E-03 8.31082347E-04 5.77415936E-02
1.66940421E-01 -1.00105116E-03 2.90810950E-02 1.30100490E-03 -8.78261626E-02
1.44629791E-01 -1.00097805E-03 3.38646136E-02 1.39847107E-03 -1.19547188E-01
2.32916906E-01 -1.00011518E-03 1.40318172E-02 1.00324536E-03 -2.00486905E-03
2.15752468E-01 -1.00044662E-03 1.80624891E-02 1.08385028E-03 -2.32217312E-02
-4.59571816E-02 -1.00151787E-03 6.59373179E-02 3.04863229E-03 -4.54197228E-01
-2.96763517E-02 -1.00181950E-03 6.40113726E-02 2.87908595E-03 -4.19433147E-01
2.77859694E-03 -9.97414114E-04 5.96159138E-02 2.55000056E-03 -3.55175465E-01
2.26181671E-02 -9.98599688E-04 5.66038266E-02 2.34118151E-03 -3.17997038E-01
6.68422431E-02 -1.00103044E-03 4.91197072E-02 1.86688197E-03 -2.41138175E-01
8.56619254E-02 -1.00133976E-03 4.56539914E-02 1.73738913E-03 -2.10221961E-01
3.33214134E-01 -9.99857089E-04 -1.09335259E-02 6.72566239E-04 1.10136099E-01
3.46320391E-01 -9.99863725E-04 -1.43544171E-02 6.38606609E-04 1.23374425E-01
4.07440722E-01 -1.00020738E-03 -3.07270121E-02 4.95741086E-04 1.81690186E-01
4.19203192E-01 -9.99917742E-04 -3.39513607E-02 4.70190891E-04 1.92133665E-01
4.78305638E-01 -9.99871409E-04 -5.05055971E-02 3.48851172E-04 2.43695244E-01
4.89940017E-01 -1.00008829E-03 -5.38331531E-02 3.15858721E-04 2.53466398E-01
5.46725452E-01 -1.00004580E-03 -7.03680888E-02 1.99748523E-04 3.00910294E-01
5.58616161E-01 -1.00004766E-03 -7.38956705E-02 1.71428794E-04 3.10926586E-01
 5 1
 1 2
 2 3
 3 4
 4 7
 7 8
 8 11
 11 13
 13 14
 14 15
 15 19
 19 22
 22 23
 23 24
 24 27
 6 9
 9 10
 10 12
 12 16
 16 17
 17 18
 18 20
 20 21
 21 25
 25 26
 26 28
 28 29
 5 6
 30 33
 33 34
 34 35
 35 37
 37 36
 36 44
 44 45
 45 46
 46 48
 48 47
 47 49
 49 40
 40 42
 42 43
 43 41
 41 38
 38 39
 51 52
 52 50
 50 31
 31 32
 32 30
 61 60
 60 59
 59 57
 57 58
 58 56
 56 54
 54 55
 55 53
 53 51
 65 64
 64 62
 62 63
 63 61
 66 67
 66 65
 68 70
 70 71
 72 69
 69 68
 75 73
 73 74
 74 72
 76 75
 79 78
 78 77
 77 76
 81 82
 82 83
 83 85
 85 84
 84 86
 86 87
 87 95
 95 94
 94 96
 96 97
 97 98
 98 99
 99 93
 93 92
 92 91
 91 90
 90 88
 88 89
 89 100
 100 101
 101 102
 102 103
 103 104
 104 105
 105 106
 81 80
 80 79
 107 110
 110 111
 111 114
 114 115
 115 116
 116 117
 117 118
 118 119
 119 120
 120 121
 121 122
 122 123
 123 124
 124 125
 125 126
 126 127
 127 128
 128 129
 112 108
 108 109
 109 107
 130 113
 113 112
 130 131
 132 133
 133 135
 135 134
 134 136
 136 137
 137 138
 138 139
 139 140
 140 141
 141 142
 142 143
 143 144
 144 145
 145 146
 146 147
 147 154
 154 155
 155 156
 156 157
 157 158
 158 159
 159 151
 151 150
 150 153
 153 152
 152 148
 148 149
 149 160
 160 161
 161 162
 162 163
 163 164
 164 165
 165 166
 166 167
ZONE T="COFFE, HM Y=-0.035"
 STRANDID=0, SOLUTIONTIME=0
 Nodes=188, Elements=183, ZONETYPE=FELineSeg
 DATAPACKING=POINT
 DT=(DOUBLE DOUBLE DOUBLE DOUBLE DOUBLE )
7.36352086E-01 -3.50000001E-02 -1.30167589E-01 1.22361514E-03 4.59283769E-01
7.38038182E-01 -3.50000001E-02 -1.30218938E-01 -1.36801711E-04 4.57715869E-01
7.38605797E-01 -3.50000001E-02 -1.30236134E-01 2.52549769E-03 4.65890944E-01
7.38092363E-01 -3.50000001E-02 -1.30066678E-01 1.31585140E-04 4.46616173E-01
7.33821392E-01 -3.50000001E-02 -1.30089492E-01 1.29657902E-03 4.55501348E-01
7.33305454E-01 -3.50000001E-02 -1.30073473E-01 1.30945013E-03 4.55048114E-01
7.33627558E-01 -3.50000001E-02 -1.30083486E-01 1.30205846E-03 4.55322891E-01
7.10316718E-01 -3.50000001E-02 -1.29308879E-01 1.47465838E-03 4.32440013E-01
7.26765513E-01 -3.50000001E-02 -1.29865736E-01 1.36915094E-03 4.46783751E-01
7.20274448E-01 -3.50000001E-02 -1.29651681E-01 1.41643651E-03 4.40606415E-01
6.90788746E-01 -3.50000001E-02 -1.28583908E-01 1.56059861E-03 4.20167178E-01
6.87476933E-01 -3.49999964E-02 -1.28455505E-01 1.57035410E-03 4.18389142E-01
6.80069566E-01 -3.49999815E-02 -1.28164321E-01 1.59308512E-03 4.14471924E-01
6.43294990E-01 -3.49999927E-02 -1.26571879E-01 1.68774521E-03 3.99227023E-01
6.18262053E-01 -3.50000001E-02 -1.25363246E-01 1.73806539E-03 3.91704887E-01
7.36961007E-01 -3.50000001E-02 -1.29693419E-01 2.68752483E-05 4.51873988E-01
7.34145403E-01 -3.50000001E-02 -1.28765732E-01 -1.98571233E-05 4.49510545E-01
7.33882904E-01 -3.50000001E-02 -1.28679305E-01 -2.42908045E-05 4.49264407E-01
7.33634770E-01 -3.50000001E-02 -1.28597617E-01 -2.59019853E-05 4.48973298E-01
7.16062188E-01 -3.50000001E-02 -1.22848131E-01 1.60811323E-05 4.38258588E-01
7.28249907E-01 -3.50000001E-02 -1.26828775E-01 2.10062740E-06 4.45322782E-01
7.21367002E-01 -3.50000001E-02 -1.24576688E-01 3.19634091E-06 4.41696584E-01
6.91914558E-01 -3.50000039E-02 -1.15050152E-01 1.01615129E-04 4.21130270E-01
6.88262999E-01 -3.50000001E-02 -1.13879479E-01 1.15158371E-04 4.18258578E-01
-2.46279657E-01 -3.50000001E-02 3.84035744E-02 -1.19952427E-03 2.04290733E-01
-2.45306134E-01 -3.50000001E-02 3.45442072E-02 -1.86005444E-03 6.31038606E-01
-2.46387154E-01 -3.50000001E-02 4.19559963E-02 9.95277311E-04 -3.45285177E-01
-2.44539291E-01 -3.50000001E-02 3.26901935E-02 -1.72217307E-03 7.67977238E-01
-2.43525088E-01 -3.50000001E-02 3.07315867E-02 -1.45314948E-03 8.71715128E-01
-2.42514387E-01 -3.50000001E-02 2.90892776E-02 -1.11870549E-03 9.30830181E-01
-2.45469019E-01 -3.50000001E-02 3.50106061E-02 -1.85379153E-03 5.89110494E-01
-2.45740369E-01 -3.50000001E-02 3.58801410E-02 -1.80290709E-03 5.06849647E-01
-2.45132431E-01 -3.50000001E-02 3.40811498E-02 -1.84257887E-03 6.69736326E-01
-2.44703740E-01 -3.50000001E-02 3.30511071E-02 -1.76648144E-03 7.44911849E-01
-2.44369298E-01 -3.50000001E-02 3.23316939E-02 -1.67368772E-03 7.89320827E-01
-2.43797854E-01 -3.50000001E-02 3.12209167E-02 -1.53155043E-03 8.48210096E-01
-2.44097129E-01 -3.50000001E-02 3.17869447E-02 -1.61018502E-03 8.19657385E-01
-2.43280873E-01 -3.50000001E-02 3.03128008E-02 -1.35799684E-03 8.88457537E-01
-2.42747650E-01 -3.50000001E-02 2.94484198E-02 -1.19197927E-03 9.19631124E-01
-2.39310384E-01 -3.50000001E-02 2.48928126E-02 -2.67677795E-04 9.99989748E-01
-2.46205479E-01 -3.50000001E-02 3.79206054E-02 -1.37308193E-03 2.68621206E-01
-2.46028855E-01 -3.50000001E-02 3.70141864E-02 -1.61166152E-03 3.81178051E-01
-2.42262483E-01 -3.50000001E-02 2.87117194E-02 -1.04494079E-03 9.41368937E-01
-2.41435885E-01 -3.50000001E-02 2.75426824E-02 -8.15313600E-04 9.69086647E-01
-2.41894066E-01 -3.50000001E-02 2.81787626E-02 -9.46530607E-04 9.54967678E-01
-2.46339813E-01 -3.50000001E-02 3.88876759E-02 -9.96822841E-04 1.36921510E-01
-2.46410251E-01 -3.50000001E-02 3.97092104E-02 -6.19028811E-04 1.72628835E-02
-2.46424973E-01 -3.50000001E-02 4.13133726E-02 4.31451888E-04 -2.37348214E-01
-2.46438593E-01 -3.50000001E-02 4.07028943E-02 -2.21913560E-05 -1.35462046E-01
-2.46275306E-01 -3.50000001E-02 4.29501422E-02 1.83631666E-03 -5.13837159E-01
-2.46201932E-01 -3.50000001E-02 4.34120446E-02 2.26352317E-03 -5.98212719E-01
-2.46113598E-01 -3.50000001E-02 4.38692570E-02 2.58042593E-03 -6.76618338E-01
-2.36900076E-01 -3.50000001E-02 2.23055333E-02 2.74407939E-05 1.00610471E+00
-2.38676026E-01 -3.50000001E-02 2.41772365E-02 -1.82878663E-04 1.00248623E+00
-2.37454712E-01 -3.50000001E-02 2.28715781E-02 -7.18356459E-05 1.00592148E+00
-2.39876032E-01 -3.49999964E-02 2.55565047E-02 -3.83045553E-04 9.96512949E-01
-2.40574196E-01 -3.50000001E-02 2.64149308E-02 -5.53785067E-04 9.87904012E-01
-2.36451522E-01 -3.50000001E-02 2.18578186E-02 1.10811212E-04 1.00594866E+00
-2.35228151E-01 -3.50000001E-02 2.06856169E-02 2.41047805E-04 1.00169837E+00
-2.33803496E-01 -3.50000039E-02 1.93865169E-02 4.09570290E-04 9.96121407E-01
-2.30114043E-01 -3.49999964E-02 1.63131971E-02 6.92349684E-04 9.70820308E-01
-2.32623115E-01 -3.50000001E-02 1.83637645E-02 5.01391245E-04 9.88333583E-01
-2.28554130E-01 -3.49999927E-02 1.51093239E-02 7.78712565E-04 9.58027363E-01
-2.25250229E-01 -3.50000001E-02 1.27034467E-02 8.93512741E-04 9.32117403E-01
-2.45877728E-01 -3.50000001E-02 4.48424108E-02 3.53449117E-03 -8.43842447E-01
-2.45204553E-01 -3.49999964E-02 4.67864126E-02 5.44236274E-03 -1.17154372E+00
-2.44997695E-01 -3.50000001E-02 4.72588502E-02 5.88738918E-03 -1.24597526E+00
-2.45760486E-01 -3.50000001E-02 4.52496894E-02 3.90921906E-03 -9.15131032E-01
-2.45570078E-01 -3.50000001E-02 4.58313562E-02 4.50063683E-03 -1.01445043E+00
-2.22429425E-01 -3.50000001E-02 1.07883355E-02 9.92804416E-04 9.11356151E-01
-2.25250229E-01 -3.50000001E-02 1.27034467E-02 8.93512741E-04 9.32117403E-01
-2.21920013E-01 -3.50000001E-02 1.04499813E-02 1.00961816E-03 9.07716215E-01
-2.19395891E-01 -3.50000001E-02 8.82991962E-03 1.08524843E-03 8.87903035E-01
-2.17967674E-01 -3.49999964E-02 7.95126054E-03 1.10492599E-03 8.77290249E-01
-2.05454350E-01 -3.50000076E-02 9.20536986E-04 1.30675314E-03 7.99617410E-01
-2.00264916E-01 -3.50000188E-02 -1.70454022E-03 1.37962238E-03 7.72739589E-01
-2.14006424E-01 -3.50000076E-02 5.58968354E-03 1.16758072E-03 8.51492643E-01
-2.10213304E-01 -3.50000151E-02 3.45715694E-03 1.22533948E-03 8.27293336E-01
-1.79215908E-01 -3.50000151E-02 -1.11327590E-02 1.63231755E-03 6.86554134E-01
-1.83801085E-01 -3.49999480E-02 -9.21944249E-03 1.58519158E-03 7.02534020E-01
-1.92896977E-01 -3.50000113E-02 -5.19850943E-03 1.47443975E-03 7.38698661E-01
-1.71449468E-01 -3.49998921E-02 -1.42479083E-02 1.70722289E-03 6.62037432E-01
-1.52166724E-01 -3.50003242E-02 -2.13639997E-02 1.85078918E-03 6.12052083E-01
-1.63281053E-01 -3.50000188E-02 -1.73567776E-02 1.77385006E-03 6.39324009E-01
-9.38607007E-02 -3.50001268E-02 -3.90982404E-02 2.06891424E-03 5.16675949E-01
-7.58592710E-02 -3.49997990E-02 -4.37571295E-02 2.10006139E-03 4.96512055E-01
2.96855178E-02 -3.49999145E-02 -6.61408380E-02 2.16208142E-03 4.22680497E-01
1.76313236E-01 -3.49997990E-02 -8.82638842E-02 2.14240258E-03 3.76176536E-01
2.10112140E-01 -3.50000076E-02 -9.23842862E-02 2.12844508E-03 3.70333254E-01
3.58674377E-01 -3.50000039E-02 -1.07518695E-01 2.03233073E-03 3.59187841E-01
2.67547816E-01 -3.50000113E-02 -9.87665430E-02 2.09738594E-03 3.63245994E-01
2.52190441E-01 -3.49999629E-02 -9.71292481E-02 2.10714387E-03 3.64886254E-01
4.87231374E-01 -3.50000001E-02 -1.17567062E-01 1.91901647E-03 3.66384417E-01
3.71238530E-01 -3.50000560E-02 -1.08609915E-01 2.02298583E-03 3.59228849E-01
4.70752746E-01 -3.49999666E-02 -1.16414562E-01 1.93653349E-03 3.64601463E-01
4.28166360E-01 -3.49999964E-02 -1.13255888E-01 1.97640900E-03 3.61162573E-01
4.12146807E-01 -3.49999927E-02 -1.11996695E-01 1.98978442E-03 3.60332400E-01
1.25010014E-02 -3.50000076E-02 -6.29571676E-02 2.15988164E-03 4.31380808E-01
-1.09435610E-01 -3.49993594E-02 -3.47877368E-02 2.03111395E-03 5.36589921E-01
-1.33597732E-01 -3.50000225E-02 -2.75210459E-02 1.94481201E-03 5.74979186E-01
1.46025464E-01 -3.50000001E-02 -8.42986554E-02 2.14988412E-03 3.82828861E-01
4.77750078E-02 -3.49997431E-02 -6.93296716E-02 2.16207490E-03 4.14425284E-01
1.11318186E-01 -3.49996388E-02 -7.94069842E-02 2.15722364E-03 3.92049879E-01
6.84452355E-02 -3.50000188E-02 -7.27855861E-02 2.16178014E-03 4.06339675E-01
-1.82273705E-02 -3.49994153E-02 -5.68627194E-02 2.15243804E-03 4.49506730E-01
4.97678846E-01 -3.49999890E-02 -1.18279450E-01 1.90731511E-03 3.67610663E-01
5.46001792E-01 -3.50000001E-02 -1.21363647E-01 1.84614595E-03 3.74998987E-01
3.48457128E-01 -3.50000001E-02 -1.06610656E-01 2.03978200E-03 3.59028578E-01
3.24760228E-01 -3.49999741E-02 -1.04438297E-01 2.05958867E-03 3.59610677E-01
-5.83502091E-02 -3.49994153E-02 -4.80059460E-02 2.12350045E-03 4.79934305E-01
-3.76486592E-02 -3.50000374E-02 -5.27146272E-02 2.14115833E-03 4.63155270E-01
5.82428396E-01 -3.49999629E-02 -1.23474032E-01 1.79421215E-03 3.82469088E-01
6.18262053E-01 -3.50000001E-02 -1.25363246E-01 1.73806539E-03 3.91704887E-01
-2.43536070E-01 -3.50000001E-02 4.98419218E-02 7.93007575E-03 -1.57652664E+00
-2.42334098E-01 -3.50000001E-02 5.14321178E-02 8.86956137E-03 -1.71721351E+00
-2.43253663E-01 -3.50000001E-02 5.02461940E-02 8.19908548E-03 -1.61727321E+00
-2.42700279E-01 -3.50000001E-02 5.09813130E-02 8.62468965E-03 -1.68284488E+00
-2.43808314E-01 -3.50000001E-02 4.94299494E-02 7.63766887E-03 -1.53188503E+00
-2.44379029E-01 -3.50000001E-02 4.84791957E-02 6.88364496E-03 -1.41749907E+00
-2.44744942E-01 -3.50000001E-02 4.77882475E-02 6.36802148E-03 -1.32423615E+00
-2.44997695E-01 -3.50000001E-02 4.72588502E-02 5.88738918E-03 -1.24597526E+00
-2.41891548E-01 -3.50000001E-02 5.19466139E-02 9.12609790E-03 -1.75092626E+00
-2.41552785E-01 -3.50000001E-02 5.23191541E-02 9.27008409E-03 -1.77126026E+00
-2.40631804E-01 -3.50000001E-02 5.32547496E-02 9.52667091E-03 -1.80824590E+00
-2.39794612E-01 -3.50000001E-02 5.40268794E-02 9.70898475E-03 -1.82420921E+00
-2.40241319E-01 -3.50000001E-02 5.36231212E-02 9.61985812E-03 -1.81734407E+00
-2.39162102E-01 -3.50000001E-02 5.45688830E-02 9.75709874E-03 -1.82838237E+00
-2.38290444E-01 -3.50000001E-02 5.52669913E-02 9.80830844E-03 -1.82545400E+00
-2.33511701E-01 -3.50000001E-02 5.83919771E-02 9.65581648E-03 -1.74706900E+00
-2.37274334E-01 -3.50000001E-02 5.60210422E-02 9.85636469E-03 -1.81515145E+00
-2.36303344E-01 -3.50000001E-02 5.66904172E-02 9.87420417E-03 -1.80276096E+00
-2.29496598E-01 -3.50000001E-02 6.04097433E-02 9.29126143E-03 -1.64462256E+00
-2.34006077E-01 -3.50000001E-02 5.81108481E-02 9.71829146E-03 -1.75899971E+00
-2.35457569E-01 -3.50000001E-02 5.72392717E-02 9.84754041E-03 -1.78931224E+00
-2.32710674E-01 -3.50000001E-02 5.88286594E-02 9.56692640E-03 -1.72690105E+00
-2.30607837E-01 -3.49999964E-02 5.98906092E-02 9.37372446E-03 -1.67130661E+00
-2.32200414E-01 -3.50000001E-02 5.90974689E-02 9.52577963E-03 -1.71312189E+00
-2.29027927E-01 -3.50000001E-02 6.06189519E-02 9.25495010E-03 -1.63336217E+00
-2.28140756E-01 -3.49999927E-02 6.10053800E-02 9.17987060E-03 -1.61240923E+00
-2.20529050E-01 -3.50000001E-02 6.37903959E-02 8.43362417E-03 -1.44183016E+00
-2.20588982E-01 -3.50000001E-02 6.37715161E-02 8.43852013E-03 -1.44300151E+00
-2.24831536E-01 -3.50000001E-02 6.23221435E-02 8.84486828E-03 -1.53551459E+00
-2.20478132E-01 -3.50000001E-02 6.38064370E-02 8.42946488E-03 -1.44083488E+00
-2.15244815E-01 -3.50000076E-02 6.53055832E-02 7.96555541E-03 -1.34541976E+00
-2.12790832E-01 -3.50000001E-02 6.59182742E-02 7.77709205E-03 -1.30384290E+00
-2.10134119E-01 -3.49999927E-02 6.65299594E-02 7.60636153E-03 -1.26315618E+00
-2.04342648E-01 -3.50000076E-02 6.76986128E-02 7.22891558E-03 -1.18593168E+00
-2.01527283E-01 -3.49999964E-02 6.81928173E-02 7.07203476E-03 -1.15145254E+00
-2.01527283E-01 -3.49999964E-02 6.81928173E-02 7.07203476E-03 -1.15145254E+00
-1.93506211E-01 -3.49999703E-02 6.93941489E-02 6.67654956E-03 -1.06639683E+00
-1.84544310E-01 -3.50000709E-02 7.04138130E-02 6.29714085E-03 -9.87269402E-01
-1.71037868E-01 -3.49999815E-02 7.14395642E-02 5.85918268E-03 -8.92909110E-01
-1.59040570E-01 -3.50000449E-02 7.19616339E-02 5.53312432E-03 -8.25164497E-01
-1.51630878E-01 -3.50000523E-02 7.21221417E-02 5.36475983E-03 -7.88660347E-01
-1.27295777E-01 -3.49996872E-02 7.19345957E-02 4.89042560E-03 -6.90144360E-01
-4.75392193E-02 -3.49998996E-02 6.61050379E-02 3.80794727E-03 -4.68182951E-01
6.17245615E-01 -3.50000001E-02 -9.16174352E-02 3.92513641E-04 3.58135760E-01
1.43841088E-01 -3.49999890E-02 3.40385064E-02 2.23820494E-03 -1.24268375E-01
3.82684283E-02 -3.49999256E-02 5.40589951E-02 2.99040880E-03 -2.96147555E-01
4.74896997E-01 -3.50000001E-02 -4.95365411E-02 8.85553716E-04 2.39509478E-01
-1.06984869E-01 -3.50000672E-02 7.11285397E-02 4.56074532E-03 -6.21065974E-01
-8.13707486E-02 -3.49992402E-02 6.93708137E-02 4.21088561E-03 -5.49943030E-01
1.46539837E-01 -3.50000076E-02 3.34627070E-02 2.22190586E-03 -1.20379664E-01
1.81987077E-01 -3.49999517E-02 2.57637873E-02 2.01494759E-03 -7.04649240E-02
3.21294248E-01 -3.50000001E-02 -7.85030983E-03 1.38398784E-03 9.64498073E-02
2.89889842E-01 -3.49999517E-02 1.27349704E-04 1.50610658E-03 6.23973608E-02
3.05092067E-01 -3.50000001E-02 -3.70973977E-03 1.43885880E-03 7.78575838E-02
1.39974430E-01 -3.49999107E-02 3.48476321E-02 2.26122187E-03 -1.29954591E-01
7.07523599E-02 -3.49999368E-02 4.84180562E-02 2.73483852E-03 -2.39288524E-01
8.95024091E-02 -3.49999219E-02 4.49319556E-02 2.59690289E-03 -2.08337069E-01
6.44887388E-01 -3.50000300E-02 -1.00178353E-01 2.90617958E-04 3.83096695E-01
5.08544803E-01 -3.49999741E-02 -5.91936037E-02 7.84963020E-04 2.67506421E-01
5.35614192E-01 -3.49999964E-02 -6.70941323E-02 6.95591909E-04 2.89777279E-01
3.61124665E-01 -3.49999927E-02 -1.82634089E-02 1.24062132E-03 1.36038616E-01
3.76768619E-01 -3.50000113E-02 -2.24282295E-02 1.19086530E-03 1.50804430E-01
3.70276362E-01 -3.50000039E-02 -2.06940938E-02 1.21283915E-03 1.44673884E-01
5.88484645E-01 -3.49999890E-02 -8.28567669E-02 5.12415427E-04 3.35381389E-01
5.76855302E-01 -3.50000001E-02 -7.93506503E-02 5.48154465E-04 3.25510442E-01
6.85401678E-01 -3.49999890E-02 -1.12963058E-01 1.25477309E-04 4.15992171E-01
4.34332252E-01 -3.50000225E-02 -3.81332450E-02 1.00201031E-03 2.03980848E-01
4.23331350E-01 -3.50000039E-02 -3.50953378E-02 1.03531114E-03 1.94152698E-01
1.34020792E-02 -3.50003615E-02 5.80346696E-02 3.20161972E-03 -3.41881305E-01
-1.67081058E-02 -3.49993967E-02 6.23261295E-02 3.48575902E-03 -4.01838124E-01
3.22762039E-03 -3.50000374E-02 5.95345534E-02 3.29532917E-03 -3.61778200E-01
2.16963172E-01 -3.50000113E-02 1.77879781E-02 1.82954653E-03 -2.41881553E-02
2.28857175E-01 -3.49999815E-02 1.49895465E-02 1.77089870E-03 -9.48713440E-03
6.87502444E-01 -3.50000001E-02 -1.13635652E-01 1.17979100E-04 4.17660445E-01
6.88262999E-01 -3.50000001E-02 -1.13879479E-01 1.15158371E-04 4.18258578E-01
 3 2
 2 1
 1 5
 5 7
 7 6
 6 9
 9 10
 10 8
 8 11
 11 12
 12 13
 13 14
 14 15
 4 3
 16 4
 16 17
 17 18
 18 19
 19 21
 21 22
 22 20
 20 23
 23 24
 25 41
 41 42
 42 32
 32 31
 31 26
 26 33
 33 34
 34 28
 28 35
 35 37
 37 36
 36 29
 29 38
 38 39
 39 30
 30 43
 43 45
 45 44
 44 57
 57 56
 56 40
 40 54
 54 55
 55 53
 53 58
 58 59
 59 60
 60 62
 62 61
 61 63
 63 64
 46 47
 47 49
 49 48
 48 27
 27 50
 50 51
 51 52
 52 65
 65 68
 68 69
 69 66
 66 67
 46 25
 70 71
 72 70
 72 73
 73 74
 74 77
 77 78
 78 75
 75 76
 76 81
 81 80
 80 79
 79 82
 82 84
 84 83
 83 100
 100 99
 99 85
 85 86
 86 110
 110 111
 111 105
 105 98
 98 87
 87 102
 102 104
 104 103
 103 101
 101 88
 88 89
 89 92
 92 91
 91 109
 109 108
 108 90
 90 94
 94 97
 97 96
 96 95
 95 93
 93 106
 106 107
 107 112
 112 113
 114 118
 118 119
 119 120
 120 121
 116 117
 117 115
 115 122
 122 123
 123 124
 124 126
 126 125
 125 127
 127 128
 128 130
 130 131
 131 134
 134 133
 133 129
 129 135
 135 137
 137 136
 136 132
 132 138
 138 139
 139 142
 142 141
 141 140
 140 143
 143 144
 144 145
 145 146
 146 147
 147 148
 116 114
 149 150
 150 151
 151 152
 152 153
 153 154
 154 155
 155 161
 161 162
 162 156
 156 183
 183 184
 184 182
 182 159
 159 169
 169 170
 170 168
 168 158
 158 163
 163 164
 164 185
 185 186
 186 166
 166 167
 167 165
 165 174
 174 176
 176 175
 175 181
 181 180
 180 160
 160 172
 172 173
 173 178
 178 177
 177 157
 157 171
 171 179
 179 187
 187 188
ZONE T="COFFE, HM Y=-0.73"
 STRANDID=0, SOLUTIONTIME=0
 Nodes=197, Elements=191, ZONETYPE=FELineSeg
 DATAPACKING=POINT
 DT=(DOUBLE DOUBLE DOUBLE DOUBLE DOUBLE )
-2.34028712E-01 -7.30000019E-01 1.95873249E-02 1.47981523E-03 7.91495919E-01
-2.33741477E-01 -7.30000019E-01 1.93341952E-02 1.50021981E-03 7.86802351E-01
-2.30458438E-01 -7.29999959E-01 1.65864378E-02 1.65819959E-03 7.37158477E-01
-2.36742184E-01 -7.30000019E-01 2.21477486E-02 1.31983752E-03 8.39543641E-01
-2.34423205E-01 -7.30000019E-01 1.99440345E-02 1.46225723E-03 7.98161745E-01
-2.36438096E-01 -7.30000019E-01 2.18450930E-02 1.34024431E-03 8.33693624E-01
-2.24868715E-01 -7.30000019E-01 1.24399085E-02 1.83909363E-03 6.66467965E-01
-2.20815808E-01 -7.30000019E-01 9.73183289E-03 1.94275868E-03 6.24902666E-01
-2.28667274E-01 -7.30000019E-01 1.51942847E-02 1.73274241E-03 7.12840319E-01
-2.25959584E-01 -7.30000019E-01 1.32061336E-02 1.82505813E-03 6.79068863E-01
-2.18715519E-01 -7.30000019E-01 8.40869360E-03 2.01682816E-03 6.06637657E-01
-2.12773040E-01 -7.30000019E-01 4.88342857E-03 2.11648108E-03 5.60990274E-01
-2.08072528E-01 -7.30000019E-01 2.29869527E-03 2.19643000E-03 5.31683981E-01
-2.01648429E-01 -7.29999959E-01 -1.01776188E-03 2.29410990E-03 4.97020215E-01
-1.94802344E-01 -7.30000079E-01 -4.32147086E-03 2.37559411E-03 4.66850072E-01
-1.88377380E-01 -7.30000079E-01 -7.23597733E-03 2.44143163E-03 4.43282872E-01
-1.74016595E-01 -7.30000019E-01 -1.32430708E-02 2.55849585E-03 4.00464416E-01
-1.66589171E-01 -7.30000257E-01 -1.61255710E-02 2.59353570E-03 3.82681370E-01
-1.49362907E-01 -7.30000019E-01 -2.23317239E-02 2.69244844E-03 3.47500563E-01
-4.42742445E-02 -7.29999840E-01 -5.12333885E-02 2.86344625E-03 2.35410869E-01
3.22993025E-02 -7.30000138E-01 -6.66006878E-02 2.90265679E-03 1.91792309E-01
6.24175668E-02 -7.29999900E-01 -7.17871487E-02 2.90875277E-03 1.77981675E-01
-1.43009990E-01 -7.30000556E-01 -2.44741924E-02 2.69435672E-03 3.38023037E-01
-2.40937546E-02 -7.30000257E-01 -5.56290038E-02 2.87811179E-03 2.22067431E-01
1.61556527E-02 -7.30000198E-01 -6.36326820E-02 2.89921206E-03 1.99793711E-01
-8.75385106E-02 -7.30000615E-01 -4.07652110E-02 2.82543036E-03 2.70116806E-01
-9.70311835E-02 -7.30000198E-01 -3.82324904E-02 2.80995620E-03 2.78889865E-01
-1.87656492E-01 -7.30000019E-01 7.00875670E-02 4.98093944E-03 -3.89301658E-01
-1.95084274E-01 -7.30000079E-01 6.91811666E-02 5.19755902E-03 -4.18940097E-01
-1.80112645E-01 -7.29999959E-01 7.08104596E-02 4.80437698E-03 -3.62066746E-01
-1.75580129E-01 -7.30000019E-01 7.11555332E-02 4.70745470E-03 -3.48532051E-01
-1.59286380E-01 -7.29999959E-01 7.19540268E-02 4.41615889E-03 -3.06326747E-01
-1.51760578E-01 -7.30000198E-01 7.21225217E-02 4.28922893E-03 -2.89203763E-01
-1.39354080E-01 -7.30000019E-01 7.21418187E-02 4.12689522E-03 -2.65641004E-01
-1.13282889E-01 -7.29999959E-01 7.14352801E-02 3.77868046E-03 -2.24982813E-01
4.52512018E-02 -7.29999959E-01 5.28953336E-02 3.06723942E-03 -8.21742639E-02
-5.17073199E-02 -7.30000019E-01 6.65772781E-02 3.39635066E-03 -1.56639278E-01
-5.32115735E-02 -7.29999959E-01 6.67365566E-02 3.40053509E-03 -1.58100232E-01
-5.22782914E-02 -7.30000019E-01 6.66390881E-02 3.39728408E-03 -1.57173604E-01
2.01434329E-01 -7.30000019E-01 2.13641431E-02 2.72118510E-03 -3.38333696E-02
1.91164464E-01 -7.29999900E-01 2.37049349E-02 2.69499538E-03 -3.26049253E-02
1.27471194E-01 -7.30000079E-01 3.74311022E-02 2.70303991E-03 -4.26388010E-02
3.72228734E-02 -7.30000198E-01 5.42231686E-02 3.12570902E-03 -8.72560367E-02
1.88582472E-03 -7.30000019E-01 5.97380437E-02 3.29555152E-03 -1.11778900E-01
5.34227714E-02 -7.30000138E-01 5.14859408E-02 3.02120228E-03 -7.70934895E-02
1.13888875E-01 -7.30000138E-01 4.01821956E-02 2.73987767E-03 -4.72207889E-02
-1.10298097E-01 -7.30000079E-01 7.12960437E-02 3.74598894E-03 -2.21013799E-01
2.60008514E-01 -7.30000377E-01 7.51655642E-03 2.97591276E-03 -5.15862107E-02
2.80937821E-01 -7.30000019E-01 2.36081122E-03 3.13496077E-03 -6.74840733E-02
4.98094797E-01 -7.30000019E-01 -1.18309207E-01 2.75437580E-03 7.97541142E-02
5.11682689E-01 -7.30000019E-01 -1.19209737E-01 2.73872493E-03 8.02817643E-02
4.88675684E-01 -7.29999959E-01 -1.17667481E-01 2.75892112E-03 7.99770057E-02
4.59170073E-01 -7.30000019E-01 -1.15580700E-01 2.80131726E-03 8.21791664E-02
3.89891952E-01 -7.29999959E-01 -1.10192284E-01 2.85487226E-03 8.96219611E-02
3.05271417E-01 -7.30000019E-01 -1.02573305E-01 2.87250220E-03 1.04944386E-01
1.76210552E-01 -7.30000019E-01 -8.82513374E-02 2.90272571E-03 1.37043297E-01
1.81705460E-01 -7.30000019E-01 -8.89365748E-02 2.90309475E-03 1.35124430E-01
2.18435287E-01 -7.30000019E-01 -9.33568105E-02 2.90626194E-03 1.25197634E-01
9.98815373E-02 -7.29999959E-01 -7.77027979E-02 2.90789315E-03 1.63012996E-01
1.71217948E-01 -7.29999900E-01 -8.76171142E-02 2.90084491E-03 1.38659477E-01
1.06719956E-01 -7.30000079E-01 -7.87334740E-02 2.91072135E-03 1.60555944E-01
1.36657596E-01 -7.29999959E-01 -8.30172971E-02 2.90378975E-03 1.49975792E-01
5.25996625E-01 -7.29999959E-01 -1.20130673E-01 2.71716388E-03 8.10479298E-02
4.33557153E-01 -7.30000019E-01 -1.13669224E-01 2.81697931E-03 8.40162709E-02
4.18151706E-01 -7.29999959E-01 -1.12472773E-01 2.82926136E-03 8.61720964E-02
3.60606015E-01 -7.30000079E-01 -1.07686609E-01 2.86335312E-03 9.48246196E-02
3.42145145E-01 -7.30000019E-01 -1.06038287E-01 2.86323670E-03 9.79390889E-02
3.48377138E-01 -7.30000019E-01 -1.06606998E-01 2.86317733E-03 9.70209911E-02
2.65546173E-01 -7.30000019E-01 -9.85536426E-02 2.88468041E-03 1.13754883E-01
2.62905329E-01 -7.30000019E-01 -9.82754529E-02 2.88542942E-03 1.14335440E-01
2.63988018E-01 -7.30000019E-01 -9.83895287E-02 2.88487505E-03 1.14096574E-01
9.30041075E-02 -7.30000138E-01 -7.66662434E-02 2.90505099E-03 1.65483460E-01
6.24175668E-02 -7.29999900E-01 -7.17871487E-02 2.90875277E-03 1.77981675E-01
6.10308886E-01 -7.29999959E-01 -1.24958791E-01 2.50463490E-03 1.02319837E-01
6.55691504E-01 -7.29999959E-01 -1.27130151E-01 2.29146983E-03 1.36619925E-01
6.59609139E-01 -7.30000019E-01 -1.27304643E-01 2.26922869E-03 1.40716150E-01
6.60677850E-01 -7.30000019E-01 -1.27351046E-01 2.26231990E-03 1.42000332E-01
5.80466866E-01 -7.30000019E-01 -1.23370409E-01 2.60935212E-03 8.99591148E-02
5.55911422E-01 -7.30000019E-01 -1.21958390E-01 2.66725942E-03 8.44208449E-02
-2.46387869E-01 -7.30000019E-01 3.94019261E-02 -3.30463488E-04 7.67804921E-01
-2.46429116E-01 -7.30000019E-01 4.12216485E-02 1.70445841E-04 6.32787883E-01
-2.46062368E-01 -7.30000019E-01 3.71634737E-02 -5.59404143E-04 8.85980129E-01
-2.45685726E-01 -7.30000019E-01 3.56911272E-02 -4.90228937E-04 9.34602916E-01
-2.45899200E-01 -7.30000019E-01 3.64691354E-02 -5.50849014E-04 9.11628962E-01
-2.46402681E-01 -7.30000019E-01 3.95961329E-02 -2.73136800E-04 7.55446911E-01
-2.46434197E-01 -7.30000019E-01 4.10159864E-02 1.30018161E-04 6.49827361E-01
-2.46434242E-01 -7.30000019E-01 4.03412953E-02 -1.05178806E-04 7.02758789E-01
-2.46420339E-01 -7.30000019E-01 4.14198227E-02 2.71799974E-04 6.16245449E-01
-2.46304750E-01 -7.30000019E-01 4.27354351E-02 8.45759700E-04 4.94764328E-01
-2.46376380E-01 -7.30000019E-01 4.20856550E-02 5.50128578E-04 5.56604266E-01
-2.45568037E-01 -7.30000019E-01 3.53094451E-02 -4.75767243E-04 9.43498433E-01
-2.45023578E-01 -7.30000019E-01 3.38039622E-02 -2.64305243E-04 9.67134118E-01
-2.46372640E-01 -7.30000019E-01 3.92035395E-02 -3.68328998E-04 7.80385435E-01
-2.46232703E-01 -7.30000019E-01 3.80838402E-02 -5.12165134E-04 8.43502879E-01
-2.44870976E-01 -7.30000019E-01 3.34347039E-02 -2.19217880E-04 9.69835818E-01
-2.44197503E-01 -7.30000019E-01 3.19827572E-02 -4.24570826E-05 9.74351585E-01
-2.44014978E-01 -7.30000019E-01 3.16268094E-02 2.95516820E-05 9.74281669E-01
-2.43324801E-01 -7.30000019E-01 3.03876139E-02 2.48560886E-04 9.68212605E-01
-2.40645260E-01 -7.30000019E-01 2.65049674E-02 8.51650198E-04 9.20133650E-01
-2.42876917E-01 -7.30000019E-01 2.96526644E-02 3.71032977E-04 9.62107599E-01
-2.42291778E-01 -7.30000019E-01 2.87550483E-02 5.32912789E-04 9.51880038E-01
-2.42587924E-01 -7.30000019E-01 2.92013753E-02 4.55812959E-04 9.57604587E-01
-2.40401089E-01 -7.30000019E-01 2.61975359E-02 8.86184745E-04 9.14857209E-01
-2.39183322E-01 -7.30000019E-01 2.47471072E-02 1.08290557E-03 8.89220238E-01
-2.46201932E-01 -7.30000019E-01 4.34120446E-02 1.24863791E-03 4.26460654E-01
-2.40997553E-01 -7.30000019E-01 2.69577410E-02 7.92416802E-04 9.28265810E-01
-2.41766229E-01 -7.30000019E-01 2.79975552E-02 6.35645934E-04 9.42007661E-01
-2.46067032E-01 -7.30000019E-01 4.40830216E-02 1.62662973E-03 3.56130302E-01
-2.38797829E-01 -7.30000019E-01 2.43124627E-02 1.12857262E-03 8.80969167E-01
-2.36742184E-01 -7.30000019E-01 2.21477486E-02 1.31983752E-03 8.39543641E-01
-2.45758876E-01 -7.30000019E-01 4.52536494E-02 2.29502446E-03 2.28368744E-01
-2.45912313E-01 -7.30000019E-01 4.47184332E-02 1.97876920E-03 2.88821965E-01
7.36874580E-01 -7.30000019E-01 -1.30183578E-01 3.01975338E-03 1.14970364E-01
7.37307727E-01 -7.30000019E-01 -1.30196750E-01 3.77225201E-03 1.10232323E-01
7.38605797E-01 -7.30000019E-01 -1.30236134E-01 3.14207189E-03 6.08976930E-02
7.37474859E-01 -7.30000019E-01 -1.29862934E-01 6.30376890E-05 1.87990423E-02
7.35796750E-01 -7.30000019E-01 -1.30150571E-01 2.92762439E-03 1.29198372E-01
7.33644009E-01 -7.30000019E-01 -1.30084008E-01 2.68854178E-03 1.47405013E-01
7.30873883E-01 -7.30000019E-01 -1.29997030E-01 2.52371724E-03 1.62771776E-01
7.24792302E-01 -7.30000019E-01 -1.29801229E-01 2.31769611E-03 1.82269216E-01
7.29187071E-01 -7.30000019E-01 -1.29943535E-01 2.45362869E-03 1.69750527E-01
7.18032062E-01 -7.30000019E-01 -1.29576325E-01 2.19897507E-03 1.92454770E-01
7.04601824E-01 -7.30000019E-01 -1.29104674E-01 2.10811105E-03 1.91178352E-01
7.00165987E-01 -7.30000019E-01 -1.28941163E-01 2.10234127E-03 1.88751206E-01
6.68069303E-01 -7.29999959E-01 -1.27664283E-01 2.22229748E-03 1.51070982E-01
6.60677850E-01 -7.30000019E-01 -1.27351046E-01 2.26231990E-03 1.42000332E-01
7.36447871E-01 -7.30000019E-01 -1.29524216E-01 2.19259004E-04 2.48478865E-03
7.34845698E-01 -7.30000019E-01 -1.28996283E-01 4.23445599E-04 -1.90760139E-02
7.34057784E-01 -7.30000019E-01 -1.28736883E-01 5.20305824E-04 -3.33957858E-02
7.31257558E-01 -7.30000019E-01 -1.27816051E-01 9.68072738E-04 -7.76877478E-02
7.29652822E-01 -7.30000019E-01 -1.27288952E-01 1.17310253E-03 -1.03546456E-01
7.25571454E-01 -7.30000019E-01 -1.25951335E-01 1.64410914E-03 -1.63592368E-01
7.20730305E-01 -7.30000019E-01 -1.24368943E-01 2.08800426E-03 -2.31994972E-01
7.06731379E-01 -7.30000019E-01 -1.19821019E-01 2.98259687E-03 -3.76878649E-01
7.02808559E-01 -7.30000019E-01 -1.18552178E-01 3.18712648E-03 -4.14548457E-01
6.81148350E-01 -7.30000019E-01 -1.11608207E-01 3.91844334E-03 -5.63357115E-01
6.65543973E-01 -7.30000019E-01 -1.06658772E-01 4.30655247E-03 -6.37055218E-01
6.53463602E-01 -7.29999959E-01 -1.02861457E-01 4.54002945E-03 -6.81710303E-01
5.21786153E-01 -7.30000019E-01 -6.30406961E-02 5.30005805E-03 -6.28984988E-01
6.02594554E-01 -7.30000019E-01 -8.71395022E-02 5.27138729E-03 -7.74948359E-01
4.99685019E-01 -7.29999959E-01 -5.66336401E-02 5.16263396E-03 -5.61860144E-01
4.71277505E-01 -7.30000019E-01 -4.85110395E-02 4.93519194E-03 -4.73076910E-01
6.23912930E-01 -7.29999959E-01 -9.36724991E-02 5.02850628E-03 -7.62041926E-01
5.35469651E-01 -7.29999959E-01 -6.70473799E-02 5.40954620E-03 -6.79376185E-01
5.87716043E-01 -7.30000019E-01 -8.26196820E-02 5.39096771E-03 -7.72365093E-01
4.46571082E-01 -7.30000019E-01 -4.15507481E-02 4.70698765E-03 -3.92831445E-01
4.31664407E-01 -7.29999959E-01 -3.73990797E-02 4.54611937E-03 -3.45719606E-01
3.76027942E-01 -7.30000079E-01 -2.22328082E-02 3.95879243E-03 -1.96255445E-01
3.58052373E-01 -7.30000019E-01 -1.74501054E-02 3.78588028E-03 -1.61830604E-01
2.83566058E-01 -7.30000019E-01 1.70665479E-03 3.15427035E-03 -6.96865916E-02
2.80937821E-01 -7.30000019E-01 2.36081122E-03 3.13496077E-03 -6.74840733E-02
-2.40263239E-01 -7.30000019E-01 5.36030903E-02 6.12170855E-03 -5.18846452E-01
-2.44078889E-01 -7.30000019E-01 4.89952713E-02 4.53712977E-03 -1.73799455E-01
-2.42955804E-01 -7.30000019E-01 5.06503955E-02 5.30135259E-03 -3.24473560E-01
-2.38742381E-01 -7.30000019E-01 5.49115725E-02 6.30647782E-03 -5.68925798E-01
-2.37097874E-01 -7.30000019E-01 5.61469197E-02 6.45463122E-03 -5.99868774E-01
-2.41674647E-01 -7.30000019E-01 5.21861129E-02 5.82350092E-03 -4.39453840E-01
-2.44182006E-01 -7.30000019E-01 4.88242880E-02 4.42316243E-03 -1.57093167E-01
-2.44806737E-01 -7.30000019E-01 4.76623401E-02 3.81566724E-03 -3.75312492E-02
-2.44567722E-01 -7.30000019E-01 4.81315441E-02 4.08295589E-03 -8.68821368E-02
-2.42835432E-01 -7.30000019E-01 5.08097410E-02 5.38817467E-03 -3.37848008E-01
-2.41809547E-01 -7.30000019E-01 5.20387702E-02 5.76305389E-03 -4.29723084E-01
-2.42291734E-01 -7.30000019E-01 5.14829680E-02 5.61281992E-03 -3.90278339E-01
-2.45758876E-01 -7.30000019E-01 4.52536494E-02 2.29502446E-03 2.28368744E-01
-2.41539747E-01 -7.30000019E-01 5.23334593E-02 5.88394329E-03 -4.49184626E-01
-2.40409911E-01 -7.30000019E-01 5.34671172E-02 6.08496554E-03 -5.12596309E-01
-2.40983576E-01 -7.30000019E-01 5.29091433E-02 5.99631527E-03 -4.83672023E-01
-2.40116477E-01 -7.30000019E-01 5.37390187E-02 6.14040624E-03 -5.25092721E-01
-2.38898844E-01 -7.30000019E-01 5.47862686E-02 6.29434222E-03 -5.65060377E-01
-2.39466012E-01 -7.30000019E-01 5.43125458E-02 6.23195525E-03 -5.48571110E-01
-2.38584310E-01 -7.30000019E-01 5.50380126E-02 6.33376138E-03 -5.72817028E-01
-2.37265959E-01 -7.30000019E-01 5.60273044E-02 6.45540329E-03 -5.97305000E-01
-2.37940475E-01 -7.30000019E-01 5.55335656E-02 6.37967605E-03 -5.85934222E-01
-2.43076175E-01 -7.30000019E-01 5.04910387E-02 5.21451747E-03 -3.11098397E-01
-2.43975803E-01 -7.30000019E-01 4.91662063E-02 4.65105008E-03 -1.90500647E-01
-2.45179623E-01 -7.30000019E-01 4.68459986E-02 3.33541678E-03 5.18677123E-02
-2.45432943E-01 -7.30000019E-01 4.62116860E-02 2.90482258E-03 1.22035183E-01
-2.33207434E-01 -7.30000019E-01 5.85594289E-02 6.53578201E-03 -6.26197696E-01
-2.35021085E-01 -7.30000019E-01 5.75102642E-02 6.56083552E-03 -6.21712863E-01
-2.34176293E-01 -7.30000019E-01 5.80127127E-02 6.54914044E-03 -6.25422895E-01
-2.36785546E-01 -7.30000019E-01 5.63640222E-02 6.49804249E-03 -6.04454100E-01
-2.35370591E-01 -7.30000019E-01 5.72927333E-02 6.55245595E-03 -6.19297445E-01
-2.25239620E-01 -7.30000019E-01 6.21690340E-02 6.29379135E-03 -5.92950583E-01
-2.22083211E-01 -7.30000019E-01 6.32851198E-02 6.14269217E-03 -5.70936084E-01
-2.32546523E-01 -7.30000019E-01 5.89150563E-02 6.51460234E-03 -6.25250280E-01
-2.29941249E-01 -7.30000019E-01 6.02049008E-02 6.45491108E-03 -6.16682768E-01
-2.29386896E-01 -7.30000019E-01 6.04579076E-02 6.43847417E-03 -6.14483297E-01
-2.26584926E-01 -7.30000019E-01 6.16485365E-02 6.35726890E-03 -6.00918949E-01
-2.09648281E-01 -7.30000019E-01 6.66375533E-02 5.61587466E-03 -4.91303355E-01
-2.10765898E-01 -7.30000019E-01 6.63913712E-02 5.65957325E-03 -4.97933924E-01
-2.15729773E-01 -7.30000019E-01 6.51752353E-02 5.87762753E-03 -5.30197203E-01
-2.20576420E-01 -7.30000019E-01 6.37730062E-02 6.08266098E-03 -5.60801148E-01
-2.16434777E-01 -7.30000019E-01 6.49888143E-02 5.91038074E-03 -5.34745634E-01
-2.08331674E-01 -7.29999959E-01 6.69185072E-02 5.58145996E-03 -4.83162940E-01
-2.01085657E-01 -7.29999959E-01 6.82705864E-02 5.35631180E-03 -4.45653886E-01
-1.99353710E-01 -7.30000019E-01 6.85501248E-02 5.29098464E-03 -4.37124372E-01
-1.95084274E-01 -7.30000079E-01 6.91811666E-02 5.19755902E-03 -4.18940097E-01
 2 1
 1 5
 5 6
 6 4
 2 3
 3 9
 9 10
 10 7
 7 8
 8 11
 11 12
 12 13
 13 14
 14 15
 15 16
 16 17
 17 18
 18 19
 19 23
 23 27
 27 26
 26 20
 20 24
 24 25
 25 21
 21 22
 29 28
 28 30
 30 31
 31 32
 32 33
 33 34
 34 35
 35 47
 47 38
 38 39
 39 37
 37 44
 44 43
 43 36
 36 45
 45 46
 46 42
 42 41
 41 40
 40 48
 48 49
 50 52
 52 53
 53 64
 64 65
 65 54
 54 66
 66 68
 68 67
 67 55
 55 69
 69 71
 71 70
 70 58
 58 57
 57 56
 56 60
 60 62
 62 61
 61 59
 59 72
 72 73
 75 76
 76 77
 63 51
 51 50
 74 75
 78 79
 79 63
 78 74
 80 85
 85 87
 87 86
 86 81
 81 88
 88 90
 90 89
 89 105
 105 108
 108 112
 112 111
 96 97
 97 98
 98 100
 100 102
 102 101
 101 107
 107 106
 106 99
 99 103
 103 104
 104 109
 109 110
 95 96
 92 95
 83 91
 91 92
 83 84
 84 82
 82 94
 94 93
 93 80
 114 115
 115 116
 116 127
 127 128
 128 129
 129 130
 130 131
 131 132
 132 133
 133 134
 134 135
 135 136
 136 137
 137 138
 138 143
 143 140
 140 145
 145 144
 144 139
 139 141
 141 142
 142 146
 146 147
 147 148
 148 149
 149 150
 150 151
 120 121
 121 119
 119 118
 118 117
 117 113
 113 114
 124 125
 125 126
 120 122
 122 123
 123 124
 154 161
 161 163
 163 162
 162 157
 157 165
 165 167
 167 166
 166 152
 152 168
 168 170
 170 169
 169 155
 155 171
 171 173
 173 172
 172 156
 156 181
 181 182
 182 179
 179 180
 180 178
 178 185
 185 186
 186 187
 187 188
 188 183
 183 184
 184 192
 192 193
 193 191
 191 190
 190 189
 189 194
 194 195
 195 196
 196 197
 174 154
 159 176
 176 177
 177 164
 158 160
 160 159
 153 175
 175 174
 158 153
