TITLE     = "Surface mesh and solution"
VARIABLES = "x" "y" "z" "cfx" "Cp"
DATASETAUXDATA alpha_deg="  0.0000000E+00"
DATASETAUXDATA beta_deg="  0.0000000E+00"
DATASETAUXDATA bref="  0.7500000"
DATASETAUXDATA cref="   1.000000"
DATASETAUXDATA itranflg="           0"
DATASETAUXDATA ivisc="           2"
DATASETAUXDATA mach="  0.2000000"
DATASETAUXDATA reue_mil="   4.600000"
DATASETAUXDATA sref="  0.7500000"
DATASETAUXDATA tinf_r="   521.0000"
DATASETAUXDATA xmc="  0.0000000E+00"
DATASETAUXDATA ymc="  0.0000000E+00"
DATASETAUXDATA zmc="  0.0000000E+00"
ZONE T="COFFE, MIT adapt Y=-0.001"
 STRANDID=0, SOLUTIONTIME=0
 Nodes=167, Elements=162, ZONETYPE=FELineSeg
 DATAPACKING=POINT
 DT=(DOUBLE DOUBLE DOUBLE DOUBLE DOUBLE )
7.38605797E-01 -1.00000005E-03 -1.30236134E-01 2.10623257E-03 3.95193696E-01
7.37655997E-01 -9.99999931E-04 -1.29923388E-01 3.30040348E-05 4.01184946E-01
7.36758292E-01 -1.00000005E-03 -1.29628062E-01 3.30032817E-05 4.03182894E-01
7.35651851E-01 -1.00000005E-03 -1.29264042E-01 3.30032999E-05 4.05645609E-01
7.37606287E-01 -1.00000005E-03 -1.30205169E-01 1.38442405E-03 3.91284794E-01
7.35497475E-01 -1.00000005E-03 -1.30139500E-01 1.09934248E-03 3.96404952E-01
7.33968019E-01 -1.00000005E-03 -1.28710076E-01 3.30033326E-05 4.09393340E-01
7.27807045E-01 -1.00002124E-03 -1.26695737E-01 -1.24152821E-05 4.06162560E-01
7.33725727E-01 -1.00000005E-03 -1.30084038E-01 1.06656540E-03 3.97757292E-01
7.28851676E-01 -1.00000005E-03 -1.29930198E-01 1.06657273E-03 3.96303624E-01
7.24972069E-01 -1.00002729E-03 -1.25770181E-01 -1.24152302E-05 4.04668778E-01
7.26302266E-01 -1.00000005E-03 -1.29847303E-01 1.44372298E-03 3.96983236E-01
7.19411552E-01 -1.00001134E-03 -1.23954780E-01 -1.24151284E-05 4.01738912E-01
7.10590065E-01 -9.99977114E-04 -1.21074721E-01 -1.24149665E-05 3.97090912E-01
7.00669229E-01 -9.99821350E-04 -1.17885254E-01 -1.59552910E-05 3.92425001E-01
7.21301734E-01 -9.99999815E-04 -1.29684687E-01 1.44373428E-03 3.98627430E-01
7.10651040E-01 -9.99999931E-04 -1.29315227E-01 1.30471517E-03 3.92343402E-01
7.01694071E-01 -9.99998534E-04 -1.28993139E-01 1.51984498E-03 3.87881190E-01
6.81977451E-01 -9.96622839E-04 -1.11969277E-01 -1.43992311E-05 3.83013040E-01
6.81886733E-01 -9.99998185E-04 -1.28234625E-01 1.85266510E-03 3.83384109E-01
6.71255350E-01 -9.99995507E-04 -1.27791807E-01 1.85267581E-03 3.81487936E-01
6.46444380E-01 -9.99444979E-04 -1.00705609E-01 -3.24410757E-05 3.64607930E-01
6.32341206E-01 -1.00328575E-03 -9.63788256E-02 -3.24411449E-05 3.56204748E-01
6.21189654E-01 -1.00378005E-03 -9.29576904E-02 -3.24411958E-05 3.49558502E-01
6.25555277E-01 -1.00000016E-03 -1.25721410E-01 1.74257485E-03 3.71014774E-01
6.14115059E-01 -9.99998185E-04 -1.25154689E-01 1.39574171E-03 3.72229844E-01
5.58606267E-01 -9.98588861E-04 -7.39291385E-02 -2.86605564E-06 3.09616774E-01
5.52426398E-01 -9.99999349E-04 -1.21746391E-01 1.46990933E-03 3.57150972E-01
5.40521562E-01 -1.00000075E-03 -1.21027209E-01 1.79277814E-03 3.56064558E-01
-2.45117337E-01 -1.00022904E-03 3.41619626E-02 -2.33717365E-04 5.99303484E-01
-2.44706452E-01 -1.00003881E-03 3.30841243E-02 -2.33771076E-04 6.68105245E-01
-2.44911745E-01 -1.00020808E-03 3.36226523E-02 -2.33743005E-04 6.33728325E-01
-2.45419711E-01 -1.00014382E-03 3.49551588E-02 -2.33683706E-04 5.48676670E-01
-2.45767936E-01 -1.00000168E-03 3.60533372E-02 -2.09849924E-04 4.40516502E-01
-2.45977297E-01 -1.00000168E-03 3.68763730E-02 -2.09931590E-04 3.42853338E-01
-2.46203050E-01 -1.00004626E-03 3.80075276E-02 -1.04849394E-04 1.79821074E-01
-2.46113405E-01 -1.00000307E-03 3.74370366E-02 -3.10152507E-04 2.72368640E-01
-2.45231539E-01 -1.00001250E-03 4.66921628E-02 1.63448602E-03 -9.77039158E-01
-2.45006561E-01 -1.00001704E-03 4.72240709E-02 2.00124062E-03 -9.79748547E-01
-2.45994419E-01 -1.00003264E-03 4.43905555E-02 9.90169821E-04 -7.22596824E-01
-2.45541841E-01 -1.00000144E-03 4.59024943E-02 1.04366662E-03 -9.51117933E-01
-2.45814040E-01 -1.00002519E-03 4.50111516E-02 5.23238617E-04 -7.98884451E-01
-2.45709658E-01 -1.00004137E-03 4.53611761E-02 5.23216091E-04 -8.54625046E-01
-2.46330708E-01 -9.99994110E-04 3.88455316E-02 -1.04679893E-04 5.06136790E-02
-2.46407300E-01 -9.99982702E-04 3.99982817E-02 1.06684078E-04 -6.04148097E-02
-2.46421933E-01 -1.00002124E-03 4.08456624E-02 -9.63511266E-05 -1.35062858E-01
-2.46334314E-01 -9.99940326E-04 4.24210206E-02 1.69590669E-04 -3.07764292E-01
-2.46388778E-01 -1.00003334E-03 4.17021587E-02 -9.64466890E-05 -2.22845882E-01
-2.46201932E-01 -1.00000005E-03 4.34120446E-02 4.70400846E-04 -4.83386397E-01
-2.44341463E-01 -1.00002717E-03 3.23183276E-02 -1.62301993E-04 7.12418914E-01
-2.43809611E-01 -1.00002682E-03 3.12827341E-02 -1.62273907E-04 7.66380429E-01
-2.44077057E-01 -1.00004708E-03 3.18034962E-02 -1.62282842E-04 7.39245832E-01
-2.43396357E-01 -1.00000168E-03 3.05239968E-02 -1.55420246E-04 8.03144753E-01
-2.42787361E-01 -1.00000005E-03 2.95174439E-02 -1.55413538E-04 8.32224548E-01
-2.43093267E-01 -1.00000529E-03 3.00230514E-02 -1.55416899E-04 8.17617774E-01
-2.42271096E-01 -1.00000273E-03 2.87447181E-02 -1.10453708E-04 8.68636072E-01
-2.41523921E-01 -9.99999116E-04 2.76736617E-02 -2.46600503E-05 9.21984076E-01
-2.41930857E-01 -1.00000331E-03 2.82468572E-02 -1.10459361E-04 8.96799266E-01
-2.40721777E-01 -1.00001052E-03 2.66298577E-02 -2.46525997E-05 9.39383626E-01
-2.40068287E-01 -9.99998418E-04 2.57916488E-02 6.87337024E-06 9.50049341E-01
-2.39263192E-01 -1.00000715E-03 2.48639174E-02 6.87367128E-06 9.71703887E-01
-2.37966552E-01 -9.99999233E-04 2.34283991E-02 6.84568204E-06 9.95747924E-01
-2.38715008E-01 -1.00000529E-03 2.42322348E-02 6.87387637E-06 9.86449480E-01
-2.36529231E-01 -1.00000459E-03 2.19429955E-02 6.84557699E-06 1.00969934E+00
-2.35303238E-01 -1.00003986E-03 2.07960531E-02 2.33981482E-05 9.98691976E-01
-2.33846992E-01 -1.00001390E-03 1.94463134E-02 2.33982137E-05 9.83107209E-01
-2.32870519E-01 -1.00000610E-03 1.85892563E-02 8.89464718E-05 9.77355897E-01
-2.29341581E-01 -9.99993761E-04 1.57212429E-02 9.42766710E-05 9.57502484E-01
-2.27307200E-01 -1.00000505E-03 1.42148398E-02 1.28684143E-04 9.36475396E-01
-2.31644079E-01 -9.99993994E-04 1.75540950E-02 8.89442890E-05 9.71263468E-01
-2.32870519E-01 -1.00000610E-03 1.85892563E-02 8.89464718E-05 9.77355897E-01
-2.24453643E-01 -9.99994809E-04 1.21544721E-02 3.53702548E-04 9.04696465E-01
-2.20673665E-01 -9.99998068E-04 9.66649316E-03 3.53693846E-04 8.92716289E-01
-2.22730637E-01 -1.00001565E-03 1.10203912E-02 3.53698531E-04 8.99235487E-01
-2.16642886E-01 -1.00000028E-03 7.14343274E-03 6.20499486E-04 8.70260894E-01
-2.12918758E-01 -1.00000587E-03 5.01215737E-03 7.77527224E-04 8.43915164E-01
-2.08572567E-01 -1.00000075E-03 2.57611764E-03 7.98085530E-04 8.13961387E-01
-2.01818854E-01 -9.99984331E-04 -9.05819237E-04 9.08015936E-04 7.78797925E-01
-1.94748521E-01 -1.00000110E-03 -4.34112782E-03 1.03112310E-03 7.59437203E-01
-1.88176125E-01 -9.99987009E-04 -7.32489908E-03 9.80506651E-04 7.21960664E-01
-1.78466752E-01 -9.99998651E-04 -1.14421165E-02 9.53236187E-04 6.85030878E-01
-1.65075794E-01 -9.99998767E-04 -1.66943055E-02 1.04954059E-03 6.43567979E-01
-1.54130831E-01 -1.00000040E-03 -2.06616111E-02 1.21594523E-03 6.18250012E-01
-1.34277374E-01 -9.99992597E-04 -2.72980463E-02 1.32002088E-03 5.85382402E-01
-1.45924494E-01 -1.00000692E-03 -2.34769005E-02 1.12131343E-03 6.10769808E-01
-1.24361061E-01 -1.00002415E-03 -3.03689167E-02 8.09374033E-04 5.60699642E-01
-1.08556248E-01 -9.99978394E-04 -3.50316167E-02 1.21883093E-03 5.34997284E-01
2.54259825E-01 -1.00000261E-03 -9.73337367E-02 1.55039050E-03 3.53631258E-01
2.72354364E-01 -9.99997603E-04 -9.92529914E-02 1.46076118E-03 3.52537185E-01
2.19955370E-01 -9.99999931E-04 -9.35240760E-02 1.93518004E-03 3.61514777E-01
1.99415088E-01 -1.00000226E-03 -9.10840034E-02 1.92364014E-03 3.64019364E-01
1.58126935E-01 -9.99989337E-04 -8.59137774E-02 1.77793344E-03 3.68175298E-01
1.31286427E-01 -1.00000319E-03 -8.22654366E-02 1.47720240E-03 3.73751551E-01
-4.86274846E-02 -9.99997719E-04 -5.02664223E-02 1.67140702E-03 4.79701191E-01
-5.88784143E-02 -1.00000005E-03 -4.78675365E-02 1.37768674E-03 4.88238126E-01
-8.53128638E-03 -9.99999349E-04 -5.88563755E-02 1.66536181E-03 4.42462593E-01
4.26538987E-03 -1.00000110E-03 -6.13861531E-02 1.60952494E-03 4.37488288E-01
5.28739989E-02 -9.99997021E-04 -7.01947883E-02 1.72619335E-03 4.08891737E-01
6.85763806E-02 -9.99996904E-04 -7.28109777E-02 1.88594474E-03 4.03670609E-01
3.16858619E-01 -9.99998068E-04 -1.03688031E-01 1.82415987E-03 3.50619853E-01
3.33750427E-01 -9.99998534E-04 -1.05274066E-01 1.82420178E-03 3.46084774E-01
3.96042466E-01 -9.99996555E-04 -1.10696867E-01 1.83440011E-03 3.46224725E-01
4.10651207E-01 -1.00000051E-03 -1.11867696E-01 1.63825718E-03 3.46961111E-01
4.68018562E-01 -1.00000051E-03 -1.16218448E-01 1.42548676E-03 3.48668158E-01
4.80211407E-01 -9.99999582E-04 -1.17075555E-01 1.51582446E-03 3.48919809E-01
5.40521562E-01 -1.00000075E-03 -1.21027209E-01 1.79277814E-03 3.56064558E-01
-2.42587045E-01 -1.00003311E-03 5.11026345E-02 3.59885697E-03 -1.48512602E+00
-2.43286937E-01 -1.00000668E-03 5.01851812E-02 1.94576930E-03 -1.31153524E+00
-2.42949873E-01 -9.99995857E-04 5.06538600E-02 2.07077432E-03 -1.50404739E+00
-2.42045924E-01 -1.00001751E-03 5.17568216E-02 3.60052171E-03 -1.39871585E+00
-2.41264030E-01 -1.00003195E-03 5.26049249E-02 3.31949280E-03 -1.37355530E+00
-2.43764758E-01 -1.00000540E-03 4.94833365E-02 2.87715974E-03 -1.18258202E+00
-2.44359434E-01 -1.00003672E-03 4.84938994E-02 2.41782563E-03 -1.09391272E+00
-2.40671232E-01 -1.00000110E-03 5.32130189E-02 4.79317550E-03 -1.36522174E+00
-2.39814982E-01 -9.99999698E-04 5.40040731E-02 4.39126464E-03 -1.37580156E+00
-2.39153028E-01 -1.00001739E-03 5.45632690E-02 3.96341272E-03 -1.41678905E+00
-2.38234714E-01 -9.99999582E-04 5.53094409E-02 3.94314574E-03 -1.48269761E+00
-2.37478986E-01 -1.00000144E-03 5.58636375E-02 3.47065786E-03 -1.41324043E+00
-2.36434102E-01 -1.00000831E-03 5.65791726E-02 2.26767804E-03 -1.38103580E+00
-2.35593811E-01 -1.00001215E-03 5.71196526E-02 2.26752786E-03 -1.40922678E+00
-2.34359965E-01 -1.00000016E-03 5.79007566E-02 1.78750546E-03 -1.44473910E+00
-2.33295903E-01 -9.99903772E-04 5.84835783E-02 3.44908284E-03 -1.41669452E+00
-2.31693059E-01 -9.99998068E-04 5.93503043E-02 3.68110067E-03 -1.35885799E+00
-2.30273828E-01 -9.99978394E-04 6.00398220E-02 2.87734019E-03 -1.37783408E+00
-2.28135079E-01 -1.00002182E-03 6.09952584E-02 3.16286390E-03 -1.33232152E+00
-2.26251855E-01 -9.99990967E-04 6.17703386E-02 1.33979274E-03 -1.31708789E+00
-2.23714858E-01 -9.99997254E-04 6.27175719E-02 1.48728653E-03 -1.25579727E+00
-2.21587554E-01 -1.00002182E-03 6.34393021E-02 1.40061521E-03 -1.24028087E+00
-2.18452096E-01 -1.00002077E-03 6.44013882E-02 1.50743546E-03 -1.20936537E+00
-2.44745836E-01 -1.00012845E-03 4.77394052E-02 2.41825404E-03 -1.02193165E+00
-2.45006561E-01 -1.00001704E-03 4.72240709E-02 2.00124062E-03 -9.79748547E-01
-2.18452096E-01 -1.00002077E-03 6.44013882E-02 1.50743546E-03 -1.20936537E+00
-2.14384943E-01 -9.99920536E-04 6.55068383E-02 1.03302381E-03 -1.14761698E+00
-2.10632414E-01 -1.00000668E-03 6.64070100E-02 6.12898264E-04 -1.12505066E+00
-2.12774426E-01 -9.99873388E-04 6.59129322E-02 1.03298982E-03 -1.13521051E+00
-2.06670031E-01 -1.00004568E-03 6.72519431E-02 6.12740521E-04 -1.10567510E+00
-2.01422662E-01 -9.99386190E-04 6.82096034E-02 6.77240023E-04 -1.04317021E+00
-1.96335256E-01 -9.99933225E-04 6.89943209E-02 6.81739475E-04 -9.92264152E-01
-1.89329296E-01 -1.00069377E-03 6.98669925E-02 5.96294005E-04 -9.36458707E-01
-1.83491066E-01 -1.00021751E-03 7.05109537E-02 5.36530570E-04 -8.99489939E-01
-1.73052445E-01 -9.98284318E-04 7.13070333E-02 3.00783140E-04 -8.41337383E-01
-1.60474315E-01 -1.00323919E-03 7.18535855E-02 2.09975609E-04 -7.85809934E-01
-1.48776829E-01 -9.99566168E-04 7.21435919E-02 2.44192663E-04 -7.28497922E-01
-1.36780545E-01 -9.99818789E-04 7.21126422E-02 2.44174240E-04 -6.83569252E-01
-1.19678490E-01 -1.00004068E-03 7.16725737E-02 1.77142618E-04 -6.29916608E-01
-1.09204561E-01 -9.98857431E-04 7.12012723E-02 2.17013672E-04 -5.99312484E-01
-9.32242498E-02 -9.95091745E-04 7.02468604E-02 3.11032782E-04 -5.56518734E-01
2.70505369E-01 -1.00049237E-03 4.90693795E-03 6.82417303E-05 4.47181761E-02
2.83897340E-01 -9.99374432E-04 1.59236055E-03 5.22333539E-05 5.88250495E-02
1.66927621E-01 -1.00154616E-03 2.90217716E-02 8.77721322E-05 -8.34516510E-02
1.44619077E-01 -9.98942647E-04 3.38139124E-02 9.37837685E-05 -1.13658153E-01
2.32904106E-01 -9.98984673E-04 1.39779150E-02 8.28001721E-05 7.30932108E-04
2.15749890E-01 -1.00024522E-03 1.80512425E-02 8.27989643E-05 -2.04047617E-02
-4.59616818E-02 -1.00040308E-03 6.58983812E-02 1.27282736E-04 -4.48012114E-01
-2.96776742E-02 -1.00268982E-03 6.40006587E-02 1.07531509E-04 -4.11301732E-01
2.77178152E-03 -9.98491538E-04 5.95702007E-02 8.48978743E-05 -3.45915377E-01
2.26103719E-02 -1.00045325E-03 5.65545447E-02 1.08003216E-04 -3.12082797E-01
6.68433309E-02 -1.00104848E-03 4.91272025E-02 9.41161343E-05 -2.36310765E-01
8.56577531E-02 -9.99523560E-04 4.56320457E-02 1.02925551E-04 -2.03017965E-01
3.33205581E-01 -1.00176234E-03 -1.09667648E-02 4.70871237E-05 1.13940343E-01
3.46313179E-01 -9.97824711E-04 -1.43816499E-02 4.61444288E-05 1.27932712E-01
4.07436013E-01 -9.99992364E-04 -3.07442155E-02 3.78515251E-05 1.85487106E-01
4.19196188E-01 -9.99114243E-04 -3.39768082E-02 2.33143619E-05 1.96276724E-01
4.78287399E-01 -9.88727203E-04 -5.05697429E-02 2.57165402E-06 2.46035725E-01
4.89927918E-01 -9.92639456E-04 -5.38756847E-02 2.57165289E-06 2.55502135E-01
5.46712279E-01 -9.98062664E-04 -7.04126135E-02 -2.86606155E-06 3.00622255E-01
5.58606267E-01 -9.98588861E-04 -7.39291385E-02 -2.86605564E-06 3.09616774E-01
 5 1
 1 2
 2 3
 3 4
 4 7
 7 8
 8 11
 11 13
 13 14
 14 15
 15 19
 19 22
 22 23
 23 24
 24 27
 6 9
 9 10
 10 12
 12 16
 16 17
 17 18
 18 20
 20 21
 21 25
 25 26
 26 28
 28 29
 5 6
 30 33
 33 34
 34 35
 35 37
 37 36
 36 44
 44 45
 45 46
 46 48
 48 47
 47 49
 49 40
 40 42
 42 43
 43 41
 41 38
 38 39
 51 52
 52 50
 50 31
 31 32
 32 30
 61 60
 60 59
 59 57
 57 58
 58 56
 56 54
 54 55
 55 53
 53 51
 65 64
 64 62
 62 63
 63 61
 66 67
 66 65
 68 70
 70 71
 72 69
 69 68
 75 73
 73 74
 74 72
 76 75
 79 78
 78 77
 77 76
 81 82
 82 83
 83 85
 85 84
 84 86
 86 87
 87 95
 95 94
 94 96
 96 97
 97 98
 98 99
 99 93
 93 92
 92 91
 91 90
 90 88
 88 89
 89 100
 100 101
 101 102
 102 103
 103 104
 104 105
 105 106
 81 80
 80 79
 107 110
 110 111
 111 114
 114 115
 115 116
 116 117
 117 118
 118 119
 119 120
 120 121
 121 122
 122 123
 123 124
 124 125
 125 126
 126 127
 127 128
 128 129
 112 108
 108 109
 109 107
 130 113
 113 112
 130 131
 132 133
 133 135
 135 134
 134 136
 136 137
 137 138
 138 139
 139 140
 140 141
 141 142
 142 143
 143 144
 144 145
 145 146
 146 147
 147 154
 154 155
 155 156
 156 157
 157 158
 158 159
 159 151
 151 150
 150 153
 153 152
 152 148
 148 149
 149 160
 160 161
 161 162
 162 163
 163 164
 164 165
 165 166
 166 167
ZONE T="COFFE, MIT adapt Y=-0.035"
 STRANDID=0, SOLUTIONTIME=0
 Nodes=188, Elements=183, ZONETYPE=FELineSeg
 DATAPACKING=POINT
 DT=(DOUBLE DOUBLE DOUBLE DOUBLE DOUBLE )
7.36352086E-01 -3.50000001E-02 -1.30166665E-01 1.09934725E-03 4.01364714E-01
7.38038182E-01 -3.50000001E-02 -1.30218640E-01 1.38442451E-03 3.97322595E-01
7.38605797E-01 -3.50000001E-02 -1.30236134E-01 2.10623257E-03 3.99304420E-01
7.38092303E-01 -3.50000001E-02 -1.30066901E-01 7.74184155E-05 4.00637567E-01
7.33821392E-01 -3.50000001E-02 -1.30087987E-01 1.11328182E-03 4.04017657E-01
7.33305514E-01 -3.50000001E-02 -1.30072072E-01 1.11328322E-03 4.04181510E-01
7.33627558E-01 -3.50000001E-02 -1.30082011E-01 1.11328240E-03 4.04079229E-01
7.10316896E-01 -3.50000001E-02 -1.29303351E-01 1.32996892E-03 3.94504070E-01
7.26765573E-01 -3.50000001E-02 -1.29862949E-01 1.44662755E-03 4.00611967E-01
7.20274448E-01 -3.50000001E-02 -1.29650444E-01 1.30471657E-03 4.00866121E-01
6.90788865E-01 -3.50000001E-02 -1.28580704E-01 1.51984696E-03 3.87268782E-01
6.87476993E-01 -3.50000001E-02 -1.28453940E-01 1.50590704E-03 3.86184543E-01
6.80069685E-01 -3.50000001E-02 -1.28161341E-01 2.08684546E-03 3.82726938E-01
6.43295348E-01 -3.50000001E-02 -1.26564234E-01 1.84814760E-03 3.73749018E-01
6.18262112E-01 -3.50000001E-02 -1.25362247E-01 1.76756282E-03 3.70515019E-01
7.36960948E-01 -3.50000001E-02 -1.29693627E-01 6.34246098E-05 4.01029497E-01
7.34144866E-01 -3.50000001E-02 -1.28767475E-01 4.36554456E-06 4.00077194E-01
7.33882248E-01 -3.50000001E-02 -1.28681272E-01 4.36554319E-06 4.00032640E-01
7.33634055E-01 -3.50000001E-02 -1.28599808E-01 4.36554228E-06 3.99990559E-01
7.16060340E-01 -3.49999890E-02 -1.22853778E-01 -3.45947910E-07 3.95592600E-01
7.28248835E-01 -3.50000001E-02 -1.26832187E-01 4.36551954E-06 3.99077177E-01
7.21366167E-01 -3.50000001E-02 -1.24579273E-01 4.98221925E-06 3.97473216E-01
6.91911161E-01 -3.49999703E-02 -1.15060806E-01 -7.40559335E-06 3.86116505E-01
6.88261032E-01 -3.49999554E-02 -1.13885507E-01 -7.40562064E-06 3.84618759E-01
-2.46271908E-01 -3.49999703E-02 3.84051763E-02 -6.87764623E-05 2.44271964E-01
-2.45278925E-01 -3.50000151E-02 3.45533565E-02 -1.65148624E-04 6.71860993E-01
-2.46371910E-01 -3.50000076E-02 4.19550017E-02 2.79553788E-04 -3.13649416E-01
-2.44497538E-01 -3.49999741E-02 3.27101871E-02 -1.08758388E-04 7.74656117E-01
-2.43512690E-01 -3.50000039E-02 3.07392683E-02 -4.49945728E-05 8.36984694E-01
-2.42499456E-01 -3.49999815E-02 2.90984362E-02 -5.58816646E-05 9.05442715E-01
-2.45437056E-01 -3.49999666E-02 3.50216478E-02 -1.51003420E-04 6.26347601E-01
-2.45735645E-01 -3.50000001E-02 3.58814858E-02 -1.50999927E-04 5.36945581E-01
-2.45121002E-01 -3.50000039E-02 3.40852141E-02 -1.65187186E-04 7.17239499E-01
-2.44668603E-01 -3.49999815E-02 3.30677629E-02 -1.08789398E-04 7.63976097E-01
-2.44326308E-01 -3.49999741E-02 3.23522985E-02 -1.08732958E-04 7.85344660E-01
-2.43789151E-01 -3.50000039E-02 3.12254094E-02 -1.15563867E-04 8.18908691E-01
-2.44063511E-01 -3.49999778E-02 3.18030007E-02 -1.08703025E-04 8.01748097E-01
-2.43257433E-01 -3.50000076E-02 3.03272679E-02 -4.49949512E-05 8.53648722E-01
-2.42723972E-01 -3.49999741E-02 2.94630621E-02 -5.58815045E-05 8.89824450E-01
-2.39309043E-01 -3.50000001E-02 2.48939227E-02 1.88942577E-05 1.00588286E+00
-2.46178344E-01 -3.49999331E-02 3.79257575E-02 -6.82262835E-05 3.02187651E-01
-2.46001512E-01 -3.49999331E-02 3.70196924E-02 -6.75350529E-05 4.11675543E-01
-2.42261738E-01 -3.50000039E-02 2.87123714E-02 -5.58818319E-05 9.21979427E-01
-2.41421446E-01 -3.49999927E-02 2.75532678E-02 -1.96188685E-05 9.51263487E-01
-2.41885483E-01 -3.49999890E-02 2.81850845E-02 -1.96189176E-05 9.39237118E-01
-2.46324703E-01 -3.49999629E-02 3.88888381E-02 1.93709220E-05 1.81661949E-01
-2.46371239E-01 -3.49998623E-02 3.97113748E-02 2.10595936E-05 6.04295544E-02
-2.46413782E-01 -3.50000039E-02 4.13127579E-02 2.79490603E-04 -1.93601966E-01
-2.46427372E-01 -3.49999666E-02 4.07033004E-02 2.17764318E-05 -8.58369321E-02
-2.46266946E-01 -3.50000039E-02 4.29491177E-02 2.70369957E-04 -5.21015525E-01
-2.46201932E-01 -3.50000001E-02 4.34120446E-02 2.74286780E-04 -6.01459205E-01
-2.46105015E-01 -3.50000001E-02 4.38673198E-02 6.38220168E-04 -6.97433054E-01
-2.36889035E-01 -3.49999927E-02 2.23169141E-02 1.91255476E-05 9.87055957E-01
-2.38666356E-01 -3.50000039E-02 2.41861437E-02 8.63165951E-06 1.00384772E+00
-2.37453833E-01 -3.50000001E-02 2.28726286E-02 8.63110654E-06 9.91225779E-01
-2.39864841E-01 -3.50000001E-02 2.55658999E-02 1.88878148E-05 9.92787898E-01
-2.40569964E-01 -3.50000001E-02 2.64184326E-02 1.88826543E-05 9.76177096E-01
-2.36434519E-01 -3.49999927E-02 2.18752567E-02 1.89367820E-05 9.84423697E-01
-2.35219508E-01 -3.49999964E-02 2.06944961E-02 1.89373604E-05 9.86126602E-01
-2.33789578E-01 -3.50000001E-02 1.94022432E-02 5.57866952E-05 9.88610685E-01
-2.30097458E-01 -3.49999927E-02 1.63342152E-02 1.14109847E-04 9.72121060E-01
-2.32614204E-01 -3.50000039E-02 1.83739867E-02 5.57870044E-05 9.90820169E-01
-2.28551909E-01 -3.50000076E-02 1.51129551E-02 1.14107082E-04 9.57416177E-01
-2.25236818E-01 -3.49999927E-02 1.27223488E-02 2.08730795E-04 9.20952320E-01
-2.45868191E-01 -3.50000039E-02 4.48395647E-02 1.10238453E-03 -9.05616701E-01
-2.45195881E-01 -3.50000001E-02 4.67828102E-02 1.69725623E-03 -1.11294699E+00
-2.44992003E-01 -3.50000039E-02 4.72561009E-02 2.07310985E-03 -1.15089703E+00
-2.45748043E-01 -3.50000001E-02 4.52459604E-02 1.14358962E-03 -9.56438184E-01
-2.45568857E-01 -3.50000001E-02 4.58309427E-02 1.71857944E-03 -1.02273583E+00
-2.22422436E-01 -3.50000039E-02 1.07990410E-02 4.70572471E-04 9.00514603E-01
-2.25236818E-01 -3.49999927E-02 1.27223488E-02 2.08730795E-04 9.20952320E-01
-2.21910581E-01 -3.50000039E-02 1.04643814E-02 4.70571424E-04 8.97990465E-01
-2.19391912E-01 -3.50000001E-02 8.83638021E-03 6.20488077E-04 8.84874344E-01
-2.17962936E-01 -3.50000001E-02 7.95898307E-03 5.26864722E-04 8.75767887E-01
-2.05444098E-01 -3.49999964E-02 9.40071710E-04 7.98090303E-04 7.93878615E-01
-2.00259492E-01 -3.49999964E-02 -1.69382198E-03 9.08008369E-04 7.69681931E-01
-2.13992015E-01 -3.50000039E-02 5.61483949E-03 7.77535141E-04 8.49780917E-01
-2.10210919E-01 -3.50000001E-02 3.46160750E-03 6.31800212E-04 8.22582304E-01
-1.79219246E-01 -3.50000001E-02 -1.11408764E-02 1.02784531E-03 6.84005201E-01
-1.83794990E-01 -3.49999927E-02 -9.20556951E-03 9.80509911E-04 6.98351085E-01
-1.92895293E-01 -3.49999964E-02 -5.19491360E-03 1.03110773E-03 7.42344916E-01
-1.71452239E-01 -3.50000001E-02 -1.42564829E-02 1.46567915E-03 6.68175519E-01
-1.52163029E-01 -3.50000411E-02 -2.13511027E-02 9.30533861E-04 6.06939852E-01
-1.63282722E-01 -3.50000001E-02 -1.73611697E-02 1.21047325E-03 6.31458342E-01
-9.38580707E-02 -3.49999927E-02 -3.90880182E-02 1.31705217E-03 5.15088320E-01
-7.58607313E-02 -3.50000039E-02 -4.37615067E-02 1.57616741E-03 4.98907238E-01
2.96845362E-02 -3.50000039E-02 -6.61453009E-02 1.77583483E-03 4.18597221E-01
1.76314682E-01 -3.49999927E-02 -8.82531479E-02 2.18940130E-03 3.66470188E-01
2.10112214E-01 -3.50000001E-02 -9.23837125E-02 1.86604250E-03 3.62285405E-01
3.58675271E-01 -3.50000001E-02 -1.07508548E-01 1.31547253E-03 3.44960541E-01
2.67548442E-01 -3.50000001E-02 -9.87607762E-02 1.69056305E-03 3.52935135E-01
2.52191275E-01 -3.49999890E-02 -9.71207842E-02 1.55040959E-03 3.54068875E-01
4.87231612E-01 -3.50000001E-02 -1.17563754E-01 1.91009685E-03 3.47733080E-01
3.71238202E-01 -3.50000039E-02 -1.08613573E-01 1.97235355E-03 3.44770342E-01
4.70752716E-01 -3.50000001E-02 -1.16414309E-01 1.83083396E-03 3.48028332E-01
4.28166747E-01 -3.50000001E-02 -1.13250658E-01 1.79779902E-03 3.46082270E-01
4.12147194E-01 -3.50000001E-02 -1.11991853E-01 1.63824798E-03 3.46314698E-01
1.25017026E-02 -3.50000001E-02 -6.29535466E-02 1.60950958E-03 4.31506306E-01
-1.09434068E-01 -3.49999629E-02 -3.47871967E-02 1.21883641E-03 5.32348275E-01
-1.33597761E-01 -3.50000001E-02 -2.75211185E-02 1.32003473E-03 5.74904561E-01
1.46025509E-01 -3.50000001E-02 -8.42982680E-02 1.77794846E-03 3.70875984E-01
4.77751754E-02 -3.49999852E-02 -6.93271160E-02 1.72623293E-03 4.07810926E-01
1.11317880E-01 -3.49999703E-02 -7.94099718E-02 1.73064158E-03 3.82927239E-01
6.84443265E-02 -3.50000001E-02 -7.27912784E-02 1.98035082E-03 4.00427282E-01
-1.82297956E-02 -3.49999033E-02 -5.68736680E-02 1.20868767E-03 4.46811020E-01
4.97679085E-01 -3.50000001E-02 -1.18276201E-01 1.76514685E-03 3.48769426E-01
5.46001613E-01 -3.50000001E-02 -1.21366620E-01 1.55209424E-03 3.55068028E-01
3.48458230E-01 -3.50000039E-02 -1.06598377E-01 1.30059663E-03 3.45458776E-01
3.24760616E-01 -3.49999964E-02 -1.04434542E-01 1.82419142E-03 3.45464289E-01
-5.83513454E-02 -3.49999219E-02 -4.80065085E-02 1.37768523E-03 4.82884943E-01
-3.76512334E-02 -3.50000001E-02 -5.27263209E-02 1.91593124E-03 4.57843423E-01
5.82428277E-01 -3.49999964E-02 -1.23476960E-01 1.95709383E-03 3.61650556E-01
6.18262112E-01 -3.50000001E-02 -1.25362247E-01 1.76756282E-03 3.70515019E-01
-2.43534416E-01 -3.50000001E-02 4.98406664E-02 2.72553577E-03 -1.56961834E+00
-2.42328674E-01 -3.50000001E-02 5.14276102E-02 2.80633406E-03 -1.68200505E+00
-2.43244216E-01 -3.50000039E-02 5.02393581E-02 2.72548827E-03 -1.58019054E+00
-2.42700189E-01 -3.50000001E-02 5.09813800E-02 2.80869170E-03 -1.60290945E+00
-2.43801489E-01 -3.49999964E-02 4.94256057E-02 3.28057399E-03 -1.51114762E+00
-2.44377822E-01 -3.50000001E-02 4.84785177E-02 3.36309383E-03 -1.36615992E+00
-2.44739592E-01 -3.50000001E-02 4.77856286E-02 2.07300927E-03 -1.23803794E+00
-2.44992003E-01 -3.50000039E-02 4.72561009E-02 2.07310985E-03 -1.15089703E+00
-2.41889656E-01 -3.50000001E-02 5.19450381E-02 3.60249099E-03 -1.75911331E+00
-2.41545722E-01 -3.50000001E-02 5.23125753E-02 3.57510522E-03 -1.74729013E+00
-2.40626439E-01 -3.50000001E-02 5.32491840E-02 3.15182237E-03 -1.75881112E+00
-2.39793688E-01 -3.49999964E-02 5.40259108E-02 4.52499185E-03 -1.76008117E+00
-2.40235567E-01 -3.49999890E-02 5.36169559E-02 3.43062868E-03 -1.77494657E+00
-2.39160612E-01 -3.50000001E-02 5.45670576E-02 4.52467008E-03 -1.68193889E+00
-2.38289282E-01 -3.50000001E-02 5.52654415E-02 4.61070798E-03 -1.76440239E+00
-2.33504087E-01 -3.49999629E-02 5.83784357E-02 4.77009965E-03 -1.71920300E+00
-2.37269610E-01 -3.49999964E-02 5.60145229E-02 3.12467269E-03 -1.78941929E+00
-2.36299261E-01 -3.49999964E-02 5.66842034E-02 2.21318402E-03 -1.77333415E+00
-2.29494944E-01 -3.49999964E-02 6.04061335E-02 2.56877043E-03 -1.57733333E+00
-2.33999878E-01 -3.49999815E-02 5.80998994E-02 4.77022491E-03 -1.73549581E+00
-2.35451743E-01 -3.49999964E-02 5.72301522E-02 2.21324014E-03 -1.77006137E+00
-2.32708856E-01 -3.50000001E-02 5.88252097E-02 4.76989849E-03 -1.69307148E+00
-2.30606079E-01 -3.49999815E-02 5.98871969E-02 2.14729761E-03 -1.58048749E+00
-2.32199609E-01 -3.49999964E-02 5.90958372E-02 2.47605913E-03 -1.65271914E+00
-2.29027987E-01 -3.49999964E-02 6.06191084E-02 2.65804282E-03 -1.56782568E+00
-2.28139415E-01 -3.50000374E-02 6.10028803E-02 2.56555784E-03 -1.56232762E+00
-2.20527172E-01 -3.50000039E-02 6.37842193E-02 1.30467629E-03 -1.39535952E+00
-2.20587224E-01 -3.50000039E-02 6.37658164E-02 1.30468409E-03 -1.39509022E+00
-2.24830657E-01 -3.49999964E-02 6.23198114E-02 1.46138307E-03 -1.53026080E+00
-2.20476121E-01 -3.50000039E-02 6.37998655E-02 1.30466965E-03 -1.39558828E+00
-2.15244085E-01 -3.49999778E-02 6.53013736E-02 1.83189311E-03 -1.33217216E+00
-2.12784842E-01 -3.49999294E-02 6.58928603E-02 2.13738042E-03 -1.29324341E+00
-2.10131690E-01 -3.50000188E-02 6.65185824E-02 2.13716668E-03 -1.25391269E+00
-2.04338759E-01 -3.49999219E-02 6.76783249E-02 9.30645852E-04 -1.16137803E+00
-2.01527327E-01 -3.50000113E-02 6.81933910E-02 1.41118141E-03 -1.12776065E+00
-2.01527327E-01 -3.50000113E-02 6.81933910E-02 1.41118141E-03 -1.12776065E+00
-1.93504408E-01 -3.50000635E-02 6.93840981E-02 1.06574036E-03 -1.05640423E+00
-1.84542179E-01 -3.50000672E-02 7.03910440E-02 1.65313191E-03 -9.80324745E-01
-1.71037957E-01 -3.49999815E-02 7.14401454E-02 8.15536478E-04 -8.85747433E-01
-1.59040555E-01 -3.50000374E-02 7.19575062E-02 8.56592145E-04 -8.22831452E-01
-1.51630819E-01 -3.50000262E-02 7.21149221E-02 8.98253988E-04 -7.79973209E-01
-1.27297014E-01 -3.50012630E-02 7.19481185E-02 3.48869042E-04 -6.82093143E-01
-4.75379303E-02 -3.50002088E-02 6.61155507E-02 3.59567523E-04 -4.63688284E-01
6.17237329E-01 -3.49997357E-02 -9.16441008E-02 4.01762736E-06 3.45567554E-01
1.43834233E-01 -3.50000188E-02 3.40059362E-02 5.25916985E-04 -1.18941844E-01
3.82693261E-02 -3.50000858E-02 5.40643558E-02 4.61316435E-04 -2.90864229E-01
4.74890828E-01 -3.50002050E-02 -4.95579839E-02 6.53399766E-05 2.40955085E-01
-1.06984787E-01 -3.50000076E-02 7.11319596E-02 6.30546943E-04 -6.27432883E-01
-8.13686550E-02 -3.50006558E-02 6.93892464E-02 9.68400796E-04 -5.42778969E-01
1.46534801E-01 -3.50000225E-02 3.34386714E-02 5.25916694E-04 -1.14405461E-01
1.81983918E-01 -3.49999703E-02 2.57502869E-02 2.06322016E-04 -6.81165084E-02
3.21290255E-01 -3.49998921E-02 -7.86578190E-03 1.38440984E-04 9.81229693E-02
2.89882630E-01 -3.49999219E-02 9.79808683E-05 4.60944342E-04 6.26468360E-02
3.05083752E-01 -3.49997915E-02 -3.74272978E-03 4.59504663E-04 8.00273195E-02
1.39968380E-01 -3.49999815E-02 3.48179750E-02 5.25917392E-04 -1.25435621E-01
7.07523525E-02 -3.49999033E-02 4.84189317E-02 8.58244603E-04 -2.38028571E-01
8.94978866E-02 -3.50000672E-02 4.49087210E-02 5.02240320E-04 -2.05851451E-01
6.44861877E-01 -3.50003392E-02 -1.00260161E-01 -3.90648484E-06 3.61084998E-01
5.08541822E-01 -3.49997021E-02 -5.92032783E-02 6.53400421E-05 2.68977731E-01
5.35607755E-01 -3.49999741E-02 -6.71161264E-02 2.51993006E-05 2.88140088E-01
3.61124128E-01 -3.49999890E-02 -1.82654317E-02 1.61575837E-04 1.38932079E-01
3.76756221E-01 -3.50003615E-02 -2.24741250E-02 1.52502442E-04 1.53494179E-01
3.70268345E-01 -3.50003652E-02 -2.07237713E-02 1.52502485E-04 1.47523776E-01
5.88470757E-01 -3.50002833E-02 -8.29027593E-02 7.41629492E-06 3.26787293E-01
5.76842546E-01 -3.50003615E-02 -7.93928802E-02 7.41631129E-06 3.18907320E-01
6.85401201E-01 -3.50000672E-02 -1.12964667E-01 -7.40564155E-06 3.83445233E-01
4.34325486E-01 -3.49999890E-02 -3.81575674E-02 1.26565545E-04 2.06481010E-01
4.23330337E-01 -3.50000262E-02 -3.50988656E-02 1.26565632E-04 1.96671158E-01
1.33997789E-02 -3.49991620E-02 5.80234453E-02 4.93805448E-04 -3.38009357E-01
-1.67074148E-02 -3.50001194E-02 6.23322763E-02 8.61886947E-04 -3.96236718E-01
3.22486111E-03 -3.50002237E-02 5.95158078E-02 4.93817613E-04 -3.56395185E-01
2.16960654E-01 -3.50000039E-02 1.77771281E-02 2.75027647E-04 -2.34640464E-02
2.28854686E-01 -3.50000076E-02 1.49789965E-02 2.35428262E-04 -1.00929635E-02
6.87500834E-01 -3.49999741E-02 -1.13640718E-01 -7.40562609E-06 3.84306818E-01
6.88261032E-01 -3.49999554E-02 -1.13885507E-01 -7.40562064E-06 3.84618759E-01
 3 2
 2 1
 1 5
 5 7
 7 6
 6 9
 9 10
 10 8
 8 11
 11 12
 12 13
 13 14
 14 15
 4 3
 16 4
 16 17
 17 18
 18 19
 19 21
 21 22
 22 20
 20 23
 23 24
 25 41
 41 42
 42 32
 32 31
 31 26
 26 33
 33 34
 34 28
 28 35
 35 37
 37 36
 36 29
 29 38
 38 39
 39 30
 30 43
 43 45
 45 44
 44 57
 57 56
 56 40
 40 54
 54 55
 55 53
 53 58
 58 59
 59 60
 60 62
 62 61
 61 63
 63 64
 46 47
 47 49
 49 48
 48 27
 27 50
 50 51
 51 52
 52 65
 65 68
 68 69
 69 66
 66 67
 46 25
 70 71
 72 70
 72 73
 73 74
 74 77
 77 78
 78 75
 75 76
 76 81
 81 80
 80 79
 79 82
 82 84
 84 83
 83 100
 100 99
 99 85
 85 86
 86 110
 110 111
 111 105
 105 98
 98 87
 87 102
 102 104
 104 103
 103 101
 101 88
 88 89
 89 92
 92 91
 91 109
 109 108
 108 90
 90 94
 94 97
 97 96
 96 95
 95 93
 93 106
 106 107
 107 112
 112 113
 114 118
 118 119
 119 120
 120 121
 116 117
 117 115
 115 122
 122 123
 123 124
 124 126
 126 125
 125 127
 127 128
 128 130
 130 131
 131 134
 134 133
 133 129
 129 135
 135 137
 137 136
 136 132
 132 138
 138 139
 139 142
 142 141
 141 140
 140 143
 143 144
 144 145
 145 146
 146 147
 147 148
 116 114
 149 150
 150 151
 151 152
 152 153
 153 154
 154 155
 155 161
 161 162
 162 156
 156 183
 183 184
 184 182
 182 159
 159 169
 169 170
 170 168
 168 158
 158 163
 163 164
 164 185
 185 186
 186 166
 166 167
 167 165
 165 174
 174 176
 176 175
 175 181
 181 180
 180 160
 160 172
 172 173
 173 178
 178 177
 177 157
 157 171
 171 179
 179 187
 187 188
ZONE T="COFFE, MIT adapt Y=-0.73"
 STRANDID=0, SOLUTIONTIME=0
 Nodes=197, Elements=191, ZONETYPE=FELineSeg
 DATAPACKING=POINT
 DT=(DOUBLE DOUBLE DOUBLE DOUBLE DOUBLE )
-2.34018549E-01 -7.29999959E-01 1.95980445E-02 2.43244809E-04 7.81077981E-01
-2.33740568E-01 -7.30000019E-01 1.93352830E-02 2.43246090E-04 7.75129557E-01
-2.30427757E-01 -7.29999959E-01 1.66247096E-02 3.47815163E-04 7.38967001E-01
-2.36731663E-01 -7.30000019E-01 2.21587755E-02 1.37895768E-04 8.38330805E-01
-2.34405041E-01 -7.29999959E-01 1.99633855E-02 2.43243048E-04 7.89348364E-01
-2.36419678E-01 -7.29999959E-01 2.18646172E-02 1.37894865E-04 8.31808090E-01
-2.24860907E-01 -7.30000019E-01 1.24508850E-02 5.48306445E-04 7.07660437E-01
-2.20809162E-01 -7.30000019E-01 9.74227302E-03 7.30297412E-04 6.29826605E-01
-2.28657424E-01 -7.30000019E-01 1.52068939E-02 3.91093898E-04 7.22171247E-01
-2.25946486E-01 -7.30000019E-01 1.32244816E-02 7.31780601E-04 7.11093426E-01
-2.18709201E-01 -7.30000019E-01 8.41897167E-03 5.01749513E-04 6.23763978E-01
-2.12768778E-01 -7.30000079E-01 4.89119999E-03 6.63439452E-04 5.62446177E-01
-2.08069742E-01 -7.30000019E-01 2.30384199E-03 9.31433751E-04 5.34734726E-01
-2.01647550E-01 -7.30000019E-01 -1.01610227E-03 9.95034003E-04 5.09648561E-01
-1.94794759E-01 -7.30000019E-01 -4.30506375E-03 9.52527625E-04 4.89874601E-01
-1.88369885E-01 -7.30000019E-01 -7.21930759E-03 1.32105569E-03 4.59941179E-01
-1.74018204E-01 -7.30000019E-01 -1.32470382E-02 1.47653965E-03 3.99247020E-01
-1.66588455E-01 -7.30000019E-01 -1.61267947E-02 1.16588967E-03 3.88511360E-01
-1.49361983E-01 -7.30000019E-01 -2.23289635E-02 1.18575234E-03 3.54317039E-01
-4.42784093E-02 -7.30000019E-01 -5.12517840E-02 1.64793525E-03 2.39541233E-01
3.22976336E-02 -7.30000019E-01 -6.66091591E-02 1.46861409E-03 1.91040546E-01
6.24156669E-02 -7.30000019E-01 -7.17985108E-02 1.48284354E-03 1.72959074E-01
-1.43007711E-01 -7.29999959E-01 -2.44674515E-02 2.01115245E-03 3.43471289E-01
-2.40975879E-02 -7.30000019E-01 -5.56476861E-02 1.40725751E-03 2.22678587E-01
1.61515046E-02 -7.29999959E-01 -6.36546537E-02 2.10962445E-03 1.96136713E-01
-8.75414535E-02 -7.30000019E-01 -4.07734141E-02 2.23028427E-03 2.81686038E-01
-9.70344543E-02 -7.29999959E-01 -3.82445306E-02 2.00935267E-03 2.90121347E-01
-1.87657043E-01 -7.30000019E-01 7.00930879E-02 3.13261803E-03 -3.78202707E-01
-1.95082739E-01 -7.30000019E-01 6.91704899E-02 2.43293773E-03 -4.44416344E-01
-1.80112809E-01 -7.30000019E-01 7.08128661E-02 1.62376941E-03 -3.42853010E-01
-1.75579846E-01 -7.30000019E-01 7.11513907E-02 1.96263590E-03 -3.41360003E-01
-1.59286216E-01 -7.30000019E-01 7.19503611E-02 2.25592521E-03 -2.96852946E-01
-1.51761308E-01 -7.30000019E-01 7.21169785E-02 2.65611685E-03 -2.95283377E-01
-1.39353931E-01 -7.30000019E-01 7.21502155E-02 1.69188017E-03 -2.58018494E-01
-1.13282889E-01 -7.30000019E-01 7.14348853E-02 2.12853798E-03 -2.24305004E-01
4.52494584E-02 -7.30000019E-01 5.28852269E-02 1.52565038E-03 -1.00413650E-01
-5.17078266E-02 -7.30000019E-01 6.65727928E-02 1.24396628E-03 -1.63845912E-01
-5.32115661E-02 -7.30000019E-01 6.67365640E-02 1.16949226E-03 -1.66273400E-01
-5.22785857E-02 -7.29999959E-01 6.66369498E-02 1.24396523E-03 -1.64758071E-01
2.01435283E-01 -7.30000019E-01 2.13683154E-02 1.77128485E-03 -7.09464476E-02
1.91163719E-01 -7.30000019E-01 2.37017218E-02 1.66891399E-03 -6.77425265E-02
1.27471402E-01 -7.30000019E-01 3.74322757E-02 1.63962715E-03 -6.55855983E-02
3.72255482E-02 -7.29999959E-01 5.42383492E-02 1.52563921E-03 -9.97500047E-02
1.88721938E-03 -7.29999959E-01 5.97478822E-02 1.24328188E-03 -1.26984775E-01
5.34253493E-02 -7.30000079E-01 5.15003055E-02 8.36469757E-04 -1.00779161E-01
1.13885805E-01 -7.30000019E-01 4.01671864E-02 1.63965567E-03 -6.36462048E-02
-1.10298067E-01 -7.30000019E-01 7.12964088E-02 2.09741946E-03 -2.21312270E-01
2.60006905E-01 -7.30000019E-01 7.50935264E-03 1.78631721E-03 -1.01462990E-01
2.80938298E-01 -7.30000019E-01 2.36276654E-03 1.54516683E-03 -1.08017385E-01
4.98095095E-01 -7.30000019E-01 -1.18304372E-01 1.39128545E-03 1.03641078E-01
5.11683285E-01 -7.30000019E-01 -1.19200662E-01 1.24761986E-03 9.62821990E-02
4.88676071E-01 -7.30000019E-01 -1.17661558E-01 1.57399033E-03 1.04714215E-01
4.59170014E-01 -7.30000019E-01 -1.15581520E-01 1.73610600E-03 1.03825815E-01
3.89892519E-01 -7.30000019E-01 -1.10185385E-01 2.33279238E-03 8.75553414E-02
3.05271596E-01 -7.30000019E-01 -1.02571465E-01 1.48052454E-03 1.06588073E-01
1.76211789E-01 -7.30000019E-01 -8.82416070E-02 3.02123255E-03 1.36341825E-01
1.81705013E-01 -7.30000019E-01 -8.89398232E-02 3.02120810E-03 1.35369703E-01
2.18435794E-01 -7.30000019E-01 -9.33524221E-02 1.97154493E-03 1.31242245E-01
9.98797044E-02 -7.30000019E-01 -7.77149126E-02 2.44800700E-03 1.65109977E-01
1.71219230E-01 -7.30000019E-01 -8.76070336E-02 3.02125490E-03 1.37225330E-01
1.06720321E-01 -7.30000019E-01 -7.87313208E-02 2.44797417E-03 1.65611938E-01
1.36657238E-01 -7.30000019E-01 -8.30199718E-02 1.94163213E-03 1.54482350E-01
5.25997281E-01 -7.30000079E-01 -1.20121337E-01 1.37741410E-03 9.25212577E-02
4.33556944E-01 -7.30000019E-01 -1.13671772E-01 1.82914070E-03 9.49147493E-02
4.18152183E-01 -7.30000019E-01 -1.12466738E-01 1.82920625E-03 9.21291038E-02
3.60605568E-01 -7.29999959E-01 -1.07691981E-01 1.93222810E-03 1.05879486E-01
3.42144966E-01 -7.30000019E-01 -1.06040493E-01 2.37197569E-03 1.02081858E-01
3.48377794E-01 -7.30000019E-01 -1.06599487E-01 2.37195287E-03 1.03436932E-01
2.65546292E-01 -7.30000019E-01 -9.85525623E-02 2.15467066E-03 1.16336636E-01
2.62905210E-01 -7.30000019E-01 -9.82766747E-02 2.15468300E-03 1.17750503E-01
2.63987988E-01 -7.30000019E-01 -9.83897820E-02 2.15467787E-03 1.17170848E-01
9.30037349E-02 -7.29999959E-01 -7.66678676E-02 2.10320577E-03 1.63939506E-01
6.24156669E-02 -7.30000019E-01 -7.17985108E-02 1.48284354E-03 1.72959074E-01
6.10308945E-01 -7.29999959E-01 -1.24957308E-01 1.58778881E-03 1.21967003E-01
6.55691743E-01 -7.30000019E-01 -1.27125382E-01 1.42898457E-03 1.59247443E-01
6.59609377E-01 -7.30000019E-01 -1.27299100E-01 1.42899563E-03 1.61880359E-01
6.60678029E-01 -7.30000019E-01 -1.27346486E-01 1.42899866E-03 1.62598565E-01
5.80467284E-01 -7.29999959E-01 -1.23362258E-01 1.99801358E-03 1.06372729E-01
5.55911481E-01 -7.30000019E-01 -1.21958092E-01 1.73584500E-03 9.91908610E-02
-2.46368811E-01 -7.29999959E-01 3.94033790E-02 2.56427666E-05 7.26409137E-01
-2.46398449E-01 -7.30000019E-01 4.12204191E-02 9.64039136E-05 5.95609486E-01
-2.46030852E-01 -7.30000019E-01 3.71699035E-02 -5.05687058E-05 8.72613490E-01
-2.45649636E-01 -7.30000079E-01 3.57030891E-02 1.09227185E-05 9.13638234E-01
-2.45896772E-01 -7.30000019E-01 3.64695117E-02 -5.05021853E-05 8.80575418E-01
-2.46383622E-01 -7.30000019E-01 3.95975895E-02 2.56544772E-05 6.94073498E-01
-2.46406704E-01 -7.30000019E-01 4.10149433E-02 9.63886341E-05 5.90832889E-01
-2.46434286E-01 -7.30000019E-01 4.03412245E-02 1.00304875E-04 5.78937113E-01
-2.46390492E-01 -7.30000019E-01 4.14186083E-02 9.64173887E-05 6.00216925E-01
-2.46296793E-01 -7.30000019E-01 4.27343436E-02 2.41492351E-04 5.29426455E-01
-2.46363714E-01 -7.30000019E-01 4.20851447E-02 9.64553619E-05 6.15713954E-01
-2.45523170E-01 -7.30000079E-01 3.53243425E-02 1.09211023E-05 9.30946231E-01
-2.45013207E-01 -7.29999959E-01 3.38082947E-02 2.86057475E-05 9.97424126E-01
-2.46353686E-01 -7.30000019E-01 3.92050520E-02 2.56276799E-05 7.59438932E-01
-2.46206760E-01 -7.30000019E-01 3.80887538E-02 -5.07411933E-05 8.62152100E-01
-2.44858578E-01 -7.29999959E-01 3.34398858E-02 2.86053091E-05 9.90254641E-01
-2.44137034E-01 -7.30000257E-01 3.20142433E-02 2.77671188E-05 9.93268430E-01
-2.43952215E-01 -7.30000257E-01 3.16594914E-02 2.77672498E-05 9.95334923E-01
-2.43297920E-01 -7.30000019E-01 3.04016620E-02 2.49686818E-05 1.00113988E+00
-2.40629688E-01 -7.30000019E-01 2.65159234E-02 6.69268193E-05 9.37132061E-01
-2.42858067E-01 -7.30000019E-01 2.96658091E-02 6.69462534E-05 9.96725798E-01
-2.42239743E-01 -7.30000079E-01 2.87917852E-02 6.69409201E-05 9.80186105E-01
-2.42549017E-01 -7.30000019E-01 2.92289443E-02 6.69435904E-05 9.88458335E-01
-2.40400046E-01 -7.30000019E-01 2.61983220E-02 1.10057641E-04 9.31044221E-01
-2.39143610E-01 -7.29999959E-01 2.47823186E-02 1.10054185E-04 9.00096893E-01
-2.46201932E-01 -7.30000019E-01 4.34120446E-02 2.41430607E-04 3.90263379E-01
-2.40960807E-01 -7.30000019E-01 2.69839726E-02 6.69297442E-05 9.45984900E-01
-2.41707340E-01 -7.30000079E-01 2.80392151E-02 6.69362926E-05 9.65947032E-01
-2.46060312E-01 -7.30000019E-01 4.40815501E-02 1.43491503E-04 2.96804458E-01
-2.38757521E-01 -7.30000019E-01 2.43487358E-02 1.18021453E-04 8.90381336E-01
-2.36731663E-01 -7.30000019E-01 2.21587755E-02 1.37895768E-04 8.38330805E-01
-2.45740384E-01 -7.30000019E-01 4.52479161E-02 3.87440203E-04 2.12483823E-01
-2.45900869E-01 -7.30000019E-01 4.47149947E-02 3.87391658E-04 2.40321606E-01
7.36874580E-01 -7.30000019E-01 -1.30183548E-01 1.50640565E-03 1.92925081E-01
7.37307727E-01 -7.30000019E-01 -1.30196735E-01 1.92738709E-03 1.92899927E-01
7.38605797E-01 -7.30000019E-01 -1.30236134E-01 -5.49450691E-04 1.33664221E-01
7.37474859E-01 -7.30000019E-01 -1.29862964E-01 5.67521842E-04 1.31827205E-01
7.35796750E-01 -7.30000019E-01 -1.30149946E-01 1.51068403E-03 1.97685137E-01
7.33644009E-01 -7.30000019E-01 -1.30082518E-01 1.51069125E-03 2.07754046E-01
7.30873942E-01 -7.30000019E-01 -1.29995748E-01 1.51070056E-03 2.20710799E-01
7.24792421E-01 -7.30000019E-01 -1.29797667E-01 1.46512524E-03 2.30151474E-01
7.29187131E-01 -7.30000019E-01 -1.29942909E-01 1.51070615E-03 2.28600711E-01
7.18032300E-01 -7.30000019E-01 -1.29569903E-01 1.44472579E-03 2.29485631E-01
7.04602122E-01 -7.30000019E-01 -1.29096031E-01 1.48234353E-03 2.21467316E-01
7.00166404E-01 -7.30000019E-01 -1.28930420E-01 1.48236426E-03 2.16025397E-01
6.68069303E-01 -7.29999959E-01 -1.27664328E-01 8.28594901E-04 1.69313550E-01
6.60678029E-01 -7.30000019E-01 -1.27346486E-01 1.42899866E-03 1.62598565E-01
7.36447811E-01 -7.30000019E-01 -1.29524291E-01 7.56510417E-04 1.26948208E-01
7.34845519E-01 -7.30000019E-01 -1.28996745E-01 7.56494876E-04 8.76398310E-02
7.34057665E-01 -7.30000019E-01 -1.28737375E-01 8.09550169E-04 7.84884617E-02
7.31257439E-01 -7.30000019E-01 -1.27816364E-01 8.07640317E-04 5.60284145E-02
7.29652464E-01 -7.30000019E-01 -1.27290145E-01 8.07646138E-04 3.68270800E-02
7.25571096E-01 -7.30000019E-01 -1.25952378E-01 5.12530212E-04 -1.17055131E-02
7.20729768E-01 -7.30000019E-01 -1.24370523E-01 1.81298284E-03 -6.31405488E-02
7.06730485E-01 -7.30000019E-01 -1.19823813E-01 1.78541767E-03 -1.72819883E-01
7.02807784E-01 -7.30000019E-01 -1.18554644E-01 2.00172700E-03 -2.00753108E-01
6.81147575E-01 -7.30000019E-01 -1.11610927E-01 2.00176262E-03 -3.38701934E-01
6.65542901E-01 -7.30000019E-01 -1.06662184E-01 1.93682022E-03 -4.07953531E-01
6.53464258E-01 -7.29999959E-01 -1.02859415E-01 3.72793013E-03 -4.46580499E-01
5.21786153E-01 -7.30000019E-01 -6.30405620E-02 6.54306449E-03 -5.80329001E-01
6.02595508E-01 -7.30000019E-01 -8.71363953E-02 4.40194597E-03 -6.20659292E-01
4.99683559E-01 -7.30000019E-01 -5.66385537E-02 3.53871728E-03 -5.32127023E-01
4.71276611E-01 -7.30000019E-01 -4.85141352E-02 4.30973107E-03 -4.76079851E-01
6.23913229E-01 -7.30000079E-01 -9.36716571E-02 4.20074910E-03 -5.65786183E-01
5.35468996E-01 -7.30000019E-01 -6.70495480E-02 5.17208362E-03 -6.17435515E-01
5.87715924E-01 -7.30000019E-01 -8.26201811E-02 4.40447917E-03 -6.10937953E-01
4.46572602E-01 -7.30000019E-01 -4.15452346E-02 3.31720547E-03 -3.86423647E-01
4.31662619E-01 -7.30000019E-01 -3.74055207E-02 3.31703248E-03 -3.64930630E-01
3.76027435E-01 -7.30000019E-01 -2.22347770E-02 3.65212676E-03 -2.49735728E-01
3.58051658E-01 -7.30000019E-01 -1.74528025E-02 2.88241263E-03 -2.15185791E-01
2.83565909E-01 -7.30000019E-01 1.70601264E-03 1.54515402E-03 -1.12075023E-01
2.80938298E-01 -7.30000019E-01 2.36276654E-03 1.54516683E-03 -1.08017385E-01
-2.40258738E-01 -7.30000019E-01 5.35981432E-02 2.03268719E-03 -5.18642426E-01
-2.44074583E-01 -7.30000019E-01 4.89926524E-02 1.71026809E-03 -2.34917611E-01
-2.42952600E-01 -7.30000019E-01 5.06479107E-02 2.65213870E-03 -3.83081853E-01
-2.38738671E-01 -7.30000019E-01 5.49070127E-02 2.22488982E-03 -5.48844337E-01
-2.37093642E-01 -7.30000019E-01 5.61406687E-02 3.13487230E-03 -6.04085088E-01
-2.41671562E-01 -7.30000019E-01 5.21834679E-02 3.10389674E-03 -3.96438450E-01
-2.44178355E-01 -7.30000019E-01 4.88220900E-02 1.71018788E-03 -2.37887040E-01
-2.44805723E-01 -7.30000019E-01 4.76617515E-02 1.09241658E-03 4.88887466E-02
-2.44561672E-01 -7.30000019E-01 4.81283180E-02 1.19528139E-03 -1.01383731E-01
-2.42830545E-01 -7.30000019E-01 5.08060195E-02 2.65198527E-03 -4.14652377E-01
-2.41802722E-01 -7.30000019E-01 5.20327203E-02 3.10369860E-03 -4.18593943E-01
-2.42285594E-01 -7.30000019E-01 5.14776073E-02 3.33936163E-03 -4.80921060E-01
-2.45740384E-01 -7.30000019E-01 4.52479161E-02 3.87440203E-04 2.12483823E-01
-2.41538942E-01 -7.30000019E-01 5.23328297E-02 2.80278688E-03 -3.80903602E-01
-2.40406632E-01 -7.30000019E-01 5.34635484E-02 2.03268440E-03 -5.03752232E-01
-2.40977332E-01 -7.30000019E-01 5.29029928E-02 2.33136234E-03 -4.49606836E-01
-2.40110680E-01 -7.30000019E-01 5.37326410E-02 2.12636613E-03 -5.28092206E-01
-2.38893658E-01 -7.30000019E-01 5.47799245E-02 2.33020331E-03 -5.47744811E-01
-2.39464894E-01 -7.30000019E-01 5.43111786E-02 2.33015977E-03 -5.44734657E-01
-2.38581613E-01 -7.30000019E-01 5.50346673E-02 2.22484395E-03 -5.53500175E-01
-2.37264350E-01 -7.30000019E-01 5.60250282E-02 3.13494774E-03 -5.95486701E-01
-2.37937585E-01 -7.30000019E-01 5.55297136E-02 2.51773396E-03 -5.80522478E-01
-2.43074611E-01 -7.30000019E-01 5.04898764E-02 2.65229400E-03 -3.51521790E-01
-2.43970826E-01 -7.30000019E-01 4.91632000E-02 1.71034818E-03 -2.31948376E-01
-2.45177105E-01 -7.30000019E-01 4.68449518E-02 9.74851660E-04 7.43554011E-02
-2.45428964E-01 -7.30000019E-01 4.62101437E-02 1.03321660E-03 1.52331993E-01
-2.33203784E-01 -7.30000019E-01 5.85527048E-02 5.20645641E-03 -6.44089818E-01
-2.35014468E-01 -7.30000019E-01 5.74993081E-02 3.15172831E-03 -6.69685006E-01
-2.34173015E-01 -7.30000019E-01 5.80073260E-02 3.15197837E-03 -6.69096947E-01
-2.36778691E-01 -7.30000019E-01 5.63540086E-02 3.13473307E-03 -6.19947016E-01
-2.35367060E-01 -7.30000019E-01 5.72868027E-02 2.41090939E-03 -6.67861342E-01
-2.25238770E-01 -7.30000019E-01 6.21667542E-02 2.10712035E-03 -5.90466082E-01
-2.22082034E-01 -7.30000019E-01 6.32817373E-02 2.28592101E-03 -5.41254759E-01
-2.32543215E-01 -7.30000019E-01 5.89088574E-02 2.99340673E-03 -6.10297024E-01
-2.29940861E-01 -7.30000019E-01 6.02040589E-02 1.61011412E-03 -5.81191242E-01
-2.29384482E-01 -7.30000019E-01 6.04525246E-02 1.95934973E-03 -5.87568700E-01
-2.26580843E-01 -7.30000019E-01 6.16381466E-02 2.10699649E-03 -6.17527366E-01
-2.09647343E-01 -7.30000019E-01 6.66331872E-02 4.25552670E-03 -4.95414466E-01
-2.10765883E-01 -7.30000019E-01 6.63911402E-02 3.17637227E-03 -5.08945525E-01
-2.15728849E-01 -7.30000019E-01 6.51716813E-02 1.74214400E-03 -4.92396623E-01
-2.20574602E-01 -7.30000019E-01 6.37673363E-02 4.04001446E-03 -5.38972974E-01
-2.16434598E-01 -7.30000019E-01 6.49881810E-02 1.74216588E-03 -4.85332727E-01
-2.08330587E-01 -7.30000019E-01 6.69134259E-02 4.25550528E-03 -4.76770878E-01
-2.01084673E-01 -7.30000019E-01 6.82649016E-02 1.37267483E-03 -4.36781079E-01
-1.99353546E-01 -7.30000019E-01 6.85491487E-02 1.40760723E-03 -4.59699690E-01
-1.95082739E-01 -7.30000019E-01 6.91704899E-02 2.43293773E-03 -4.44416344E-01
 2 1
 1 5
 5 6
 6 4
 2 3
 3 9
 9 10
 10 7
 7 8
 8 11
 11 12
 12 13
 13 14
 14 15
 15 16
 16 17
 17 18
 18 19
 19 23
 23 27
 27 26
 26 20
 20 24
 24 25
 25 21
 21 22
 29 28
 28 30
 30 31
 31 32
 32 33
 33 34
 34 35
 35 47
 47 38
 38 39
 39 37
 37 44
 44 43
 43 36
 36 45
 45 46
 46 42
 42 41
 41 40
 40 48
 48 49
 50 52
 52 53
 53 64
 64 65
 65 54
 54 66
 66 68
 68 67
 67 55
 55 69
 69 71
 71 70
 70 58
 58 57
 57 56
 56 60
 60 62
 62 61
 61 59
 59 72
 72 73
 75 76
 76 77
 63 51
 51 50
 74 75
 78 79
 79 63
 78 74
 80 85
 85 87
 87 86
 86 81
 81 88
 88 90
 90 89
 89 105
 105 108
 108 112
 112 111
 96 97
 97 98
 98 100
 100 102
 102 101
 101 107
 107 106
 106 99
 99 103
 103 104
 104 109
 109 110
 95 96
 92 95
 83 91
 91 92
 83 84
 84 82
 82 94
 94 93
 93 80
 114 115
 115 116
 116 127
 127 128
 128 129
 129 130
 130 131
 131 132
 132 133
 133 134
 134 135
 135 136
 136 137
 137 138
 138 143
 143 140
 140 145
 145 144
 144 139
 139 141
 141 142
 142 146
 146 147
 147 148
 148 149
 149 150
 150 151
 120 121
 121 119
 119 118
 118 117
 117 113
 113 114
 124 125
 125 126
 120 122
 122 123
 123 124
 154 161
 161 163
 163 162
 162 157
 157 165
 165 167
 167 166
 166 152
 152 168
 168 170
 170 169
 169 155
 155 171
 171 173
 173 172
 172 156
 156 181
 181 182
 182 179
 179 180
 180 178
 178 185
 185 186
 186 187
 187 188
 188 183
 183 184
 184 192
 192 193
 193 191
 191 190
 190 189
 189 194
 194 195
 195 196
 196 197
 174 154
 159 176
 176 177
 177 164
 158 160
 160 159
 153 175
 175 174
 158 153
