TITLE     = "Surface mesh and solution"
VARIABLES = "x" "y" "z" "cfx" "Cp"
DATASETAUXDATA alpha_deg="  0.0000000E+00"
DATASETAUXDATA beta_deg="  0.0000000E+00"
DATASETAUXDATA bref="  0.7500000"
DATASETAUXDATA cref="   1.000000"
DATASETAUXDATA itranflg="           0"
DATASETAUXDATA ivisc="           2"
DATASETAUXDATA mach="  0.2000000"
DATASETAUXDATA reue_mil="   4.600000"
DATASETAUXDATA sref="  0.7500000"
DATASETAUXDATA tinf_r="   521.0000"
DATASETAUXDATA xmc="  0.0000000E+00"
DATASETAUXDATA ymc="  0.0000000E+00"
DATASETAUXDATA zmc="  0.0000000E+00"
ZONE T="COFFE, MIT adapt Y=-0.001"
 STRANDID=0, SOLUTIONTIME=0
 Nodes=167, Elements=162, ZONETYPE=FELineSeg
 DATAPACKING=POINT
 DT=(DOUBLE DOUBLE DOUBLE DOUBLE DOUBLE )
7.38605797E-01 -1.00000005E-03 -1.30236134E-01 2.41132779E-03 4.30795521E-01
7.37655997E-01 -9.99999931E-04 -1.29923403E-01 8.18028639E-05 4.32626724E-01
7.36758351E-01 -9.99999931E-04 -1.29627928E-01 8.10558777E-05 4.35292989E-01
7.35651910E-01 -1.00000028E-03 -1.29263744E-01 3.77134056E-05 4.34829623E-01
7.37606287E-01 -1.00000005E-03 -1.30205184E-01 1.04880333E-03 4.24203247E-01
7.35497475E-01 -1.00000005E-03 -1.30139545E-01 1.03980012E-03 4.27217633E-01
7.33968079E-01 -9.99999931E-04 -1.28709912E-01 3.77132783E-05 4.33759332E-01
7.27809846E-01 -9.99998651E-04 -1.26687184E-01 -3.90104469E-05 4.30538774E-01
7.33725727E-01 -9.99999931E-04 -1.30084172E-01 1.32666482E-03 4.29114550E-01
7.28851676E-01 -1.00000005E-03 -1.29929975E-01 1.27814151E-03 4.26651239E-01
7.24976301E-01 -9.99995158E-04 -1.25757292E-01 -3.90104142E-05 4.29293483E-01
7.26302207E-01 -9.99999815E-04 -1.29848748E-01 1.27814210E-03 4.24390763E-01
7.19414711E-01 -1.00001530E-03 -1.23945229E-01 -3.89973211E-05 4.25839186E-01
7.10590601E-01 -9.99969663E-04 -1.21072955E-01 -5.81471540E-05 4.20201838E-01
7.00672746E-01 -1.00006501E-03 -1.17874354E-01 -6.54999312E-05 4.14070338E-01
7.21301794E-01 -1.00000016E-03 -1.29682437E-01 1.32448261E-03 4.21119243E-01
7.10650921E-01 -9.99999349E-04 -1.29317209E-01 1.47706782E-03 4.13460732E-01
7.01694071E-01 -9.99996439E-04 -1.28993794E-01 1.75860943E-03 4.08627272E-01
6.82005167E-01 -1.00016571E-03 -1.11882515E-01 -3.35600816E-05 4.03192252E-01
6.81886852E-01 -9.99998651E-04 -1.28231734E-01 1.89180044E-03 4.02234018E-01
6.71255112E-01 -9.99994343E-04 -1.27799243E-01 1.89180265E-03 3.96816671E-01
6.46452427E-01 -1.00197399E-03 -1.00679860E-01 -1.29659729E-05 3.80011082E-01
6.32364273E-01 -9.99529730E-04 -9.63033810E-02 -1.29659174E-05 3.69801134E-01
6.21223032E-01 -9.99687705E-04 -9.28489417E-02 -2.33843966E-05 3.61653000E-01
6.25555277E-01 -1.00000040E-03 -1.25720531E-01 1.40375365E-03 3.83956224E-01
6.14115179E-01 -9.99998301E-04 -1.25152707E-01 1.66021346E-03 3.81672949E-01
5.58613300E-01 -9.99571756E-04 -7.39052519E-02 4.09334716E-05 3.12216103E-01
5.52426159E-01 -9.99999233E-04 -1.21750653E-01 2.00046343E-03 3.68329376E-01
5.40521204E-01 -1.00000040E-03 -1.21032685E-01 1.76863396E-03 3.66619080E-01
-2.45148957E-01 -9.99961863E-04 3.41499597E-02 -5.75762591E-04 5.79968870E-01
-2.44716808E-01 -9.99990501E-04 3.30800414E-02 -5.71062963E-04 6.87307239E-01
-2.44936571E-01 -1.00001844E-03 3.36134434E-02 -5.71058365E-04 6.20832860E-01
-2.45439440E-01 -1.00002415E-03 3.49475071E-02 -6.50058966E-04 5.31155825E-01
-2.45782971E-01 -9.99999349E-04 3.60495113E-02 -7.21771794E-04 4.07169133E-01
-2.45993510E-01 -1.00000552E-03 3.68722640E-02 -6.81111123E-04 3.19497287E-01
-2.46217310E-01 -1.00000552E-03 3.80052626E-02 -6.81786332E-04 1.68868795E-01
-2.46110782E-01 -1.00004545E-03 3.74377482E-02 -6.05531561E-04 2.44568542E-01
-2.45239332E-01 -9.99988755E-04 4.66953479E-02 1.98773970E-03 -1.02511406E+00
-2.45009378E-01 -1.00000249E-03 4.72256914E-02 2.88456283E-03 -1.05899441E+00
-2.45987996E-01 -9.99915181E-04 4.43897024E-02 1.47715409E-03 -7.48459518E-01
-2.45540380E-01 -9.99991200E-04 4.59019803E-02 1.53746258E-03 -9.28139031E-01
-2.45822236E-01 -1.00000447E-03 4.50136364E-02 1.47703220E-03 -8.29667449E-01
-2.45716169E-01 -9.99932294E-04 4.53630388E-02 1.55453815E-03 -8.70225906E-01
-2.46331468E-01 -9.99995042E-04 3.88454646E-02 -4.74015280E-04 1.03230841E-01
-2.46420667E-01 -1.00001029E-03 3.99975963E-02 -9.47393437E-06 -5.63645102E-02
-2.46432066E-01 -9.99994809E-04 4.08459939E-02 -5.99640261E-05 -1.83209136E-01
-2.46342272E-01 -1.00004720E-03 4.24212180E-02 3.32602911E-04 -5.00596285E-01
-2.46398255E-01 -1.00001355E-03 4.17024121E-02 3.75588192E-04 -3.25155169E-01
-2.46201932E-01 -1.00000005E-03 4.34120446E-02 9.43518768E-04 -5.18220246E-01
-2.44344190E-01 -9.99955577E-04 3.23166773E-02 -7.08002015E-04 7.30548263E-01
-2.43818462E-01 -1.00003323E-03 3.12785506E-02 -7.33288471E-04 7.98183501E-01
-2.44089067E-01 -9.99952783E-04 3.17970701E-02 -7.07980420E-04 7.65924215E-01
-2.43378803E-01 -9.99933574E-04 3.05341184E-02 -7.45363301E-04 8.32890928E-01
-2.42788017E-01 -1.00000203E-03 2.95170639E-02 -7.45366211E-04 8.72177362E-01
-2.43084684E-01 -9.99939744E-04 3.00277919E-02 -7.45364698E-04 8.52449059E-01
-2.42272019E-01 -1.00001809E-03 2.87440289E-02 -4.97648376E-04 9.01398659E-01
-2.41526470E-01 -9.99962678E-04 2.76717432E-02 -4.01783618E-04 9.35033202E-01
-2.41930068E-01 -9.99914482E-04 2.82475241E-02 -4.00647084E-04 9.17775273E-01
-2.40729913E-01 -9.99956159E-04 2.66237352E-02 -3.72520502E-04 9.63486016E-01
-2.40062773E-01 -1.00002682E-03 2.57963948E-02 -2.98406783E-04 9.79641438E-01
-2.39264831E-01 -1.00006105E-03 2.48623937E-02 -2.98406347E-04 9.87745523E-01
-2.37971351E-01 -9.99982818E-04 2.34238841E-02 -1.90421182E-04 1.00108230E+00
-2.38718852E-01 -9.99992597E-04 2.42289733E-02 -2.80252832E-04 9.93542135E-01
-2.36530796E-01 -1.00000249E-03 2.19415352E-02 -8.99033403E-05 1.01095295E+00
-2.35322058E-01 -9.99994460E-04 2.07758173E-02 5.19843124E-05 1.00732899E+00
-2.33856156E-01 -9.99997021E-04 1.94361769E-02 1.51613116E-04 1.00816894E+00
-2.32874557E-01 -9.99993528E-04 1.85845178E-02 1.57329327E-04 1.00182056E+00
-2.29340538E-01 -9.99994925E-04 1.57226026E-02 2.11948878E-04 9.68164325E-01
-2.27311313E-01 -9.99998301E-04 1.42091503E-02 2.39887566E-04 9.58129525E-01
-2.31643915E-01 -1.00001250E-03 1.75542273E-02 1.57334740E-04 9.95294571E-01
-2.32874557E-01 -9.99993528E-04 1.85845178E-02 1.57329327E-04 1.00182056E+00
-2.24447295E-01 -1.00000051E-03 1.21640926E-02 3.03785520E-04 9.47796583E-01
-2.20683485E-01 -9.99994460E-04 9.65043716E-03 4.82238363E-04 9.06770706E-01
-2.22733527E-01 -1.00000971E-03 1.10156210E-02 3.03783105E-04 9.28658605E-01
-2.16640964E-01 -1.00000028E-03 7.14657269E-03 4.82246018E-04 8.94607544E-01
-2.12934315E-01 -9.99998534E-04 4.98504611E-03 5.26937365E-04 8.63416374E-01
-2.08570570E-01 -1.00000063E-03 2.57983990E-03 6.43032661E-04 8.20210576E-01
-2.01830879E-01 -1.00000028E-03 -9.28420923E-04 8.52243800E-04 7.91704834E-01
-1.94746628E-01 -1.00000203E-03 -4.33702022E-03 1.22868083E-03 7.54478872E-01
-1.88173786E-01 -1.00000796E-03 -7.31859589E-03 8.92264012E-04 7.24910140E-01
-1.78459540E-01 -9.99994227E-04 -1.14236427E-02 1.12396316E-03 6.91581666E-01
-1.65077180E-01 -9.99998534E-04 -1.66971199E-02 1.55505433E-03 6.52658880E-01
-1.54131293E-01 -9.99992015E-04 -2.06629857E-02 1.04338687E-03 6.25764906E-01
-1.34281993E-01 -9.99978278E-04 -2.73139924E-02 1.35582942E-03 5.83762288E-01
-1.45931467E-01 -1.00000016E-03 -2.34975629E-02 1.11067668E-03 6.10882163E-01
-1.24369748E-01 -9.99997486E-04 -3.03976126E-02 1.35585607E-03 5.67925155E-01
-1.08557619E-01 -9.99974902E-04 -3.50383669E-02 1.48630503E-03 5.41076541E-01
2.54257858E-01 -9.99998068E-04 -9.73521918E-02 2.08058837E-03 3.61906379E-01
2.72353381E-01 -9.99997137E-04 -9.92622748E-02 2.08059256E-03 3.57973576E-01
2.19954431E-01 -9.99999349E-04 -9.35321972E-02 2.09525204E-03 3.64624709E-01
1.99411511E-01 -9.99998767E-04 -9.11136121E-02 1.96072389E-03 3.66484791E-01
1.58126891E-01 -9.99989570E-04 -8.59153867E-02 1.54680805E-03 3.75623673E-01
1.31284922E-01 -9.99998767E-04 -8.22764635E-02 1.77517696E-03 3.84812415E-01
-4.86277938E-02 -9.99998418E-04 -5.02679385E-02 2.02021748E-03 4.73106533E-01
-5.88837378E-02 -9.99998883E-04 -4.78903539E-02 1.55856751E-03 4.81556684E-01
-8.53154529E-03 -9.99997719E-04 -5.88572733E-02 2.37895874E-03 4.41700220E-01
4.26526694E-03 -9.99997603E-04 -6.13857843E-02 2.05828762E-03 4.35213923E-01
5.28740287E-02 -9.99996904E-04 -7.01948330E-02 2.11416371E-03 4.10477608E-01
6.85757697E-02 -9.99999582E-04 -7.28147998E-02 1.86183711E-03 4.04527515E-01
3.16858560E-01 -9.99998651E-04 -1.03688426E-01 2.02849973E-03 3.54472518E-01
3.33750695E-01 -9.99999116E-04 -1.05271362E-01 2.08863453E-03 3.53173167E-01
3.96042436E-01 -9.99999116E-04 -1.10697731E-01 2.01061694E-03 3.53002578E-01
4.10650194E-01 -9.99999582E-04 -1.11880392E-01 1.94870005E-03 3.54100823E-01
4.68018562E-01 -9.99999000E-04 -1.16218150E-01 1.51267450E-03 3.57182533E-01
4.80211139E-01 -9.99999465E-04 -1.17079377E-01 2.15232116E-03 3.57696086E-01
5.40521204E-01 -1.00000040E-03 -1.21032685E-01 1.76863396E-03 3.66619080E-01
-2.42590502E-01 -1.00001169E-03 5.11056110E-02 3.63832060E-03 -1.44925940E+00
-2.43288085E-01 -1.00000901E-03 5.01860529E-02 4.23324853E-03 -1.35622251E+00
-2.42948607E-01 -1.00001728E-03 5.06528057E-02 3.63830314E-03 -1.40290189E+00
-2.42048919E-01 -1.00000226E-03 5.17592728E-02 3.94225260E-03 -1.42837596E+00
-2.41270423E-01 -9.99999465E-04 5.26111051E-02 4.75732516E-03 -1.48609257E+00
-2.43769348E-01 -9.99986893E-04 4.94863689E-02 4.23372304E-03 -1.30983782E+00
-2.44363114E-01 -1.00000028E-03 4.84957770E-02 3.39256600E-03 -1.20416999E+00
-2.40671769E-01 -1.00000296E-03 5.32135554E-02 4.56414651E-03 -1.47569466E+00
-2.39813715E-01 -1.00000540E-03 5.40026724E-02 4.36312193E-03 -1.51623547E+00
-2.39158481E-01 -9.99994343E-04 5.45699149E-02 4.25617862E-03 -1.54369593E+00
-2.38230944E-01 -9.99989104E-04 5.53046539E-02 3.89452721E-03 -1.54221380E+00
-2.37479612E-01 -9.99944983E-04 5.58643155E-02 2.87814927E-03 -1.52638078E+00
-2.36441523E-01 -9.99988057E-04 5.65909036E-02 2.80155172E-03 -1.49155188E+00
-2.35605493E-01 -1.00000738E-03 5.71377911E-02 4.60327184E-03 -1.48822367E+00
-2.34359995E-01 -9.99998068E-04 5.79007864E-02 4.49994858E-03 -1.48275483E+00
-2.33305946E-01 -1.00000657E-03 5.85017726E-02 3.21710389E-03 -1.44902706E+00
-2.31694594E-01 -1.00002973E-03 5.93533553E-02 2.91098538E-03 -1.42393672E+00
-2.30272114E-01 -1.00012438E-03 6.00362085E-02 2.86950823E-03 -1.42555630E+00
-2.28135929E-01 -9.99994460E-04 6.09971099E-02 1.74634648E-03 -1.37594736E+00
-2.26251319E-01 -1.00003078E-03 6.17691018E-02 1.76627166E-03 -1.33894420E+00
-2.23716512E-01 -1.00003171E-03 6.27221167E-02 1.68475893E-03 -1.32579243E+00
-2.21588641E-01 -1.00000179E-03 6.34427741E-02 3.03632277E-03 -1.30382955E+00
-2.18455538E-01 -9.99858254E-04 6.44128174E-02 3.25256120E-03 -1.25075519E+00
-2.44758457E-01 -9.99999000E-04 4.77458760E-02 2.58973381E-03 -1.12085569E+00
-2.45009378E-01 -1.00000249E-03 4.72256914E-02 2.88456283E-03 -1.05899441E+00
-2.18455538E-01 -9.99858254E-04 6.44128174E-02 3.25256120E-03 -1.25075519E+00
-2.14385808E-01 -1.00015569E-03 6.55103326E-02 1.85478339E-03 -1.19494283E+00
-2.10635126E-01 -1.00018433E-03 6.64185956E-02 3.41409747E-03 -1.13943136E+00
-2.12775156E-01 -9.99841839E-04 6.59152120E-02 3.41423694E-03 -1.17183387E+00
-2.06670463E-01 -9.99899697E-04 6.72540665E-02 2.75871553E-03 -1.09545255E+00
-2.01421693E-01 -9.99959651E-04 6.82038739E-02 9.21319413E-04 -1.06107545E+00
-1.96334973E-01 -9.99911455E-04 6.89925849E-02 2.15824530E-03 -1.00550008E+00
-1.89332247E-01 -9.99732874E-04 6.98923841E-02 1.99206383E-03 -9.59861815E-01
-1.83490589E-01 -9.99884331E-04 7.05067813E-02 1.87149167E-03 -9.18662429E-01
-1.73053175E-01 -9.99927172E-04 7.13132247E-02 7.07819709E-04 -8.68494034E-01
-1.60475969E-01 -1.00021646E-03 7.19115511E-02 7.02479680E-04 -7.92404652E-01
-1.48777127E-01 -1.00008678E-03 7.21393749E-02 1.54173747E-03 -7.47314155E-01
-1.36780396E-01 -9.99766635E-04 7.21322224E-02 8.26235220E-04 -7.04557002E-01
-1.19678035E-01 -9.99725657E-04 7.16817006E-02 1.10618165E-03 -6.46440685E-01
-1.09202407E-01 -1.00024603E-03 7.12444559E-02 5.60945133E-04 -6.07966959E-01
-9.32229534E-02 -9.92432120E-04 7.02858344E-02 6.62136183E-04 -5.70888519E-01
2.70513326E-01 -9.99822281E-04 4.93923342E-03 6.04593952E-04 4.13401686E-02
2.83902884E-01 -9.99909942E-04 1.61478587E-03 5.29171899E-04 5.75011224E-02
1.66939959E-01 -1.00058096E-03 2.90782526E-02 4.25584120E-04 -8.85251611E-02
1.44631088E-01 -9.99269309E-04 3.38699631E-02 3.35373508E-04 -1.18340515E-01
2.32917547E-01 -9.99800628E-04 1.40344333E-02 6.07130234E-04 -2.67101987E-03
2.15751454E-01 -1.00062555E-03 1.80580914E-02 5.34254883E-04 -2.26440020E-02
-4.59583588E-02 -1.00096094E-03 6.59282506E-02 3.24637775E-04 -4.50465381E-01
-2.96790674E-02 -1.00080937E-03 6.39909357E-02 1.96985595E-04 -4.16502655E-01
2.77736504E-03 -9.98930773E-04 5.96068874E-02 3.03053530E-04 -3.56168181E-01
2.26154737E-02 -9.99471406E-04 5.65866306E-02 3.07446375E-04 -3.18015665E-01
6.68425933E-02 -1.00131775E-03 4.91225347E-02 4.98021895E-04 -2.42613539E-01
8.56629536E-02 -9.98489209E-04 4.56603132E-02 4.54168738E-04 -2.11034566E-01
3.33211601E-01 -1.00019143E-03 -1.09432917E-02 3.50678718E-04 1.10263430E-01
3.46318871E-01 -9.99757089E-04 -1.43601848E-02 3.11140873E-04 1.24281302E-01
4.07433569E-01 -1.00123952E-03 -3.07531562E-02 1.01464859E-04 1.81814387E-01
4.19195712E-01 -1.00278098E-03 -3.39785703E-02 1.01465164E-04 1.92675129E-01
4.78301674E-01 -1.00020471E-03 -5.05194776E-02 5.22836599E-05 2.43510291E-01
4.89935070E-01 -9.99860233E-04 -5.38503863E-02 1.08393433E-04 2.53854990E-01
5.46724379E-01 -9.99991200E-04 -7.03716725E-02 3.86458996E-05 3.02445561E-01
5.58613300E-01 -9.99571756E-04 -7.39052519E-02 4.09334716E-05 3.12216103E-01
 5 1
 1 2
 2 3
 3 4
 4 7
 7 8
 8 11
 11 13
 13 14
 14 15
 15 19
 19 22
 22 23
 23 24
 24 27
 6 9
 9 10
 10 12
 12 16
 16 17
 17 18
 18 20
 20 21
 21 25
 25 26
 26 28
 28 29
 5 6
 30 33
 33 34
 34 35
 35 37
 37 36
 36 44
 44 45
 45 46
 46 48
 48 47
 47 49
 49 40
 40 42
 42 43
 43 41
 41 38
 38 39
 51 52
 52 50
 50 31
 31 32
 32 30
 61 60
 60 59
 59 57
 57 58
 58 56
 56 54
 54 55
 55 53
 53 51
 65 64
 64 62
 62 63
 63 61
 66 67
 66 65
 68 70
 70 71
 72 69
 69 68
 75 73
 73 74
 74 72
 76 75
 79 78
 78 77
 77 76
 81 82
 82 83
 83 85
 85 84
 84 86
 86 87
 87 95
 95 94
 94 96
 96 97
 97 98
 98 99
 99 93
 93 92
 92 91
 91 90
 90 88
 88 89
 89 100
 100 101
 101 102
 102 103
 103 104
 104 105
 105 106
 81 80
 80 79
 107 110
 110 111
 111 114
 114 115
 115 116
 116 117
 117 118
 118 119
 119 120
 120 121
 121 122
 122 123
 123 124
 124 125
 125 126
 126 127
 127 128
 128 129
 112 108
 108 109
 109 107
 130 113
 113 112
 130 131
 132 133
 133 135
 135 134
 134 136
 136 137
 137 138
 138 139
 139 140
 140 141
 141 142
 142 143
 143 144
 144 145
 145 146
 146 147
 147 154
 154 155
 155 156
 156 157
 157 158
 158 159
 159 151
 151 150
 150 153
 153 152
 152 148
 148 149
 149 160
 160 161
 161 162
 162 163
 163 164
 164 165
 165 166
 166 167
ZONE T="COFFE, MIT adapt Y=-0.035"
 STRANDID=0, SOLUTIONTIME=0
 Nodes=188, Elements=183, ZONETYPE=FELineSeg
 DATAPACKING=POINT
 DT=(DOUBLE DOUBLE DOUBLE DOUBLE DOUBLE )
7.36352086E-01 -3.50000001E-02 -1.30167425E-01 1.35051867E-03 4.34177041E-01
7.38038182E-01 -3.50000001E-02 -1.30218908E-01 1.36510027E-03 4.35121775E-01
7.38605797E-01 -3.50000001E-02 -1.30236134E-01 2.41132779E-03 4.34530765E-01
7.38092363E-01 -3.50000001E-02 -1.30066782E-01 6.58557183E-05 4.34165955E-01
7.33821392E-01 -3.50000001E-02 -1.30089283E-01 1.33277313E-03 4.31392431E-01
7.33305454E-01 -3.50000001E-02 -1.30073264E-01 1.33277453E-03 4.30741668E-01
7.33627558E-01 -3.50000001E-02 -1.30083263E-01 1.33277371E-03 4.31147933E-01
7.10316718E-01 -3.50000001E-02 -1.29307717E-01 1.47706375E-03 4.14832681E-01
7.26765513E-01 -3.50000001E-02 -1.29864290E-01 1.32448378E-03 4.27540362E-01
7.20274508E-01 -3.50000001E-02 -1.29648477E-01 1.36131386E-03 4.22712535E-01
6.90788805E-01 -3.50000001E-02 -1.28582731E-01 1.59834279E-03 4.06274974E-01
6.87476933E-01 -3.50000001E-02 -1.28454313E-01 1.59834314E-03 4.04671758E-01
6.80069625E-01 -3.49999964E-02 -1.28163815E-01 1.89180113E-03 4.01042014E-01
6.43295109E-01 -3.50000001E-02 -1.26569390E-01 1.55758450E-03 3.88453722E-01
6.18261993E-01 -3.50000001E-02 -1.25364676E-01 1.65465963E-03 3.81198853E-01
7.36960948E-01 -3.50000001E-02 -1.29693508E-01 5.72680074E-05 4.32374060E-01
7.34145403E-01 -3.50000001E-02 -1.28765762E-01 5.71981618E-05 4.30980146E-01
7.33882844E-01 -3.50000001E-02 -1.28679425E-01 1.64138455E-05 4.30886090E-01
7.33634591E-01 -3.50000001E-02 -1.28598139E-01 1.64138455E-05 4.30772036E-01
7.16060877E-01 -3.50000001E-02 -1.22852132E-01 -1.31392213E-07 4.22808081E-01
7.28248000E-01 -3.50000001E-02 -1.26834586E-01 1.64138473E-05 4.28297341E-01
7.21365631E-01 -3.50000001E-02 -1.24580793E-01 1.63259519E-05 4.25257444E-01
6.91910684E-01 -3.50000039E-02 -1.15062200E-01 1.65385600E-07 4.09627050E-01
6.88261271E-01 -3.50000039E-02 -1.13884889E-01 1.65385615E-07 4.07607824E-01
-2.46280536E-01 -3.50000039E-02 3.84034589E-02 -2.86263152E-04 2.64180541E-01
-2.45287955E-01 -3.50001045E-02 3.45507152E-02 -2.86516006E-04 6.32253349E-01
-2.46383429E-01 -3.49999890E-02 4.19556573E-02 5.35994128E-04 -3.30563307E-01
-2.44526610E-01 -3.50000300E-02 3.26960497E-02 -2.63438938E-04 7.89915621E-01
-2.43516296E-01 -3.49999815E-02 3.07363980E-02 -2.82868365E-04 8.79102945E-01
-2.42502168E-01 -3.49999517E-02 2.90970597E-02 -1.13383147E-04 9.37344849E-01
-2.45454565E-01 -3.50000523E-02 3.50156799E-02 -2.86530238E-04 5.96199512E-01
-2.45726228E-01 -3.49999480E-02 3.58840562E-02 -2.97611201E-04 5.29940069E-01
-2.45121181E-01 -3.50000374E-02 3.40853073E-02 -2.86502240E-04 6.68341577E-01
-2.44692102E-01 -3.50000039E-02 3.30563709E-02 -2.55485531E-04 7.66010463E-01
-2.44360283E-01 -3.50000113E-02 3.23359482E-02 -2.63458060E-04 8.12972665E-01
-2.43785143E-01 -3.49999890E-02 3.12278047E-02 -2.82911817E-04 8.62086892E-01
-2.44092464E-01 -3.49999890E-02 3.17895226E-02 -2.82972964E-04 8.42635214E-01
-2.43279338E-01 -3.50000001E-02 3.03136986E-02 -2.56261206E-04 8.94052267E-01
-2.42732748E-01 -3.49999554E-02 2.94579286E-02 -1.13388312E-04 9.24578786E-01
-2.39284232E-01 -3.50000411E-02 2.49152184E-02 -3.24237990E-05 9.98356283E-01
-2.46198177E-01 -3.50000001E-02 3.79218347E-02 -3.19679209E-04 3.07384819E-01
-2.46020362E-01 -3.50000039E-02 3.70161645E-02 -2.74629449E-04 4.02312309E-01
-2.42257908E-01 -3.49999927E-02 2.87147630E-02 -1.13379880E-04 9.50868070E-01
-2.41415992E-01 -3.49999517E-02 2.75571682E-02 -1.18475218E-04 9.78968024E-01
-2.41882116E-01 -3.50000411E-02 2.81876251E-02 -1.19139004E-04 9.64645386E-01
-2.46331215E-01 -3.49999927E-02 3.88885811E-02 -2.25748227E-04 1.61805168E-01
-2.46407092E-01 -3.49999964E-02 3.97093445E-02 -2.20817499E-04 -7.33069377E-03
-2.46421337E-01 -3.49999964E-02 4.13132310E-02 4.51749293E-05 -2.21675724E-01
-2.46431738E-01 -3.50000039E-02 4.07029390E-02 1.41598488E-04 -8.97387564E-02
-2.46273264E-01 -3.49999964E-02 4.29501608E-02 4.56541951E-04 -4.70919341E-01
-2.46201932E-01 -3.50000001E-02 4.34120446E-02 8.91947770E-04 -6.67249501E-01
-2.46106446E-01 -3.49999815E-02 4.38676253E-02 1.19425158E-03 -7.42612839E-01
-2.36898556E-01 -3.50000001E-02 2.23069768E-02 4.44926482E-05 1.00498950E+00
-2.38662094E-01 -3.50000188E-02 2.41892375E-02 -3.24229732E-05 9.98717010E-01
-2.37449273E-01 -3.50000001E-02 2.28768457E-02 4.44923498E-05 1.00343192E+00
-2.39852548E-01 -3.49999256E-02 2.55767386E-02 -3.22441774E-05 9.97860491E-01
-2.40572542E-01 -3.50000039E-02 2.64162403E-02 -9.58220699E-05 9.95606601E-01
-2.36448929E-01 -3.50000001E-02 2.18604580E-02 4.46862832E-05 1.00258362E+00
-2.35225543E-01 -3.50000001E-02 2.06884630E-02 1.28905784E-04 9.95800257E-01
-2.33797953E-01 -3.50000039E-02 1.93925854E-02 1.09689943E-04 9.85952675E-01
-2.30101466E-01 -3.50000001E-02 1.63292326E-02 2.01566174E-04 9.63501453E-01
-2.32612729E-01 -3.50000001E-02 1.83758996E-02 1.09248213E-04 9.79336441E-01
-2.28550658E-01 -3.50000001E-02 1.51144052E-02 2.01564952E-04 9.52986956E-01
-2.25243643E-01 -3.49999964E-02 1.27126276E-02 2.29778132E-04 9.34111178E-01
-2.45869115E-01 -3.49999815E-02 4.48400825E-02 1.85450912E-03 -8.62793684E-01
-2.45202437E-01 -3.50000113E-02 4.67854440E-02 2.32179416E-03 -1.22224045E+00
-2.44997293E-01 -3.50000001E-02 4.72586267E-02 3.23528750E-03 -1.30721140E+00
-2.45758146E-01 -3.50000001E-02 4.52489294E-02 1.85459014E-03 -9.04289186E-01
-2.45564952E-01 -3.50000039E-02 4.58296016E-02 2.38592178E-03 -9.66256618E-01
-2.22418442E-01 -3.50000076E-02 1.08048953E-02 2.60376110E-04 8.97729933E-01
-2.25243643E-01 -3.49999964E-02 1.27126276E-02 2.29778132E-04 9.34111178E-01
-2.21908912E-01 -3.50000076E-02 1.04667060E-02 2.60371482E-04 8.90216291E-01
-2.19388396E-01 -3.49999964E-02 8.84209666E-03 4.74637840E-04 8.66664469E-01
-2.17960298E-01 -3.50000001E-02 7.96325132E-03 4.74638189E-04 8.63886952E-01
-2.05450878E-01 -3.50000001E-02 9.27172368E-04 8.64646921E-04 7.98941076E-01
-2.00259894E-01 -3.50000001E-02 -1.69467810E-03 9.38102545E-04 7.74967492E-01
-2.13999152E-01 -3.50000001E-02 5.60234487E-03 7.46973965E-04 8.44975889E-01
-2.10211456E-01 -3.49999964E-02 3.46048200E-03 6.43029111E-04 8.20699155E-01
-1.79212034E-01 -3.50000076E-02 -1.11234467E-02 1.10368803E-03 6.90289259E-01
-1.83800474E-01 -3.49999852E-02 -9.21938755E-03 1.12395256E-03 6.96869195E-01
-1.92895278E-01 -3.50000001E-02 -5.19484561E-03 1.22867431E-03 7.37680376E-01
-1.71452194E-01 -3.49999927E-02 -1.42548112E-02 1.08016399E-03 6.61486566E-01
-1.52163804E-01 -3.50000374E-02 -2.13562436E-02 1.28888548E-03 6.10258698E-01
-1.63284853E-01 -3.50000001E-02 -1.73668973E-02 1.61501451E-03 6.36773705E-01
-9.38591510E-02 -3.49999964E-02 -3.90920937E-02 2.07711733E-03 5.15094340E-01
-7.58610070E-02 -3.50000001E-02 -4.37631570E-02 2.20322912E-03 4.94642943E-01
2.96845231E-02 -3.50000001E-02 -6.61454275E-02 2.27083336E-03 4.21728641E-01
1.76313728E-01 -3.49999927E-02 -8.82634670E-02 2.09300197E-03 3.70041668E-01
2.10111648E-01 -3.50000001E-02 -9.23884138E-02 1.96066569E-03 3.65290761E-01
3.58674288E-01 -3.50000001E-02 -1.07519731E-01 2.31083063E-03 3.51917505E-01
2.67548382E-01 -3.50000001E-02 -9.87612531E-02 2.08059163E-03 3.57820183E-01
2.52190262E-01 -3.50000001E-02 -9.71303508E-02 2.34308699E-03 3.59762192E-01
4.87231314E-01 -3.50000001E-02 -1.17567949E-01 1.80378149E-03 3.57023746E-01
3.71238291E-01 -3.50000076E-02 -1.08612247E-01 1.85842521E-03 3.52654576E-01
4.70752597E-01 -3.50000001E-02 -1.16416372E-01 1.94688118E-03 3.55996341E-01
4.28166211E-01 -3.50000001E-02 -1.13257781E-01 1.92989036E-03 3.54508638E-01
4.12146479E-01 -3.50000001E-02 -1.12000667E-01 1.94870157E-03 3.53045911E-01
1.24999192E-02 -3.50000001E-02 -6.29629344E-02 2.31409445E-03 4.29251790E-01
-1.09435916E-01 -3.50000113E-02 -3.47927101E-02 1.70205277E-03 5.37555456E-01
-1.33600205E-01 -3.50000001E-02 -2.75287777E-02 1.35491521E-03 5.75616717E-01
1.46024644E-01 -3.50000001E-02 -8.43046457E-02 1.94736803E-03 3.79712701E-01
4.77742031E-02 -3.49999852E-02 -6.93337917E-02 2.11416907E-03 4.10644591E-01
1.11316375E-01 -3.50000039E-02 -7.94172287E-02 1.98888965E-03 3.87543857E-01
6.84439763E-02 -3.50000001E-02 -7.27934539E-02 1.86183827E-03 4.02528733E-01
-1.82304140E-02 -3.49999852E-02 -5.68774976E-02 1.91452994E-03 4.47352648E-01
4.97678995E-01 -3.49999964E-02 -1.18277073E-01 1.76953420E-03 3.59444439E-01
5.46001494E-01 -3.50000001E-02 -1.21368475E-01 2.00045807E-03 3.65917265E-01
3.48456919E-01 -3.50000001E-02 -1.06612861E-01 2.17407662E-03 3.52610320E-01
3.24760258E-01 -3.50000001E-02 -1.04438387E-01 1.97290862E-03 3.52329552E-01
-5.83531000E-02 -3.49999778E-02 -4.80176061E-02 1.89342943E-03 4.77305412E-01
-3.76517735E-02 -3.50000001E-02 -5.27287945E-02 1.68325577E-03 4.63752061E-01
5.82428277E-01 -3.50000001E-02 -1.23475753E-01 1.76347583E-03 3.72541606E-01
6.18261993E-01 -3.50000001E-02 -1.25364676E-01 1.65465963E-03 3.81198853E-01
-2.43531898E-01 -3.49999852E-02 4.98389564E-02 3.82519839E-03 -1.55157852E+00
-2.42333382E-01 -3.49999927E-02 5.14316000E-02 4.10284614E-03 -1.65556788E+00
-2.43248075E-01 -3.49999964E-02 5.02422042E-02 3.82543309E-03 -1.57445979E+00
-2.42694452E-01 -3.49999927E-02 5.09766787E-02 4.10286756E-03 -1.62025595E+00
-2.43808627E-01 -3.50000001E-02 4.94300798E-02 5.30360546E-03 -1.52003515E+00
-2.44378626E-01 -3.49999964E-02 4.84788269E-02 3.91862541E-03 -1.36831486E+00
-2.44745389E-01 -3.49999964E-02 4.77884784E-02 3.30043491E-03 -1.33870769E+00
-2.44997293E-01 -3.50000001E-02 4.72586267E-02 3.23528750E-03 -1.30721140E+00
-2.41887465E-01 -3.49999964E-02 5.19430265E-02 4.87042684E-03 -1.68220150E+00
-2.41552532E-01 -3.50000039E-02 5.23188971E-02 4.86999145E-03 -1.70155954E+00
-2.40631446E-01 -3.49999852E-02 5.32543808E-02 3.95717612E-03 -1.82641876E+00
-2.39786983E-01 -3.50000300E-02 5.40184490E-02 3.31219495E-03 -1.84656644E+00
-2.40233779E-01 -3.49999331E-02 5.36147133E-02 3.28635890E-03 -1.83810711E+00
-2.39159375E-01 -3.50000039E-02 5.45655787E-02 3.12016392E-03 -1.84452188E+00
-2.38287419E-01 -3.50000039E-02 5.52630909E-02 3.11992131E-03 -1.83018303E+00
-2.33505502E-01 -3.50000560E-02 5.83810993E-02 2.82333861E-03 -1.73465598E+00
-2.37267315E-01 -3.49999629E-02 5.60112521E-02 2.64965952E-03 -1.79011154E+00
-2.36300483E-01 -3.50000076E-02 5.66860773E-02 2.92459992E-03 -1.76067710E+00
-2.29487166E-01 -3.49997543E-02 6.03887700E-02 2.89387279E-03 -1.63957000E+00
-2.33999640E-01 -3.50000337E-02 5.80995791E-02 2.82338355E-03 -1.75560665E+00
-2.35452175E-01 -3.50000225E-02 5.72308116E-02 2.92465976E-03 -1.77845800E+00
-2.32710421E-01 -3.50000001E-02 5.88282607E-02 3.25446273E-03 -1.70732284E+00
-2.30605230E-01 -3.50000039E-02 5.98856285E-02 3.77195375E-03 -1.68573868E+00
-2.32197225E-01 -3.50000039E-02 5.90912364E-02 3.76573694E-03 -1.70701623E+00
-2.29019314E-01 -3.50001231E-02 6.06001168E-02 3.14379809E-03 -1.61927855E+00
-2.28140667E-01 -3.49998027E-02 6.10030442E-02 3.14384839E-03 -1.57647479E+00
-2.20526636E-01 -3.49999815E-02 6.37825504E-02 1.74724939E-03 -1.43854403E+00
-2.20586643E-01 -3.49999852E-02 6.37639761E-02 1.74725230E-03 -1.44011128E+00
-2.24830404E-01 -3.49999964E-02 6.23191148E-02 3.25965881E-03 -1.54757237E+00
-2.20475629E-01 -3.49999815E-02 6.37983307E-02 1.74724683E-03 -1.43721187E+00
-2.15242952E-01 -3.50000300E-02 6.52983785E-02 1.95894041E-03 -1.36605251E+00
-2.12789878E-01 -3.49999890E-02 6.59145787E-02 1.95907475E-03 -1.30421233E+00
-2.10133180E-01 -3.49999405E-02 6.65254965E-02 2.29764869E-03 -1.26110101E+00
-2.04342425E-01 -3.49999927E-02 6.76974207E-02 2.21063220E-03 -1.19259286E+00
-2.01526567E-01 -3.49999964E-02 6.81886002E-02 2.89297826E-03 -1.15560150E+00
-2.01526567E-01 -3.49999964E-02 6.81886002E-02 2.89297826E-03 -1.15560150E+00
-1.93504781E-01 -3.49999815E-02 6.93874359E-02 1.51621609E-03 -1.07279682E+00
-1.84543595E-01 -3.49996462E-02 7.04050586E-02 2.03943625E-03 -9.94502962E-01
-1.71038285E-01 -3.50000821E-02 7.14471564E-02 2.08318862E-03 -8.99206102E-01
-1.59040675E-01 -3.49997878E-02 7.19611496E-02 1.36054808E-03 -8.34334314E-01
-1.51630998E-01 -3.49999368E-02 7.21166357E-02 1.36590120E-03 -7.86101222E-01
-1.27295613E-01 -3.50009277E-02 7.19459876E-02 2.24040402E-03 -6.96092188E-01
-4.75377440E-02 -3.50000113E-02 6.61186576E-02 3.37518100E-03 -4.68049377E-01
6.17236257E-01 -3.50001678E-02 -9.16477591E-02 1.77719368E-04 3.55767041E-01
1.43840671E-01 -3.49999852E-02 3.40366066E-02 1.28754077E-03 -1.23129487E-01
3.82692255E-02 -3.50002311E-02 5.40639423E-02 1.95414177E-03 -2.97655463E-01
4.74894404E-01 -3.50000188E-02 -4.95456383E-02 7.10745750E-04 2.40641117E-01
-1.06984571E-01 -3.49998921E-02 7.11320341E-02 1.81252125E-03 -6.29336715E-01
-8.13689530E-02 -3.49994004E-02 6.93895221E-02 2.05240538E-03 -5.58637083E-01
1.46541178E-01 -3.50000039E-02 3.34689766E-02 1.18778867E-03 -1.18626058E-01
1.81986436E-01 -3.49998586E-02 2.57614590E-02 1.40551734E-03 -7.27805942E-02
3.21290284E-01 -3.50000039E-02 -7.86551461E-03 6.71154528E-04 9.55007672E-02
2.89887577E-01 -3.49999294E-02 1.17733471E-04 9.11686686E-04 6.20049089E-02
3.05091619E-01 -3.50000001E-02 -3.71151697E-03 8.84299865E-04 7.88711607E-02
1.39973730E-01 -3.50001119E-02 3.48440595E-02 1.36321003E-03 -1.29886016E-01
7.07529783E-02 -3.49999070E-02 4.84215617E-02 2.18874379E-03 -2.37730265E-01
8.95021111E-02 -3.49999368E-02 4.49308604E-02 2.96304305E-03 -2.07559943E-01
6.44883394E-01 -3.50000821E-02 -1.00191236E-01 1.77987662E-04 3.77500772E-01
5.08544862E-01 -3.49999815E-02 -5.91930859E-02 5.54807601E-04 2.67268687E-01
5.35604000E-01 -3.50001603E-02 -6.71287850E-02 4.07195766E-04 2.90756315E-01
3.61124456E-01 -3.50000225E-02 -1.82640813E-02 4.87677491E-04 1.35989800E-01
3.76765490E-01 -3.50000001E-02 -2.24398077E-02 6.15474011E-04 1.51189893E-01
3.70275229E-01 -3.50000337E-02 -2.06983369E-02 6.15475175E-04 1.44910976E-01
5.88479936E-01 -3.50000039E-02 -8.28724056E-02 2.78160092E-04 3.33714306E-01
5.76851249E-01 -3.50000225E-02 -7.93640316E-02 2.78160587E-04 3.25102746E-01
6.85401917E-01 -3.49999927E-02 -1.12962469E-01 1.65385629E-07 4.06025797E-01
4.34329927E-01 -3.49999778E-02 -3.81417647E-02 6.87476306E-04 2.04316169E-01
4.23332334E-01 -3.50000001E-02 -3.50917168E-02 6.52944087E-04 1.94831535E-01
1.34007065E-02 -3.50009464E-02 5.80246896E-02 2.37360457E-03 -3.42074990E-01
-1.67064089E-02 -3.50004956E-02 6.23420142E-02 2.81397649E-03 -4.03795838E-01
3.23016546E-03 -3.50000039E-02 5.95520101E-02 3.15525872E-03 -3.63061368E-01
2.16959983E-01 -3.49999517E-02 1.77743025E-02 5.12144179E-04 -2.37964615E-02
2.28858486E-01 -3.49999331E-02 1.49951000E-02 8.84217676E-04 -8.98935180E-03
6.87501132E-01 -3.50000001E-02 -1.13639683E-01 1.65385615E-07 4.07187283E-01
6.88261271E-01 -3.50000039E-02 -1.13884889E-01 1.65385615E-07 4.07607824E-01
 3 2
 2 1
 1 5
 5 7
 7 6
 6 9
 9 10
 10 8
 8 11
 11 12
 12 13
 13 14
 14 15
 4 3
 16 4
 16 17
 17 18
 18 19
 19 21
 21 22
 22 20
 20 23
 23 24
 25 41
 41 42
 42 32
 32 31
 31 26
 26 33
 33 34
 34 28
 28 35
 35 37
 37 36
 36 29
 29 38
 38 39
 39 30
 30 43
 43 45
 45 44
 44 57
 57 56
 56 40
 40 54
 54 55
 55 53
 53 58
 58 59
 59 60
 60 62
 62 61
 61 63
 63 64
 46 47
 47 49
 49 48
 48 27
 27 50
 50 51
 51 52
 52 65
 65 68
 68 69
 69 66
 66 67
 46 25
 70 71
 72 70
 72 73
 73 74
 74 77
 77 78
 78 75
 75 76
 76 81
 81 80
 80 79
 79 82
 82 84
 84 83
 83 100
 100 99
 99 85
 85 86
 86 110
 110 111
 111 105
 105 98
 98 87
 87 102
 102 104
 104 103
 103 101
 101 88
 88 89
 89 92
 92 91
 91 109
 109 108
 108 90
 90 94
 94 97
 97 96
 96 95
 95 93
 93 106
 106 107
 107 112
 112 113
 114 118
 118 119
 119 120
 120 121
 116 117
 117 115
 115 122
 122 123
 123 124
 124 126
 126 125
 125 127
 127 128
 128 130
 130 131
 131 134
 134 133
 133 129
 129 135
 135 137
 137 136
 136 132
 132 138
 138 139
 139 142
 142 141
 141 140
 140 143
 143 144
 144 145
 145 146
 146 147
 147 148
 116 114
 149 150
 150 151
 151 152
 152 153
 153 154
 154 155
 155 161
 161 162
 162 156
 156 183
 183 184
 184 182
 182 159
 159 169
 169 170
 170 168
 168 158
 158 163
 163 164
 164 185
 185 186
 186 166
 166 167
 167 165
 165 174
 174 176
 176 175
 175 181
 181 180
 180 160
 160 172
 172 173
 173 178
 178 177
 177 157
 157 171
 171 179
 179 187
 187 188
ZONE T="COFFE, MIT adapt Y=-0.73"
 STRANDID=0, SOLUTIONTIME=0
 Nodes=197, Elements=191, ZONETYPE=FELineSeg
 DATAPACKING=POINT
 DT=(DOUBLE DOUBLE DOUBLE DOUBLE DOUBLE )
-2.34022141E-01 -7.30000019E-01 1.95949450E-02 5.81223634E-04 7.95404673E-01
-2.33732462E-01 -7.30000019E-01 1.93446036E-02 5.81220840E-04 7.88076282E-01
-2.30445027E-01 -7.30000019E-01 1.66033767E-02 8.72339122E-04 7.33073711E-01
-2.36739948E-01 -7.30000019E-01 2.21499708E-02 7.18159310E-04 8.44681680E-01
-2.34424546E-01 -7.30000019E-01 1.99427847E-02 5.16444328E-04 8.05588067E-01
-2.36435816E-01 -7.30000019E-01 2.18474995E-02 5.75098325E-04 8.42011392E-01
-2.24859387E-01 -7.29999959E-01 1.24530355E-02 9.46469780E-04 6.60872400E-01
-2.20805824E-01 -7.29999959E-01 9.74746048E-03 1.20930420E-03 6.33089066E-01
-2.28662699E-01 -7.30000019E-01 1.52001213E-02 8.72347911E-04 7.07192600E-01
-2.25945339E-01 -7.29999959E-01 1.32261040E-02 9.46465647E-04 6.74638391E-01
-2.18711793E-01 -7.30000019E-01 8.41478258E-03 9.67131928E-04 6.17289662E-01
-2.12772295E-01 -7.30000019E-01 4.88452753E-03 1.08848384E-03 5.51267743E-01
-2.08072349E-01 -7.30000019E-01 2.29902263E-03 2.01198785E-03 5.23747861E-01
-2.01649547E-01 -7.30000019E-01 -1.02033454E-03 2.29882286E-03 5.02785027E-01
-1.94802001E-01 -7.30000019E-01 -4.32051159E-03 1.54522306E-03 4.71701294E-01
-1.88375071E-01 -7.29999959E-01 -7.23140826E-03 2.08120025E-03 4.39374357E-01
-1.74015626E-01 -7.30000019E-01 -1.32405879E-02 2.21520080E-03 3.99574846E-01
-1.66586399E-01 -7.30000019E-01 -1.61189642E-02 2.15458195E-03 3.83618355E-01
-1.49362326E-01 -7.30000019E-01 -2.23299693E-02 1.54279603E-03 3.46086025E-01
-4.42801490E-02 -7.30000019E-01 -5.12595437E-02 3.03791696E-03 2.32807189E-01
3.22971717E-02 -7.30000019E-01 -6.66121170E-02 2.91651348E-03 1.88147411E-01
6.24147281E-02 -7.30000019E-01 -7.18040988E-02 2.96821864E-03 1.75804451E-01
-1.43009573E-01 -7.29999959E-01 -2.44728513E-02 2.09074747E-03 3.33332509E-01
-2.40984056E-02 -7.29999959E-01 -5.56506999E-02 2.64797406E-03 2.20560476E-01
1.61518659E-02 -7.29999959E-01 -6.36527240E-02 2.44343583E-03 1.95683390E-01
-8.75406489E-02 -7.30000019E-01 -4.07711565E-02 2.51772255E-03 2.67996877E-01
-9.70337316E-02 -7.30000019E-01 -3.82420793E-02 2.98699457E-03 2.79815704E-01
-1.87656641E-01 -7.30000019E-01 7.00889006E-02 3.34679615E-03 -3.84863019E-01
-1.95083901E-01 -7.30000019E-01 6.91806525E-02 4.11328208E-03 -4.19732660E-01
-1.80112481E-01 -7.30000019E-01 7.08066300E-02 4.75012511E-03 -3.66534531E-01
-1.75579831E-01 -7.30000019E-01 7.11511299E-02 2.71140598E-03 -3.48643839E-01
-1.59286395E-01 -7.30000019E-01 7.19547942E-02 3.63763096E-03 -3.01800579E-01
-1.51761636E-01 -7.29999959E-01 7.21209198E-02 1.69547345E-03 -2.93384433E-01
-1.39354005E-01 -7.30000019E-01 7.21599311E-02 2.75142235E-03 -2.66409487E-01
-1.13282658E-01 -7.30000019E-01 7.14400485E-02 3.75019759E-03 -2.28138894E-01
4.52519134E-02 -7.30000019E-01 5.28998300E-02 2.61053443E-03 -9.40370932E-02
-5.17068803E-02 -7.30000019E-01 6.65816888E-02 2.44837790E-03 -1.62111416E-01
-5.32113314E-02 -7.30000019E-01 6.67388737E-02 2.44837883E-03 -1.62980244E-01
-5.22780567E-02 -7.30000019E-01 6.66413680E-02 2.44837836E-03 -1.62441269E-01
2.01435968E-01 -7.30000019E-01 2.13713069E-02 1.96594070E-03 -6.08973689E-02
1.91162676E-01 -7.29999959E-01 2.36971024E-02 2.30911537E-03 -5.91339320E-02
1.27473041E-01 -7.30000019E-01 3.74401473E-02 2.01449962E-03 -5.81307448E-02
3.72267328E-02 -7.29999959E-01 5.42464592E-02 2.27319659E-03 -9.39369872E-02
1.88794697E-03 -7.30000019E-01 5.97521625E-02 2.79230787E-03 -1.17046379E-01
5.34251854E-02 -7.30000019E-01 5.14997914E-02 2.57611996E-03 -8.85478258E-02
1.13889210E-01 -7.29999959E-01 4.01844606E-02 2.68678926E-03 -6.17894791E-02
-1.10297874E-01 -7.30000019E-01 7.12999925E-02 2.56801746E-03 -2.24000663E-01
2.60007352E-01 -7.29999959E-01 7.51227653E-03 2.86498433E-03 -8.47249031E-02
2.80938566E-01 -7.30000019E-01 2.36387830E-03 2.73933192E-03 -1.01374999E-01
4.98095095E-01 -7.30000019E-01 -1.18304826E-01 2.12729932E-03 8.84816870E-02
5.11682749E-01 -7.30000019E-01 -1.19208336E-01 2.12734891E-03 8.51681307E-02
4.88675833E-01 -7.30000019E-01 -1.17665246E-01 2.74337828E-03 8.92437845E-02
4.59169954E-01 -7.30000019E-01 -1.15582280E-01 2.11587548E-03 8.20853114E-02
3.89892012E-01 -7.30000019E-01 -1.10191703E-01 2.11714255E-03 9.02864560E-02
3.05271596E-01 -7.30000019E-01 -1.02571644E-01 2.73476099E-03 1.03165850E-01
1.76210865E-01 -7.30000019E-01 -8.82488340E-02 2.67549604E-03 1.36780828E-01
1.81705073E-01 -7.30000019E-01 -8.89395848E-02 3.04917223E-03 1.36329323E-01
2.18434885E-01 -7.30000019E-01 -9.33602154E-02 2.62890523E-03 1.25347733E-01
9.98799205E-02 -7.30000019E-01 -7.77136013E-02 2.50768592E-03 1.62813663E-01
1.71217605E-01 -7.30000019E-01 -8.76193270E-02 2.65728054E-03 1.36444703E-01
1.06719136E-01 -7.30000019E-01 -7.87396133E-02 2.53118877E-03 1.61838785E-01
1.36657089E-01 -7.30000019E-01 -8.30210447E-02 3.93850124E-03 1.45101979E-01
5.25996745E-01 -7.30000019E-01 -1.20128855E-01 2.01887428E-03 8.46537575E-02
4.33556885E-01 -7.30000019E-01 -1.13672704E-01 3.10314959E-03 8.63761231E-02
4.18151617E-01 -7.30000019E-01 -1.12473868E-01 2.52636988E-03 8.41476321E-02
3.60606045E-01 -7.30000019E-01 -1.07686542E-01 2.62046256E-03 9.57523584E-02
3.42145115E-01 -7.30000019E-01 -1.06038824E-01 2.65213544E-03 9.91469473E-02
3.48377556E-01 -7.30000019E-01 -1.06602229E-01 2.65215151E-03 9.92350578E-02
2.65545934E-01 -7.30000019E-01 -9.85558853E-02 2.42681871E-03 1.16247967E-01
2.62905538E-01 -7.30000019E-01 -9.82736349E-02 2.85361079E-03 1.16066143E-01
2.63987958E-01 -7.30000019E-01 -9.83900577E-02 2.85361265E-03 1.16112083E-01
9.30033699E-02 -7.30000019E-01 -7.66708851E-02 2.50771851E-03 1.60275161E-01
6.24147281E-02 -7.30000019E-01 -7.18040988E-02 2.96821864E-03 1.75804451E-01
6.10308647E-01 -7.30000019E-01 -1.24963425E-01 2.13862048E-03 1.04161449E-01
6.55691385E-01 -7.30000019E-01 -1.27133593E-01 2.17556418E-03 1.41803786E-01
6.59609258E-01 -7.30000019E-01 -1.27302676E-01 2.34945817E-03 1.46327123E-01
6.60677969E-01 -7.30000019E-01 -1.27348036E-01 2.34946795E-03 1.48027897E-01
5.80466926E-01 -7.30000019E-01 -1.23369433E-01 2.64608487E-03 9.13414583E-02
5.55911720E-01 -7.30000019E-01 -1.21953756E-01 2.38964823E-03 8.57790038E-02
-2.46374905E-01 -7.30000019E-01 3.94028686E-02 2.57678985E-05 7.50637889E-01
-2.46425003E-01 -7.30000019E-01 4.12216485E-02 5.77926039E-05 6.22110546E-01
-2.46058255E-01 -7.30000019E-01 3.71647961E-02 -9.51395778E-05 8.64651263E-01
-2.45653883E-01 -7.30000019E-01 3.57001945E-02 -5.12845581E-05 9.07475293E-01
-2.45872751E-01 -7.30000019E-01 3.64766307E-02 -5.12864717E-05 8.83252323E-01
-2.46389136E-01 -7.30000019E-01 3.95971388E-02 2.57451284E-05 7.21133769E-01
-2.46426001E-01 -7.30000019E-01 4.10159156E-02 3.38491554E-05 6.22482002E-01
-2.46430114E-01 -7.30000019E-01 4.03412431E-02 3.35811674E-05 6.31721735E-01
-2.46419549E-01 -7.30000019E-01 4.14198451E-02 1.04505249E-04 6.14930272E-01
-2.46296510E-01 -7.30000019E-01 4.27343026E-02 5.70806616E-04 4.58968729E-01
-2.46371821E-01 -7.30000019E-01 4.20853198E-02 2.22553645E-04 5.39430797E-01
-2.45547563E-01 -7.30000019E-01 3.53151448E-02 -1.21183781E-04 9.16511893E-01
-2.44999424E-01 -7.30000019E-01 3.38136740E-02 3.32990282E-07 9.55268562E-01
-2.46360362E-01 -7.30000019E-01 3.92045192E-02 2.57895081E-05 7.80768096E-01
-2.46218175E-01 -7.30000019E-01 3.80862579E-02 -9.66441585E-05 8.66800904E-01
-2.44850889E-01 -7.30000019E-01 3.34427804E-02 3.30327055E-07 9.62892413E-01
-2.44166970E-01 -7.30000019E-01 3.19987796E-02 6.58953513E-06 9.85029876E-01
-2.43980840E-01 -7.30000019E-01 3.16447206E-02 6.59070292E-06 9.89140987E-01
-2.43319944E-01 -7.30000019E-01 3.03903595E-02 2.09611026E-05 1.00010085E+00
-2.40641698E-01 -7.30000019E-01 2.65076701E-02 6.23634187E-05 9.38016057E-01
-2.42855743E-01 -7.30000019E-01 2.96665821E-02 8.57958457E-06 9.86311734E-01
-2.42265210E-01 -7.30000019E-01 2.87726596E-02 8.57830400E-06 9.62092161E-01
-2.42560431E-01 -7.30000019E-01 2.92195491E-02 8.57901432E-06 9.74199772E-01
-2.40398943E-01 -7.30000019E-01 2.61992794E-02 5.13382329E-05 9.34020221E-01
-2.39168495E-01 -7.29999959E-01 2.47598644E-02 1.60693904E-04 8.83339882E-01
-2.46201932E-01 -7.30000019E-01 4.34120446E-02 5.67628711E-04 3.75211865E-01
-2.40989327E-01 -7.30000019E-01 2.69639716E-02 6.23625310E-05 9.36838686E-01
-2.41757154E-01 -7.30000019E-01 2.80036069E-02 8.57667237E-06 9.41257000E-01
-2.46064365E-01 -7.30000019E-01 4.40823510E-02 6.14674296E-04 3.37165415E-01
-2.38789886E-01 -7.29999959E-01 2.43193507E-02 1.60689742E-04 8.67333353E-01
-2.36739948E-01 -7.30000019E-01 2.21499708E-02 7.18159310E-04 8.44681680E-01
-2.45758891E-01 -7.30000019E-01 4.52530757E-02 8.36261723E-04 2.38093138E-01
-2.45903924E-01 -7.30000019E-01 4.47161645E-02 8.25198484E-04 2.89462417E-01
7.36874580E-01 -7.30000019E-01 -1.30183548E-01 3.17569310E-03 1.51118740E-01
7.37307727E-01 -7.30000019E-01 -1.30196720E-01 3.17567377E-03 1.47024915E-01
7.38605797E-01 -7.30000019E-01 -1.30236134E-01 2.25725846E-04 7.58557245E-02
7.37474859E-01 -7.30000019E-01 -1.29862994E-01 5.52633021E-04 7.64195248E-02
7.35796750E-01 -7.30000019E-01 -1.30150378E-01 2.24411022E-03 1.58042386E-01
7.33644009E-01 -7.30000019E-01 -1.30083561E-01 2.25474616E-03 1.73982486E-01
7.30873883E-01 -7.30000019E-01 -1.29996419E-01 2.26886244E-03 1.88201427E-01
7.24792302E-01 -7.30000019E-01 -1.29800916E-01 2.30332394E-03 1.96663678E-01
7.29187131E-01 -7.30000019E-01 -1.29942507E-01 2.26885034E-03 1.91024140E-01
7.18032122E-01 -7.30000019E-01 -1.29575014E-01 1.84580637E-03 1.98769465E-01
7.04601943E-01 -7.30000019E-01 -1.29100695E-01 1.74103503E-03 1.92940295E-01
7.00166106E-01 -7.30000019E-01 -1.28938466E-01 1.74104120E-03 1.90215275E-01
6.68069303E-01 -7.30000019E-01 -1.27663240E-01 2.15322804E-03 1.54102758E-01
6.60677969E-01 -7.30000019E-01 -1.27348036E-01 2.34946795E-03 1.48027897E-01
7.36447811E-01 -7.30000019E-01 -1.29524440E-01 5.52633370E-04 6.10578954E-02
7.34845638E-01 -7.30000019E-01 -1.28996357E-01 1.08248193E-03 4.14776653E-02
7.34057724E-01 -7.30000019E-01 -1.28737047E-01 1.05400395E-03 3.13574001E-02
7.31257200E-01 -7.30000019E-01 -1.27817020E-01 1.17925543E-03 -7.21832318E-03
7.29652524E-01 -7.30000019E-01 -1.27289936E-01 1.17925508E-03 -2.43693888E-02
7.25571394E-01 -7.30000019E-01 -1.25951514E-01 1.24064565E-03 -6.84933737E-02
7.20729232E-01 -7.30000019E-01 -1.24372214E-01 2.74668168E-03 -1.29113957E-01
7.06730545E-01 -7.30000019E-01 -1.19823597E-01 2.63874978E-03 -2.50476003E-01
7.02807426E-01 -7.30000019E-01 -1.18555792E-01 2.63877097E-03 -2.73633420E-01
6.81148708E-01 -7.29999959E-01 -1.11607105E-01 3.52736469E-03 -4.12462443E-01
6.65544569E-01 -7.30000019E-01 -1.06656916E-01 4.11017612E-03 -4.76474136E-01
6.53464913E-01 -7.30000019E-01 -1.02857135E-01 4.47165035E-03 -5.33616781E-01
5.21786451E-01 -7.30000019E-01 -6.30396903E-02 5.35630761E-03 -7.07247436E-01
6.02595866E-01 -7.30000019E-01 -8.71352479E-02 5.32750739E-03 -7.13367105E-01
4.99685585E-01 -7.29999959E-01 -5.66316806E-02 4.39093681E-03 -6.37829185E-01
4.71277654E-01 -7.30000019E-01 -4.85105552E-02 5.00126835E-03 -5.41595638E-01
6.23913527E-01 -7.29999959E-01 -9.36706513E-02 4.74827411E-03 -6.51531339E-01
5.35469890E-01 -7.29999959E-01 -6.70466945E-02 5.44667104E-03 -7.47492611E-01
5.87715924E-01 -7.30000019E-01 -8.26201662E-02 5.11609018E-03 -7.60830700E-01
4.46571410E-01 -7.30000019E-01 -4.15495597E-02 4.05948656E-03 -4.63290930E-01
4.31665242E-01 -7.30000019E-01 -3.73960957E-02 3.83053743E-03 -4.12013352E-01
3.76028776E-01 -7.29999959E-01 -2.22295374E-02 4.74774325E-03 -2.50570714E-01
3.58053118E-01 -7.30000019E-01 -1.74473133E-02 3.40191368E-03 -2.11661622E-01
2.83565938E-01 -7.30000019E-01 1.70613988E-03 2.73931003E-03 -1.03617474E-01
2.80938566E-01 -7.30000019E-01 2.36387830E-03 2.73933192E-03 -1.01374999E-01
-2.40263626E-01 -7.30000019E-01 5.36035076E-02 4.28427104E-03 -5.05237758E-01
-2.44076446E-01 -7.30000019E-01 4.89938408E-02 2.36382266E-03 -1.79360792E-01
-2.42956221E-01 -7.30000019E-01 5.06507196E-02 3.58115463E-03 -3.90355915E-01
-2.38740638E-01 -7.30000019E-01 5.49095385E-02 4.43299441E-03 -5.35470426E-01
-2.37095594E-01 -7.30000019E-01 5.61437234E-02 4.89352783E-03 -5.67735136E-01
-2.41672859E-01 -7.30000019E-01 5.21843880E-02 3.55407223E-03 -4.14060444E-01
-2.44178265E-01 -7.30000019E-01 4.88220342E-02 2.36388040E-03 -1.58849597E-01
-2.44803399E-01 -7.30000019E-01 4.76607233E-02 2.58890819E-03 -4.50290330E-02
-2.44562119E-01 -7.30000019E-01 4.81286794E-02 2.58884835E-03 -8.09643120E-02
-2.42833704E-01 -7.30000019E-01 5.08084819E-02 4.76070633E-03 -3.96165609E-01
-2.41809130E-01 -7.30000019E-01 5.20383306E-02 5.05203288E-03 -4.01789576E-01
-2.42289796E-01 -7.30000019E-01 5.14812917E-02 5.40358946E-03 -3.72549891E-01
-2.45758891E-01 -7.30000019E-01 4.52530757E-02 8.36261723E-04 2.38093138E-01
-2.41535082E-01 -7.30000019E-01 5.23291007E-02 3.55404080E-03 -4.30992007E-01
-2.40408227E-01 -7.30000019E-01 5.34652844E-02 4.38408833E-03 -5.06128371E-01
-2.40983158E-01 -7.30000019E-01 5.29087782E-02 3.55391484E-03 -4.98811275E-01
-2.40115523E-01 -7.30000019E-01 5.37379682E-02 4.28430736E-03 -5.18232763E-01
-2.38894224E-01 -7.30000019E-01 5.47807068E-02 4.43297252E-03 -5.34632981E-01
-2.39460737E-01 -7.30000019E-01 5.43060787E-02 6.23199251E-03 -5.32677233E-01
-2.38583431E-01 -7.30000019E-01 5.50369211E-02 4.28024214E-03 -5.37533045E-01
-2.37263784E-01 -7.30000019E-01 5.60242683E-02 4.89357207E-03 -5.67559361E-01
-2.37938136E-01 -7.30000019E-01 5.55305295E-02 4.28026356E-03 -5.53819537E-01
-2.43074760E-01 -7.30000019E-01 5.04899435E-02 3.58133670E-03 -3.51709187E-01
-2.43974701E-01 -7.30000019E-01 4.91655171E-02 2.36376491E-03 -1.99855700E-01
-2.45173752E-01 -7.30000019E-01 4.68435287E-02 2.11703754E-03 2.18095034E-02
-2.45429903E-01 -7.30000019E-01 4.62106057E-02 1.63102557E-03 8.46847892E-02
-2.33206853E-01 -7.30000019E-01 5.85583560E-02 5.47207007E-03 -5.96547008E-01
-2.35017821E-01 -7.30000019E-01 5.75049259E-02 6.50106603E-03 -6.33544087E-01
-2.34174535E-01 -7.30000019E-01 5.80096021E-02 5.47206914E-03 -6.04085445E-01
-2.36785546E-01 -7.30000019E-01 5.63639365E-02 4.89344634E-03 -5.68059206E-01
-2.35368565E-01 -7.30000019E-01 5.72894365E-02 5.65196574E-03 -6.44180834E-01
-2.25238889E-01 -7.30000019E-01 6.21670894E-02 6.62912754E-03 -5.57094336E-01
-2.22083673E-01 -7.30000019E-01 6.32862151E-02 5.35714766E-03 -5.51400721E-01
-2.32544899E-01 -7.30000019E-01 5.89120053E-02 5.69235580E-03 -6.22747779E-01
-2.29940861E-01 -7.30000019E-01 6.02040552E-02 6.10559294E-03 -6.06796443E-01
-2.29386404E-01 -7.30000019E-01 6.04568236E-02 4.53375932E-03 -5.90139270E-01
-2.26582184E-01 -7.30000019E-01 6.16415739E-02 6.48156973E-03 -5.75500369E-01
-2.09648162E-01 -7.30000019E-01 6.66371658E-02 5.42205386E-03 -4.78668541E-01
-2.10765451E-01 -7.30000019E-01 6.63897023E-02 5.42221218E-03 -4.93185669E-01
-2.15729192E-01 -7.30000019E-01 6.51730895E-02 7.10464315E-03 -5.39956987E-01
-2.20575765E-01 -7.30000019E-01 6.37709349E-02 7.11871963E-03 -5.45392871E-01
-2.16434106E-01 -7.30000019E-01 6.49862662E-02 7.10478239E-03 -5.57190061E-01
-2.08331555E-01 -7.30000019E-01 6.69184178E-02 4.24282812E-03 -4.68456894E-01
-2.01084152E-01 -7.30000019E-01 6.82618991E-02 3.21323285E-03 -4.37320471E-01
-1.99353084E-01 -7.30000019E-01 6.85464293E-02 3.21321795E-03 -4.25968379E-01
-1.95083901E-01 -7.30000019E-01 6.91806525E-02 4.11328208E-03 -4.19732660E-01
 2 1
 1 5
 5 6
 6 4
 2 3
 3 9
 9 10
 10 7
 7 8
 8 11
 11 12
 12 13
 13 14
 14 15
 15 16
 16 17
 17 18
 18 19
 19 23
 23 27
 27 26
 26 20
 20 24
 24 25
 25 21
 21 22
 29 28
 28 30
 30 31
 31 32
 32 33
 33 34
 34 35
 35 47
 47 38
 38 39
 39 37
 37 44
 44 43
 43 36
 36 45
 45 46
 46 42
 42 41
 41 40
 40 48
 48 49
 50 52
 52 53
 53 64
 64 65
 65 54
 54 66
 66 68
 68 67
 67 55
 55 69
 69 71
 71 70
 70 58
 58 57
 57 56
 56 60
 60 62
 62 61
 61 59
 59 72
 72 73
 75 76
 76 77
 63 51
 51 50
 74 75
 78 79
 79 63
 78 74
 80 85
 85 87
 87 86
 86 81
 81 88
 88 90
 90 89
 89 105
 105 108
 108 112
 112 111
 96 97
 97 98
 98 100
 100 102
 102 101
 101 107
 107 106
 106 99
 99 103
 103 104
 104 109
 109 110
 95 96
 92 95
 83 91
 91 92
 83 84
 84 82
 82 94
 94 93
 93 80
 114 115
 115 116
 116 127
 127 128
 128 129
 129 130
 130 131
 131 132
 132 133
 133 134
 134 135
 135 136
 136 137
 137 138
 138 143
 143 140
 140 145
 145 144
 144 139
 139 141
 141 142
 142 146
 146 147
 147 148
 148 149
 149 150
 150 151
 120 121
 121 119
 119 118
 118 117
 117 113
 113 114
 124 125
 125 126
 120 122
 122 123
 123 124
 154 161
 161 163
 163 162
 162 157
 157 165
 165 167
 167 166
 166 152
 152 168
 168 170
 170 169
 169 155
 155 171
 171 173
 173 172
 172 156
 156 181
 181 182
 182 179
 179 180
 180 178
 178 185
 185 186
 186 187
 187 188
 188 183
 183 184
 184 192
 192 193
 193 191
 191 190
 190 189
 189 194
 194 195
 195 196
 196 197
 174 154
 159 176
 176 177
 177 164
 158 160
 160 159
 153 175
 175 174
 158 153
