TITLE     = "Surface mesh and solution"
VARIABLES = "x" "y" "z" "cfx" "Cp"
DATASETAUXDATA alpha_deg="  0.0000000E+00"
DATASETAUXDATA beta_deg="  0.0000000E+00"
DATASETAUXDATA bref="  0.7500000"
DATASETAUXDATA cref="   1.000000"
DATASETAUXDATA itranflg="           0"
DATASETAUXDATA ivisc="           2"
DATASETAUXDATA mach="  0.2000000"
DATASETAUXDATA reue_mil="   4.600000"
DATASETAUXDATA sref="  0.7500000"
DATASETAUXDATA tinf_r="   521.0000"
DATASETAUXDATA xmc="  0.0000000E+00"
DATASETAUXDATA ymc="  0.0000000E+00"
DATASETAUXDATA zmc="  0.0000000E+00"
ZONE T="COFFE, HM Y=-0.001"
 STRANDID=0, SOLUTIONTIME=0
 Nodes=167, Elements=162, ZONETYPE=FELineSeg
 DATAPACKING=POINT
 DT=(DOUBLE DOUBLE DOUBLE DOUBLE DOUBLE )
7.38605797E-01 -1.00000005E-03 -1.30236134E-01 2.49029463E-03 3.93045217E-01
7.37655878E-01 -1.00000005E-03 -1.29923746E-01 1.52387621E-03 3.92820150E-01
7.36758292E-01 -1.00000005E-03 -1.29628122E-01 1.28035049E-03 3.97417158E-01
7.35652208E-01 -1.00000005E-03 -1.29262954E-01 4.08735476E-04 4.03627425E-01
7.37606287E-01 -1.00000005E-03 -1.30204782E-01 1.86491734E-03 4.15802598E-01
7.35497475E-01 -1.00000005E-03 -1.30140424E-01 9.09143884E-04 4.37522858E-01
7.33968019E-01 -1.00000005E-03 -1.28709987E-01 -1.88039499E-04 4.07780379E-01
7.27809548E-01 -1.00000005E-03 -1.26688048E-01 -2.47448712E-04 4.01913881E-01
7.33725727E-01 -1.00000005E-03 -1.30084023E-01 4.70217929E-04 4.32107866E-01
7.28851676E-01 -1.00000005E-03 -1.29930481E-01 3.99997720E-04 4.28223312E-01
7.24975288E-01 -1.00000005E-03 -1.25760332E-01 -2.54407991E-04 4.05865818E-01
7.26302266E-01 -1.00000005E-03 -1.29847005E-01 4.83708485E-04 4.25504386E-01
7.19412923E-01 -1.00000005E-03 -1.23950705E-01 -4.28316212E-04 3.96116853E-01
7.10587323E-01 -1.00000005E-03 -1.21082962E-01 -6.47412089E-04 3.82407010E-01
7.00667202E-01 -1.00000005E-03 -1.17891595E-01 -7.06190069E-04 3.71244550E-01
7.21302092E-01 -1.00000005E-03 -1.29674271E-01 5.49770833E-04 4.23573107E-01
7.10651278E-01 -1.00000005E-03 -1.29307583E-01 6.23345899E-04 4.09413844E-01
7.01694667E-01 -1.00000005E-03 -1.28977954E-01 6.79364137E-04 4.07621890E-01
6.82002306E-01 -1.00000005E-03 -1.11891285E-01 -6.08029542E-04 3.51718694E-01
6.81887150E-01 -1.00000005E-03 -1.28224418E-01 6.21893210E-04 4.02111948E-01
6.71256423E-01 -1.00000005E-03 -1.27766952E-01 6.17231417E-04 3.97185802E-01
6.46439970E-01 -1.00000005E-03 -1.00719966E-01 -4.51064901E-04 3.28024924E-01
6.32367253E-01 -1.00000005E-03 -9.62938294E-02 -3.33451346E-04 3.21008205E-01
6.21219635E-01 -1.00000005E-03 -9.28599089E-02 -2.87792791E-04 3.14366698E-01
6.25555158E-01 -1.00000005E-03 -1.25723034E-01 7.78989808E-04 3.81104976E-01
6.14115953E-01 -1.00000005E-03 -1.25138015E-01 8.08510056E-04 3.77738416E-01
5.58615029E-01 -1.00000005E-03 -7.38995075E-02 -2.80387700E-04 2.75284767E-01
5.52426636E-01 -1.00000005E-03 -1.21742420E-01 9.46981949E-04 3.58052611E-01
5.40520966E-01 -1.00000005E-03 -1.21036254E-01 9.64112580E-04 3.56400222E-01
-2.45153666E-01 -1.00000005E-03 3.41481157E-02 -1.84001320E-03 4.39552575E-01
-2.44712606E-01 -1.00000005E-03 3.30817774E-02 -1.95339229E-03 5.64902663E-01
-2.44944751E-01 -1.00000005E-03 3.36100720E-02 -1.90152403E-03 5.52693725E-01
-2.45442525E-01 -1.00000005E-03 3.49464640E-02 -1.76420098E-03 3.94650191E-01
-2.45782822E-01 -1.00000005E-03 3.60495485E-02 -1.45561236E-03 3.63066941E-01
-2.45991468E-01 -1.00000005E-03 3.68727706E-02 -1.38612092E-03 2.42507324E-01
-2.46214017E-01 -1.00000005E-03 3.80058587E-02 -1.16154063E-03 2.29721833E-02
-2.46118575E-01 -1.00000005E-03 3.74361873E-02 -1.45013561E-03 1.79935381E-01
-2.45236501E-01 -1.00000005E-03 4.66941148E-02 4.14906908E-03 -1.09660172E+00
-2.45013729E-01 -1.00000005E-03 4.72275615E-02 4.50394629E-03 -1.01063335E+00
-2.45965183E-01 -1.00000005E-03 4.43836413E-02 2.30823853E-03 -7.19983041E-01
-2.45539054E-01 -1.00000005E-03 4.59015146E-02 3.65890888E-03 -1.04601359E+00
-2.45823443E-01 -1.00000005E-03 4.50139567E-02 2.88721174E-03 -8.11962724E-01
-2.45725125E-01 -1.00000005E-03 4.53657880E-02 3.02230590E-03 -8.63636196E-01
-2.46329308E-01 -1.00000005E-03 3.88457440E-02 -9.00655694E-04 -3.98901813E-02
-2.46417552E-01 -1.00000005E-03 3.99976969E-02 -4.65670280E-04 -8.03826079E-02
-2.46430516E-01 -1.00000005E-03 4.08459939E-02 -6.98876029E-05 -2.26142809E-01
-2.46311754E-01 -1.00000005E-03 4.24180664E-02 1.11840037E-03 -4.52014774E-01
-2.46402264E-01 -1.00000005E-03 4.17026840E-02 6.08239148E-04 -3.74087185E-01
-2.46201932E-01 -1.00000005E-03 4.34120446E-02 1.83155888E-03 -5.69710314E-01
-2.44355023E-01 -1.00000005E-03 3.23113613E-02 -1.92687823E-03 6.21681631E-01
-2.43823022E-01 -1.00000005E-03 3.12758461E-02 -1.77939050E-03 6.67045414E-01
-2.44100571E-01 -1.00000005E-03 3.17914225E-02 -1.92942773E-03 6.89540863E-01
-2.43399501E-01 -1.00000005E-03 3.05221025E-02 -1.69985392E-03 7.29086041E-01
-2.42787391E-01 -1.00000005E-03 2.95174196E-02 -1.69663935E-03 8.19495857E-01
-2.43103459E-01 -1.00000005E-03 3.00168898E-02 -1.61570602E-03 8.23521316E-01
-2.42277905E-01 -1.00000005E-03 2.87400652E-02 -1.36309222E-03 7.94073522E-01
-2.41522714E-01 -1.00000005E-03 2.76745781E-02 -7.61948875E-04 8.16858411E-01
-2.41939157E-01 -1.00000005E-03 2.82411836E-02 -9.76880896E-04 8.15767288E-01
-2.40735143E-01 -1.00000005E-03 2.66195908E-02 -9.92494752E-04 8.87831986E-01
-2.40066245E-01 -1.00000005E-03 2.57934257E-02 -1.09447376E-03 8.96622837E-01
-2.39272714E-01 -1.00000005E-03 2.48556491E-02 -8.62069079E-04 8.96638334E-01
-2.37965941E-01 -1.00000005E-03 2.34289933E-02 -4.04399005E-04 9.36298192E-01
-2.38722026E-01 -1.00000005E-03 2.42261477E-02 -7.10599823E-04 9.23749685E-01
-2.36532658E-01 -1.00000005E-03 2.19396781E-02 -1.90819250E-04 9.56731558E-01
-2.35318124E-01 -1.00000005E-03 2.07799971E-02 -1.73809400E-04 9.50199723E-01
-2.33852193E-01 -1.00000005E-03 1.94407031E-02 -8.96305573E-05 9.41928506E-01
-2.32878506E-01 -1.00000005E-03 1.85797960E-02 -1.11230140E-04 9.40735281E-01
-2.29347110E-01 -1.00000005E-03 1.57142114E-02 6.68235953E-05 9.59135115E-01
-2.27315381E-01 -1.00000005E-03 1.42035643E-02 6.39467762E-05 9.55143750E-01
-2.31636211E-01 -1.00000005E-03 1.75634157E-02 6.64473700E-05 9.53971744E-01
-2.32878506E-01 -1.00000005E-03 1.85797960E-02 -1.11230140E-04 9.40735281E-01
-2.24447995E-01 -1.00000005E-03 1.21630589E-02 2.87835981E-04 9.67892289E-01
-2.20671535E-01 -1.00000005E-03 9.66974255E-03 6.63869607E-04 9.44215238E-01
-2.22747728E-01 -1.00000005E-03 1.09944390E-02 5.25601965E-04 9.61657941E-01
-2.16641620E-01 -1.00000005E-03 7.14550819E-03 1.04804814E-03 8.90474617E-01
-2.12929785E-01 -1.00000005E-03 4.99283522E-03 1.14876474E-03 8.97416353E-01
-2.08571479E-01 -1.00000005E-03 2.57817842E-03 9.68341541E-04 8.83617699E-01
-2.01809466E-01 -1.00000005E-03 -8.86551978E-04 1.07945234E-03 8.19287002E-01
-1.94750145E-01 -1.00000005E-03 -4.34468733E-03 1.24718517E-03 7.73714483E-01
-1.88161656E-01 -1.00000005E-03 -7.29093235E-03 1.36578432E-03 7.39113927E-01
-1.78453311E-01 -1.00000005E-03 -1.14086149E-02 1.45811983E-03 7.08497822E-01
-1.65063828E-01 -1.00000005E-03 -1.66621078E-02 1.45136099E-03 6.67631686E-01
-1.54124811E-01 -1.00000005E-03 -2.06447244E-02 1.72659487E-03 6.29853189E-01
-1.34264097E-01 -1.00000005E-03 -2.72564590E-02 1.92397344E-03 6.03150606E-01
-1.45931631E-01 -1.00000005E-03 -2.34980639E-02 1.89346180E-03 6.06127918E-01
-1.24367714E-01 -1.00000005E-03 -3.03910635E-02 1.58374943E-03 5.77887952E-01
-1.08512066E-01 -1.00000005E-03 -3.48759405E-02 1.28295273E-03 5.22248805E-01
2.54258960E-01 -1.00000005E-03 -9.73416790E-02 1.00973097E-03 3.54259014E-01
2.72355050E-01 -1.00000005E-03 -9.92463976E-02 1.03117805E-03 3.52162838E-01
2.19955698E-01 -1.00000005E-03 -9.35213119E-02 1.05835905E-03 3.65884840E-01
1.99414164E-01 -1.00000005E-03 -9.10916552E-02 1.24791474E-03 3.72549355E-01
1.58134714E-01 -1.00000005E-03 -8.58556479E-02 1.11565529E-03 3.77307713E-01
1.31290108E-01 -1.00000005E-03 -8.22390839E-02 9.76531359E-04 3.80351037E-01
-4.86202240E-02 -1.00000005E-03 -5.02344929E-02 1.84398051E-03 4.73797411E-01
-5.88784628E-02 -1.00000005E-03 -4.78677377E-02 1.93976006E-03 4.72660005E-01
-8.52637272E-03 -1.00000005E-03 -5.88316619E-02 1.48076343E-03 4.32431012E-01
4.27258480E-03 -1.00000005E-03 -6.13483712E-02 1.44774141E-03 4.24317151E-01
5.28788641E-02 -1.00000005E-03 -7.01663047E-02 1.43474701E-03 4.15307969E-01
6.85839429E-02 -1.00000005E-03 -7.27650747E-02 1.31100405E-03 4.09847170E-01
3.16859990E-01 -1.00000005E-03 -1.03673346E-01 1.16287707E-03 3.54146868E-01
3.33751500E-01 -1.00000005E-03 -1.05262734E-01 9.53976763E-04 3.54652882E-01
3.96043986E-01 -1.00000005E-03 -1.10678606E-01 1.23246340E-03 3.51666898E-01
4.10650909E-01 -1.00000005E-03 -1.11871250E-01 1.22986757E-03 3.50550711E-01
4.68019098E-01 -1.00000005E-03 -1.16210736E-01 1.23326876E-03 3.63646150E-01
4.80211884E-01 -1.00000005E-03 -1.17068700E-01 1.20421534E-03 3.66016209E-01
5.40520966E-01 -1.00000005E-03 -1.21036254E-01 9.64112580E-04 3.56400222E-01
-2.42593497E-01 -1.00000005E-03 5.11079691E-02 5.80859417E-03 -1.34645069E+00
-2.43289798E-01 -1.00000005E-03 5.01872301E-02 5.96550433E-03 -1.34446120E+00
-2.42953002E-01 -1.00000005E-03 5.06562851E-02 5.93772903E-03 -1.31106722E+00
-2.42049336E-01 -1.00000005E-03 5.17596453E-02 5.57690067E-03 -1.39300704E+00
-2.41270155E-01 -1.00000005E-03 5.26108406E-02 6.20847056E-03 -1.39348531E+00
-2.43766874E-01 -1.00000005E-03 4.94846664E-02 5.77501068E-03 -1.31918097E+00
-2.44363189E-01 -1.00000005E-03 4.84958254E-02 5.69814071E-03 -1.28286362E+00
-2.40670457E-01 -1.00000005E-03 5.32122403E-02 5.69060445E-03 -1.41204262E+00
-2.39814863E-01 -1.00000005E-03 5.40039316E-02 5.94500313E-03 -1.43263149E+00
-2.39157245E-01 -1.00000005E-03 5.45684323E-02 6.01031072E-03 -1.42207134E+00
-2.38232866E-01 -1.00000005E-03 5.53071238E-02 6.09549601E-03 -1.41194272E+00
-2.37482101E-01 -1.00000005E-03 5.58678918E-02 5.28956018E-03 -1.43740487E+00
-2.36442968E-01 -1.00000005E-03 5.65929562E-02 5.01422305E-03 -1.45912671E+00
-2.35606879E-01 -1.00000005E-03 5.71399741E-02 5.56752644E-03 -1.41536903E+00
-2.34359786E-01 -1.00000005E-03 5.79004213E-02 5.46850963E-03 -1.39248037E+00
-2.33305633E-01 -1.00000005E-03 5.85012175E-02 6.25757314E-03 -1.38775671E+00
-2.31692776E-01 -1.00000005E-03 5.93497269E-02 7.41206855E-03 -1.34503508E+00
-2.30275020E-01 -1.00000005E-03 6.00424074E-02 7.27833947E-03 -1.32878995E+00
-2.28136450E-01 -1.00000005E-03 6.09983914E-02 6.87727006E-03 -1.30571067E+00
-2.26252407E-01 -1.00000005E-03 6.17717318E-02 7.58165307E-03 -1.26700544E+00
-2.23715112E-01 -1.00000005E-03 6.27182946E-02 7.01494329E-03 -1.23274171E+00
-2.21588701E-01 -1.00000005E-03 6.34429380E-02 7.46133784E-03 -1.22126913E+00
-2.18451783E-01 -1.00000005E-03 6.44003749E-02 7.26682879E-03 -1.17705154E+00
-2.44759008E-01 -1.00000005E-03 4.77461554E-02 5.01947850E-03 -1.18256211E+00
-2.45013729E-01 -1.00000005E-03 4.72275615E-02 4.50394629E-03 -1.01063335E+00
-2.18451783E-01 -1.00000005E-03 6.44003749E-02 7.26682879E-03 -1.17705154E+00
-2.14386791E-01 -1.00000005E-03 6.55141845E-02 7.09177135E-03 -1.13088071E+00
-2.10632533E-01 -1.00000005E-03 6.64076135E-02 6.50437921E-03 -1.13700128E+00
-2.12777376E-01 -1.00000005E-03 6.59246370E-02 6.97302958E-03 -1.10655582E+00
-2.06668898E-01 -1.00000005E-03 6.72465637E-02 5.10888873E-03 -1.10340834E+00
-2.01420471E-01 -1.00000005E-03 6.81969598E-02 4.84897848E-03 -9.96939182E-01
-1.96334645E-01 -1.00000005E-03 6.89903423E-02 5.55736851E-03 -9.57994223E-01
-1.89331561E-01 -1.00000005E-03 6.98861852E-02 5.22385491E-03 -9.67083573E-01
-1.83489844E-01 -1.00000005E-03 7.04983622E-02 4.38011810E-03 -9.53071713E-01
-1.73049495E-01 -1.00000005E-03 7.12589473E-02 3.59100313E-03 -8.48573387E-01
-1.60475597E-01 -1.00000005E-03 7.18983933E-02 3.47392657E-03 -7.61669397E-01
-1.48776889E-01 -1.00000005E-03 7.21165165E-02 2.85139238E-03 -7.31948555E-01
-1.36780575E-01 -1.00000005E-03 7.21013322E-02 2.13273545E-03 -6.98467493E-01
-1.19678624E-01 -1.00000005E-03 7.16678575E-02 1.31687301E-03 -6.54587507E-01
-1.09202869E-01 -1.00000005E-03 7.12333173E-02 1.36638072E-03 -6.21791303E-01
-9.32313874E-02 -1.00000005E-03 7.01489151E-02 1.13008125E-03 -5.61195314E-01
2.70510674E-01 -1.00000005E-03 4.92827594E-03 -5.13433246E-04 4.20332849E-02
2.83902079E-01 -1.00000005E-03 1.61151064E-03 -6.36179931E-04 5.30651473E-02
1.66930854E-01 -1.00000005E-03 2.90368106E-02 -3.91376707E-05 -8.21767747E-02
1.44621700E-01 -1.00000005E-03 3.38260457E-02 -1.61926073E-05 -1.30044907E-01
2.32915342E-01 -1.00000005E-03 1.40252672E-02 -2.31213315E-04 1.12003349E-02
2.15747178E-01 -1.00000005E-03 1.80398058E-02 -1.54667432E-04 -4.99320449E-03
-4.59608845E-02 -1.00000005E-03 6.59053624E-02 9.44631465E-04 -4.34322625E-01
-2.96815522E-02 -1.00000005E-03 6.39709085E-02 9.48960369E-04 -3.97700340E-01
2.76973005E-03 -1.00000005E-03 5.95553257E-02 1.11129228E-03 -3.48116010E-01
2.26128548E-02 -1.00000005E-03 5.65700717E-02 6.43497217E-04 -3.14618945E-01
6.68356419E-02 -1.00000005E-03 4.90830876E-02 8.25035269E-04 -2.50324100E-01
8.56534392E-02 -1.00000005E-03 4.56089042E-02 2.17448847E-04 -2.31780723E-01
3.33210349E-01 -1.00000005E-03 -1.09481765E-02 -6.69751025E-04 1.07851386E-01
3.46317261E-01 -1.00000005E-03 -1.43663678E-02 -7.58678420E-04 1.21310122E-01
4.07436043E-01 -1.00000005E-03 -3.07440870E-02 -7.40055984E-04 1.61093950E-01
4.19201285E-01 -1.00000005E-03 -3.39582227E-02 -8.12608167E-04 1.71796098E-01
4.78301972E-01 -1.00000005E-03 -5.05184494E-02 -5.80434338E-04 2.23584324E-01
4.89937425E-01 -1.00000005E-03 -5.38421907E-02 -6.07095717E-04 2.28204712E-01
5.46724319E-01 -1.00000005E-03 -7.03719333E-02 -3.86970525E-04 2.65450746E-01
5.58615029E-01 -1.00000005E-03 -7.38995075E-02 -2.80387700E-04 2.75284767E-01
 5 1
 1 2
 2 3
 3 4
 4 7
 7 8
 8 11
 11 13
 13 14
 14 15
 15 19
 19 22
 22 23
 23 24
 24 27
 6 9
 9 10
 10 12
 12 16
 16 17
 17 18
 18 20
 20 21
 21 25
 25 26
 26 28
 28 29
 5 6
 30 33
 33 34
 34 35
 35 37
 37 36
 36 44
 44 45
 45 46
 46 48
 48 47
 47 49
 49 40
 40 42
 42 43
 43 41
 41 38
 38 39
 51 52
 52 50
 50 31
 31 32
 32 30
 61 60
 60 59
 59 57
 57 58
 58 56
 56 54
 54 55
 55 53
 53 51
 65 64
 64 62
 62 63
 63 61
 66 67
 66 65
 68 70
 70 71
 72 69
 69 68
 75 73
 73 74
 74 72
 76 75
 79 78
 78 77
 77 76
 81 82
 82 83
 83 85
 85 84
 84 86
 86 87
 87 95
 95 94
 94 96
 96 97
 97 98
 98 99
 99 93
 93 92
 92 91
 91 90
 90 88
 88 89
 89 100
 100 101
 101 102
 102 103
 103 104
 104 105
 105 106
 81 80
 80 79
 107 110
 110 111
 111 114
 114 115
 115 116
 116 117
 117 118
 118 119
 119 120
 120 121
 121 122
 122 123
 123 124
 124 125
 125 126
 126 127
 127 128
 128 129
 112 108
 108 109
 109 107
 130 113
 113 112
 130 131
 132 133
 133 135
 135 134
 134 136
 136 137
 137 138
 138 139
 139 140
 140 141
 141 142
 142 143
 143 144
 144 145
 145 146
 146 147
 147 154
 154 155
 155 156
 156 157
 157 158
 158 159
 159 151
 151 150
 150 153
 153 152
 152 148
 148 149
 149 160
 160 161
 161 162
 162 163
 163 164
 164 165
 165 166
 166 167
ZONE T="COFFE, HM Y=-0.035"
 STRANDID=0, SOLUTIONTIME=0
 Nodes=188, Elements=183, ZONETYPE=FELineSeg
 DATAPACKING=POINT
 DT=(DOUBLE DOUBLE DOUBLE DOUBLE DOUBLE )
7.36352086E-01 -3.50000001E-02 -1.30167618E-01 9.30534035E-04 4.90360737E-01
7.38038182E-01 -3.50000001E-02 -1.30218878E-01 3.76574323E-03 4.14250970E-01
7.38605797E-01 -3.50000001E-02 -1.30236134E-01 1.83225167E-03 3.97754073E-01
7.38092363E-01 -3.50000001E-02 -1.30066723E-01 1.79592066E-03 3.87826741E-01
7.33821392E-01 -3.50000001E-02 -1.30089507E-01 1.77697907E-03 4.39249516E-01
7.33305454E-01 -3.50000001E-02 -1.30073220E-01 1.89000368E-03 4.37725544E-01
7.33627558E-01 -3.50000001E-02 -1.30083516E-01 1.87878928E-03 4.36752945E-01
7.10316658E-01 -3.50000001E-02 -1.29309714E-01 1.82978122E-03 4.14961487E-01
7.26765513E-01 -3.50000001E-02 -1.29865617E-01 2.33052601E-03 4.47110951E-01
7.20274627E-01 -3.50000001E-02 -1.29645765E-01 2.07318249E-03 4.33490992E-01
6.90788805E-01 -3.50000001E-02 -1.28582731E-01 2.00923393E-03 4.08670723E-01
6.87476754E-01 -3.50000001E-02 -1.28459945E-01 2.05380679E-03 4.06399757E-01
6.80070698E-01 -3.50000001E-02 -1.28137156E-01 2.06121872E-03 4.04319078E-01
6.43295705E-01 -3.50000001E-02 -1.26556844E-01 2.02861545E-03 3.82395715E-01
6.18262172E-01 -3.50000001E-02 -1.25361562E-01 2.08136090E-03 3.66436064E-01
7.36961007E-01 -3.50000001E-02 -1.29693419E-01 1.22874544E-03 3.58533174E-01
7.34145403E-01 -3.50000001E-02 -1.28765762E-01 6.70903130E-04 4.12545741E-01
7.33882904E-01 -3.50000001E-02 -1.28679276E-01 6.01779495E-04 4.18152988E-01
7.33634710E-01 -3.50000001E-02 -1.28597736E-01 5.70199511E-04 4.16688204E-01
7.16062248E-01 -3.50000001E-02 -1.22847781E-01 3.04524438E-04 3.83659661E-01
7.28249967E-01 -3.50000001E-02 -1.26828656E-01 4.90878010E-05 3.93498361E-01
7.21366346E-01 -3.50000001E-02 -1.24578714E-01 2.54552346E-04 3.83594900E-01
6.91912889E-01 -3.50000001E-02 -1.15055434E-01 1.37751384E-04 3.65434617E-01
6.88263714E-01 -3.50000001E-02 -1.13877252E-01 1.12447684E-04 3.63238573E-01
-2.46281207E-01 -3.50000001E-02 3.84033620E-02 -1.03120483E-03 3.16894740E-01
-2.45307311E-01 -3.50000001E-02 3.45437825E-02 -1.77792204E-03 6.98218644E-01
-2.46387184E-01 -3.50000001E-02 4.19560000E-02 6.58034231E-04 -1.25793219E-01
-2.44540244E-01 -3.50000001E-02 3.26897502E-02 -1.41496677E-03 8.60332549E-01
-2.43524998E-01 -3.50000001E-02 3.07316389E-02 -1.07332645E-03 8.85423362E-01
-2.42515221E-01 -3.50000001E-02 2.90887244E-02 -8.59448977E-04 9.46016192E-01
-2.45464548E-01 -3.50000001E-02 3.50121036E-02 -1.68677373E-03 6.74355268E-01
-2.45735854E-01 -3.50000001E-02 3.58814113E-02 -1.56048429E-03 5.91237485E-01
-2.45128274E-01 -3.50000001E-02 3.40827629E-02 -1.71609235E-03 7.72295058E-01
-2.44699851E-01 -3.50000001E-02 3.30528170E-02 -1.52107445E-03 8.75111043E-01
-2.44365796E-01 -3.50000001E-02 3.23334038E-02 -1.25413376E-03 9.05527651E-01
-2.43791446E-01 -3.50000001E-02 3.12243570E-02 -9.48029978E-04 9.03973758E-01
-2.44098023E-01 -3.50000001E-02 3.17864828E-02 -1.06895273E-03 9.11945105E-01
-2.43279308E-01 -3.50000001E-02 3.03137135E-02 -9.15282173E-04 9.58270788E-01
-2.42744491E-01 -3.50000001E-02 2.94504296E-02 -9.10719624E-04 9.93331432E-01
-2.39310220E-01 -3.50000001E-02 2.48929448E-02 7.80753453E-06 9.90556300E-01
-2.46200353E-01 -3.50000001E-02 3.79214622E-02 -1.28337403E-03 4.29300755E-01
-2.46023223E-01 -3.50000001E-02 3.70154567E-02 -1.53143890E-03 5.02196193E-01
-2.42259681E-01 -3.50000001E-02 2.87136324E-02 -6.95011171E-04 9.74312901E-01
-2.41428301E-01 -3.50000001E-02 2.75482386E-02 -2.04816010E-04 9.56441045E-01
-2.41894871E-01 -3.50000001E-02 2.81781871E-02 -4.84726188E-04 9.82647836E-01
-2.46333688E-01 -3.50000001E-02 3.88883315E-02 -8.22369475E-04 2.73084998E-01
-2.46406093E-01 -3.50000001E-02 3.97094041E-02 -5.55371284E-04 1.70165703E-01
-2.46419892E-01 -3.50000001E-02 4.13131565E-02 4.52960783E-04 6.98909014E-02
-2.46435314E-01 -3.50000001E-02 4.07028496E-02 9.39247911E-05 1.39113665E-01
-2.46259630E-01 -3.50000001E-02 4.29480597E-02 1.61648320E-03 -2.20984638E-01
-2.46201932E-01 -3.50000001E-02 4.34120446E-02 2.04548216E-03 -3.18544567E-01
-2.46097952E-01 -3.50000001E-02 4.38658185E-02 2.13097385E-03 -3.61538976E-01
-2.36900777E-01 -3.50000001E-02 2.23048385E-02 2.05826553E-04 9.42637086E-01
-2.38674879E-01 -3.50000001E-02 2.41782758E-02 2.86553899E-04 9.96436536E-01
-2.37449571E-01 -3.50000001E-02 2.28765626E-02 1.90120263E-04 9.47335184E-01
-2.39868209E-01 -3.50000001E-02 2.55631059E-02 -8.81316591E-05 9.73140895E-01
-2.40574077E-01 -3.50000001E-02 2.64150277E-02 -2.37241999E-04 9.54545975E-01
-2.36446410E-01 -3.50000001E-02 2.18630340E-02 -1.06614934E-05 9.22636807E-01
-2.35228568E-01 -3.50000001E-02 2.06851661E-02 -2.47189251E-04 9.60333884E-01
-2.33792320E-01 -3.50000001E-02 1.93991102E-02 8.58861677E-05 9.66905773E-01
-2.30111018E-01 -3.50000001E-02 1.63170379E-02 -3.61727871E-05 9.66335833E-01
-2.32622489E-01 -3.50000001E-02 1.83645133E-02 1.53827888E-04 9.92563665E-01
-2.28538334E-01 -3.50000001E-02 1.51301445E-02 1.52473629E-04 9.69320953E-01
-2.25249425E-01 -3.50000001E-02 1.27045847E-02 6.43101637E-04 1.00161576E+00
-2.45878354E-01 -3.50000001E-02 4.48425896E-02 2.90294038E-03 -5.65502703E-01
-2.45196685E-01 -3.50000001E-02 4.67831306E-02 4.61828848E-03 -8.39590132E-01
-2.44999155E-01 -3.50000001E-02 4.72595096E-02 4.84071719E-03 -9.29929912E-01
-2.45757699E-01 -3.50000001E-02 4.52488065E-02 3.37121240E-03 -6.49838388E-01
-2.45568514E-01 -3.50000001E-02 4.58308160E-02 3.97151010E-03 -7.98728406E-01
-2.22430170E-01 -3.50000001E-02 1.07872244E-02 1.11725123E-03 9.47388768E-01
-2.25249425E-01 -3.50000001E-02 1.27045847E-02 6.43101637E-04 1.00161576E+00
-2.21919343E-01 -3.50000001E-02 1.04509890E-02 1.15622743E-03 9.42804694E-01
-2.19395861E-01 -3.50000001E-02 8.82995687E-03 1.19528617E-03 9.30151463E-01
-2.17964917E-01 -3.50000001E-02 7.95573182E-03 1.00034918E-03 9.24266994E-01
-2.05450296E-01 -3.50000001E-02 9.28312773E-04 1.68977235E-03 8.28604996E-01
-2.00256497E-01 -3.50000001E-02 -1.68766745E-03 1.60197983E-03 8.05863559E-01
-2.14001283E-01 -3.50000001E-02 5.59861306E-03 1.17710698E-03 9.14005756E-01
-2.10207611E-01 -3.50000001E-02 3.46752931E-03 1.52551127E-03 8.80696058E-01
-1.79220319E-01 -3.50000001E-02 -1.11434283E-02 2.03764252E-03 7.02129722E-01
-1.83785200E-01 -3.50000001E-02 -9.18260030E-03 1.87991280E-03 7.26062536E-01
-1.92892805E-01 -3.50000001E-02 -5.18944906E-03 1.66501082E-03 7.77679682E-01
-1.71424210E-01 -3.50000001E-02 -1.41838305E-02 2.11436418E-03 6.83262229E-01
-1.52121484E-01 -3.50000001E-02 -2.12339498E-02 2.40791333E-03 6.37469888E-01
-1.63284704E-01 -3.50000001E-02 -1.73665024E-02 2.23131943E-03 6.54171050E-01
-9.38491002E-02 -3.50000001E-02 -3.90548259E-02 2.76703434E-03 5.28471351E-01
-7.58435354E-02 -3.50000001E-02 -4.36930209E-02 2.82719266E-03 4.95697111E-01
2.96921860E-02 -3.50000001E-02 -6.61032200E-02 2.33794819E-03 4.15619493E-01
1.76333189E-01 -3.50000001E-02 -8.81084725E-02 2.48934748E-03 3.69297773E-01
2.10111424E-01 -3.50000001E-02 -9.23902839E-02 2.41897046E-03 3.60001713E-01
3.58674824E-01 -3.50000001E-02 -1.07513659E-01 2.93391780E-03 3.35343063E-01
2.67549098E-01 -3.50000001E-02 -9.87543911E-02 2.28947774E-03 3.44199300E-01
2.52194434E-01 -3.50000001E-02 -9.70918536E-02 2.27651955E-03 3.45702559E-01
4.87231165E-01 -3.50000001E-02 -1.17570370E-01 2.46149418E-03 3.46009821E-01
3.71243417E-01 -3.50000001E-02 -1.08552612E-01 2.85130809E-03 3.35163563E-01
4.70757157E-01 -3.50000001E-02 -1.16352752E-01 2.38505541E-03 3.43290448E-01
4.28166926E-01 -3.50000001E-02 -1.13248445E-01 2.45803245E-03 3.50670844E-01
4.12147760E-01 -3.50000001E-02 -1.11984760E-01 2.47669662E-03 3.50818038E-01
1.25004081E-02 -3.50000001E-02 -6.29603416E-02 2.54993583E-03 4.24870759E-01
-1.09360963E-01 -3.50000001E-02 -3.45295966E-02 2.59462721E-03 5.28685570E-01
-1.33600265E-01 -3.50000001E-02 -2.75289267E-02 2.53454433E-03 5.72556257E-01
1.46025449E-01 -3.50000001E-02 -8.42987895E-02 2.63435463E-03 3.79505903E-01
4.77959998E-02 -3.50000001E-02 -6.92052618E-02 2.30830954E-03 4.05604273E-01
1.11349538E-01 -3.50000001E-02 -7.91927278E-02 2.46346067E-03 3.85191888E-01
6.84436634E-02 -3.50000001E-02 -7.27953389E-02 2.40358082E-03 3.91806930E-01
-1.81843266E-02 -3.50000001E-02 -5.66558540E-02 2.64715753E-03 4.48514044E-01
4.97680187E-01 -3.50000001E-02 -1.18259445E-01 2.41393200E-03 3.46238464E-01
5.46001732E-01 -3.50000001E-02 -1.21364579E-01 2.69019697E-03 3.73880982E-01
3.48457247E-01 -3.50000001E-02 -1.06609248E-01 3.07683460E-03 3.44305843E-01
3.24763477E-01 -3.50000001E-02 -1.04404062E-01 3.08972597E-03 3.68335426E-01
-5.83056696E-02 -3.50000001E-02 -4.78141531E-02 2.81534484E-03 4.82775927E-01
-3.76517810E-02 -3.50000001E-02 -5.27288169E-02 2.80635059E-03 4.60003108E-01
5.82431376E-01 -3.50000001E-02 -1.23419121E-01 2.36633699E-03 3.67223382E-01
6.18262172E-01 -3.50000001E-02 -1.25361562E-01 2.08136090E-03 3.66436064E-01
-2.43537202E-01 -3.50000001E-02 4.98426892E-02 6.95417775E-03 -1.27251053E+00
-2.42335096E-01 -3.50000001E-02 5.14329597E-02 7.61102559E-03 -1.47647369E+00
-2.43249595E-01 -3.50000001E-02 5.02432659E-02 7.17373379E-03 -1.34893370E+00
-2.42696717E-01 -3.50000001E-02 5.09784818E-02 7.58163258E-03 -1.46330011E+00
-2.43803799E-01 -3.50000001E-02 4.94270548E-02 6.63846591E-03 -1.21216679E+00
-2.44374335E-01 -3.50000001E-02 4.84765433E-02 5.85680176E-03 -1.15687191E+00
-2.44739667E-01 -3.50000001E-02 4.77856584E-02 5.25062671E-03 -1.04532599E+00
-2.44999155E-01 -3.50000001E-02 4.72595096E-02 4.84071719E-03 -9.29929912E-01
-2.41888404E-01 -3.50000001E-02 5.19438572E-02 7.43278023E-03 -1.52961612E+00
-2.41551608E-01 -3.50000001E-02 5.23180850E-02 7.28895003E-03 -1.55417609E+00
-2.40626544E-01 -3.50000001E-02 5.32492846E-02 7.67322490E-03 -1.53245962E+00
-2.39792123E-01 -3.50000001E-02 5.40240854E-02 7.23167043E-03 -1.60172224E+00
-2.40242094E-01 -3.50000001E-02 5.36239669E-02 7.80064240E-03 -1.57789302E+00
-2.39159882E-01 -3.50000001E-02 5.45662120E-02 7.43259955E-03 -1.63200760E+00
-2.38287866E-01 -3.50000001E-02 5.52636497E-02 8.22876859E-03 -1.63338566E+00
-2.33511835E-01 -3.50000001E-02 5.83922155E-02 9.89624858E-03 -1.61509645E+00
-2.37272680E-01 -3.50000001E-02 5.60187511E-02 8.27887747E-03 -1.63781667E+00
-2.36301258E-01 -3.50000001E-02 5.66872992E-02 9.11341328E-03 -1.66726995E+00
-2.29496002E-01 -3.50000001E-02 6.04084432E-02 1.07045602E-02 -1.50358772E+00
-2.34003276E-01 -3.50000001E-02 5.81059456E-02 9.31258500E-03 -1.59704328E+00
-2.35455215E-01 -3.50000001E-02 5.72355427E-02 9.17306263E-03 -1.62750471E+00
-2.32708991E-01 -3.50000001E-02 5.88254444E-02 1.01399198E-02 -1.63013375E+00
-2.30598629E-01 -3.50000001E-02 5.98715805E-02 1.05979573E-02 -1.56483841E+00
-2.32200682E-01 -3.50000001E-02 5.90979755E-02 1.03647392E-02 -1.62417030E+00
-2.29027241E-01 -3.50000001E-02 6.06174096E-02 1.08107207E-02 -1.51923800E+00
-2.28128061E-01 -3.50000001E-02 6.09755516E-02 1.06023541E-02 -1.48647213E+00
-2.20529199E-01 -3.50000001E-02 6.37908578E-02 9.32272617E-03 -1.36928189E+00
-2.20588624E-01 -3.50000001E-02 6.37703910E-02 9.36164986E-03 -1.37043560E+00
-2.24831879E-01 -3.50000001E-02 6.23230934E-02 1.03577171E-02 -1.43157792E+00
-2.20478192E-01 -3.50000001E-02 6.38066307E-02 9.31139756E-03 -1.36855245E+00
-2.15239301E-01 -3.50000001E-02 6.52838424E-02 8.80521629E-03 -1.25836480E+00
-2.12791398E-01 -3.50000001E-02 6.59206212E-02 8.73633660E-03 -1.22119892E+00
-2.10130095E-01 -3.50000001E-02 6.65118098E-02 8.56681261E-03 -1.20480669E+00
-2.04341397E-01 -3.50000001E-02 6.76919743E-02 8.25631060E-03 -1.11237645E+00
-2.01526731E-01 -3.50000001E-02 6.81895986E-02 8.50773137E-03 -1.07382059E+00
-2.01526731E-01 -3.50000001E-02 6.81895986E-02 8.50773137E-03 -1.07382059E+00
-1.93500996E-01 -3.50000001E-02 6.93561882E-02 8.44026450E-03 -1.04592252E+00
-1.84537351E-01 -3.50000001E-02 7.03420267E-02 8.11830536E-03 -9.65942502E-01
-1.71037108E-01 -3.50000001E-02 7.14255795E-02 7.47114047E-03 -8.46591651E-01
-1.59039751E-01 -3.50000001E-02 7.19335452E-02 6.99000619E-03 -8.42794061E-01
-1.51630491E-01 -3.50000001E-02 7.20936209E-02 6.42683404E-03 -8.23733449E-01
-1.27299428E-01 -3.50000001E-02 7.17928708E-02 5.38856583E-03 -6.70911372E-01
-4.75427024E-02 -3.50000001E-02 6.60732165E-02 4.93915705E-03 -4.55353022E-01
6.17245078E-01 -3.50000001E-02 -9.16190967E-02 1.31862515E-04 3.07072818E-01
1.43839702E-01 -3.50000001E-02 3.40320058E-02 3.37026641E-03 -1.65488929E-01
3.82636040E-02 -3.50000001E-02 5.40300794E-02 4.09462070E-03 -3.20327193E-01
4.74897593E-01 -3.50000001E-02 -4.95344587E-02 3.54321848E-04 2.01299518E-01
-1.06985822E-01 -3.50000001E-02 7.11103827E-02 4.87421220E-03 -6.16577208E-01
-8.13865215E-02 -3.50000001E-02 6.91715032E-02 4.19170083E-03 -5.75347126E-01
1.46540716E-01 -3.50000001E-02 3.34668718E-02 3.37238749E-03 -1.57602206E-01
1.81979343E-01 -3.50000001E-02 2.57294588E-02 2.82345293E-03 -4.59465794E-02
3.21285874E-01 -3.50000001E-02 -7.88272265E-03 1.24313077E-03 9.88451988E-02
2.89877683E-01 -3.50000001E-02 7.84898293E-05 1.58419588E-03 7.25393146E-02
3.05092394E-01 -3.50000001E-02 -3.70849716E-03 1.34443422E-03 7.99198672E-02
1.39963776E-01 -3.50000001E-02 3.47960778E-02 3.37507087E-03 -1.66376233E-01
7.07465485E-02 -3.50000001E-02 4.83865701E-02 2.96382676E-03 -2.37348631E-01
8.94949362E-02 -3.50000001E-02 4.48930487E-02 2.88698217E-03 -1.90844730E-01
6.44874513E-01 -3.50000001E-02 -1.00219727E-01 9.95199443E-05 3.27470124E-01
5.08531988E-01 -3.50000001E-02 -5.92377000E-02 1.73890119E-04 2.46839896E-01
5.35613120E-01 -3.50000001E-02 -6.70978725E-02 -6.19567218E-05 2.56495178E-01
3.61122519E-01 -3.50000001E-02 -1.82714537E-02 1.05918176E-03 1.47394389E-01
3.76765460E-01 -3.50000001E-02 -2.24399362E-02 1.22675707E-03 1.62057027E-01
3.70277703E-01 -3.50000001E-02 -2.06890889E-02 1.04970776E-03 1.57125190E-01
5.88480294E-01 -3.50000001E-02 -8.28711912E-02 -7.87340323E-05 3.14245522E-01
5.76854825E-01 -3.50000001E-02 -7.93522820E-02 -6.43121093E-05 3.05303991E-01
6.85397208E-01 -3.50000001E-02 -1.12977162E-01 1.24066471E-04 3.60293776E-01
4.34324652E-01 -3.50000001E-02 -3.81606035E-02 7.80247559E-04 2.09830225E-01
4.23332453E-01 -3.50000001E-02 -3.50912623E-02 9.23806219E-04 2.01889649E-01
1.33815743E-02 -3.50000001E-02 5.78993224E-02 4.71011503E-03 -3.40558022E-01
-1.67382564E-02 -3.50000001E-02 6.21020235E-02 4.76673199E-03 -3.96693438E-01
3.22970375E-03 -3.50000001E-02 5.95488213E-02 4.75136423E-03 -3.46098095E-01
2.16961011E-01 -3.50000001E-02 1.77786816E-02 1.95203093E-03 -4.97502536E-02
2.28853807E-01 -3.50000001E-02 1.49752880E-02 1.78416981E-03 -3.07156518E-02
6.87502325E-01 -3.50000001E-02 -1.13636076E-01 1.13277885E-04 3.61721039E-01
6.88263714E-01 -3.50000001E-02 -1.13877252E-01 1.12447684E-04 3.63238573E-01
 3 2
 2 1
 1 5
 5 7
 7 6
 6 9
 9 10
 10 8
 8 11
 11 12
 12 13
 13 14
 14 15
 4 3
 16 4
 16 17
 17 18
 18 19
 19 21
 21 22
 22 20
 20 23
 23 24
 25 41
 41 42
 42 32
 32 31
 31 26
 26 33
 33 34
 34 28
 28 35
 35 37
 37 36
 36 29
 29 38
 38 39
 39 30
 30 43
 43 45
 45 44
 44 57
 57 56
 56 40
 40 54
 54 55
 55 53
 53 58
 58 59
 59 60
 60 62
 62 61
 61 63
 63 64
 46 47
 47 49
 49 48
 48 27
 27 50
 50 51
 51 52
 52 65
 65 68
 68 69
 69 66
 66 67
 46 25
 70 71
 72 70
 72 73
 73 74
 74 77
 77 78
 78 75
 75 76
 76 81
 81 80
 80 79
 79 82
 82 84
 84 83
 83 100
 100 99
 99 85
 85 86
 86 110
 110 111
 111 105
 105 98
 98 87
 87 102
 102 104
 104 103
 103 101
 101 88
 88 89
 89 92
 92 91
 91 109
 109 108
 108 90
 90 94
 94 97
 97 96
 96 95
 95 93
 93 106
 106 107
 107 112
 112 113
 114 118
 118 119
 119 120
 120 121
 116 117
 117 115
 115 122
 122 123
 123 124
 124 126
 126 125
 125 127
 127 128
 128 130
 130 131
 131 134
 134 133
 133 129
 129 135
 135 137
 137 136
 136 132
 132 138
 138 139
 139 142
 142 141
 141 140
 140 143
 143 144
 144 145
 145 146
 146 147
 147 148
 116 114
 149 150
 150 151
 151 152
 152 153
 153 154
 154 155
 155 161
 161 162
 162 156
 156 183
 183 184
 184 182
 182 159
 159 169
 169 170
 170 168
 168 158
 158 163
 163 164
 164 185
 185 186
 186 166
 166 167
 167 165
 165 174
 174 176
 176 175
 175 181
 181 180
 180 160
 160 172
 172 173
 173 178
 178 177
 177 157
 157 171
 171 179
 179 187
 187 188
ZONE T="COFFE, HM Y=-0.73"
 STRANDID=0, SOLUTIONTIME=0
 Nodes=197, Elements=191, ZONETYPE=FELineSeg
 DATAPACKING=POINT
 DT=(DOUBLE DOUBLE DOUBLE DOUBLE DOUBLE )
-2.34029189E-01 -7.30000019E-01 1.95867829E-02 1.51711050E-03 7.89009869E-01
-2.33739957E-01 -7.30000019E-01 1.93359330E-02 1.45848840E-03 7.84261107E-01
-2.30447918E-01 -7.30000019E-01 1.65997017E-02 1.59539364E-03 7.44742036E-01
-2.36740112E-01 -7.30000019E-01 2.21498143E-02 1.06689904E-03 8.41771603E-01
-2.34419435E-01 -7.30000019E-01 1.99481584E-02 1.48041302E-03 7.88582504E-01
-2.36437947E-01 -7.30000019E-01 2.18452513E-02 1.03962247E-03 8.35500062E-01
-2.24867597E-01 -7.30000019E-01 1.24414992E-02 2.05084286E-03 6.58054471E-01
-2.20810682E-01 -7.30000019E-01 9.73992515E-03 1.94374996E-03 6.46347225E-01
-2.28666037E-01 -7.30000019E-01 1.51958913E-02 1.80392142E-03 7.44557798E-01
-2.25956142E-01 -7.30000019E-01 1.32109262E-02 1.98782887E-03 6.80712104E-01
-2.18709722E-01 -7.30000019E-01 8.41814093E-03 2.00458453E-03 6.20169103E-01
-2.12757811E-01 -7.30000019E-01 4.90998756E-03 2.21790653E-03 5.49480438E-01
-2.08072141E-01 -7.30000019E-01 2.29942543E-03 2.20902148E-03 5.32682657E-01
-2.01635331E-01 -7.30000019E-01 -9.91245732E-04 2.48718937E-03 4.94502068E-01
-1.94792256E-01 -7.30000019E-01 -4.29972587E-03 2.65682652E-03 4.77449358E-01
-1.88359603E-01 -7.30000019E-01 -7.19599565E-03 2.68903421E-03 4.64260370E-01
-1.74016714E-01 -7.30000019E-01 -1.32433744E-02 2.84620398E-03 3.90949398E-01
-1.66560680E-01 -7.30000019E-01 -1.60516668E-02 2.89264927E-03 3.71917963E-01
-1.49361745E-01 -7.30000019E-01 -2.23282464E-02 2.99979514E-03 3.45335633E-01
-4.42803167E-02 -7.30000019E-01 -5.12602739E-02 3.18873138E-03 2.58336365E-01
3.23059186E-02 -7.30000019E-01 -6.65632561E-02 3.45968548E-03 2.08870471E-01
6.24145120E-02 -7.30000019E-01 -7.18054101E-02 3.06802010E-03 1.93470314E-01
-1.42989665E-01 -7.30000019E-01 -2.44127978E-02 3.04325996E-03 3.41220438E-01
-2.40856241E-02 -7.30000019E-01 -5.55906333E-02 3.10879899E-03 2.27228194E-01
1.61624644E-02 -7.30000019E-01 -6.35963455E-02 3.45981074E-03 2.07775891E-01
-8.75148252E-02 -7.30000019E-01 -4.06729802E-02 2.79751583E-03 2.69584924E-01
-9.70213190E-02 -7.30000019E-01 -3.81964147E-02 2.83864816E-03 2.78256536E-01
-1.87656388E-01 -7.30000019E-01 7.00865611E-02 6.30962290E-03 -3.56999189E-01
-1.95078224E-01 -7.30000019E-01 6.91385493E-02 6.20111963E-03 -4.19296265E-01
-1.80110589E-01 -7.30000019E-01 7.07842410E-02 6.48268266E-03 -3.76662225E-01
-1.75579831E-01 -7.30000019E-01 7.11512193E-02 6.31954754E-03 -3.87990415E-01
-1.59285754E-01 -7.30000019E-01 7.19333664E-02 5.26483869E-03 -2.94769943E-01
-1.51759908E-01 -7.30000019E-01 7.20304027E-02 4.94441390E-03 -2.76957989E-01
-1.39354169E-01 -7.30000019E-01 7.21316412E-02 4.59093135E-03 -2.65699387E-01
-1.13283090E-01 -7.30000019E-01 7.14303404E-02 4.24689334E-03 -2.34027147E-01
4.52530310E-02 -7.30000019E-01 5.29063977E-02 2.93992343E-03 -1.10992335E-01
-5.17075658E-02 -7.30000019E-01 6.65751100E-02 3.89528531E-03 -1.81490347E-01
-5.32122888E-02 -7.30000019E-01 6.67297170E-02 3.89978732E-03 -1.82589397E-01
-5.22775948E-02 -7.30000019E-01 6.66457713E-02 3.89635121E-03 -1.81561172E-01
2.01431915E-01 -7.30000019E-01 2.13536099E-02 2.31058104E-03 1.71825784E-04
1.91158503E-01 -7.30000019E-01 2.36785859E-02 2.31258385E-03 -2.06449418E-03
1.27467096E-01 -7.30000019E-01 3.74108925E-02 2.86724023E-03 -3.49453986E-02
3.72169167E-02 -7.30000019E-01 5.41871600E-02 3.01246997E-03 -1.11839019E-01
1.88506814E-03 -7.30000019E-01 5.97326867E-02 3.23342858E-03 -1.38060182E-01
5.34162782E-02 -7.30000019E-01 5.14490642E-02 2.90679582E-03 -9.97551680E-02
1.13881662E-01 -7.30000019E-01 4.01465893E-02 2.90737371E-03 -4.05299552E-02
-1.10298634E-01 -7.30000019E-01 7.12853894E-02 4.25267220E-03 -2.29411766E-01
2.59969682E-01 -7.30000019E-01 7.35784182E-03 2.46999599E-03 -7.17029022E-03
2.80937791E-01 -7.30000019E-01 2.36073625E-03 2.52619479E-03 -9.84456576E-03
4.98094857E-01 -7.30000019E-01 -1.18308179E-01 3.52056557E-03 9.13342163E-02
5.11683881E-01 -7.30000019E-01 -1.19191095E-01 3.28255282E-03 9.01774243E-02
4.88677263E-01 -7.30000019E-01 -1.17644690E-01 3.47556104E-03 1.11819036E-01
4.59169686E-01 -7.30000019E-01 -1.15585729E-01 3.78725003E-03 9.16710570E-02
3.89892608E-01 -7.30000019E-01 -1.10184334E-01 3.44316964E-03 1.16251200E-01
3.05271775E-01 -7.30000019E-01 -1.02569707E-01 3.44695477E-03 1.20604604E-01
1.76210165E-01 -7.30000019E-01 -8.82543400E-02 3.35863931E-03 1.41201094E-01
1.81706861E-01 -7.30000019E-01 -8.89252946E-02 3.28555726E-03 1.39838815E-01
2.18435243E-01 -7.30000019E-01 -9.33571830E-02 3.25335562E-03 1.33811206E-01
9.98788476E-02 -7.30000019E-01 -7.77206644E-02 3.05677904E-03 1.69579491E-01
1.71221271E-01 -7.30000019E-01 -8.75908881E-02 3.29256640E-03 1.46334484E-01
1.06723152E-01 -7.30000019E-01 -7.87122548E-02 2.99929781E-03 1.71584398E-01
1.36656433E-01 -7.30000019E-01 -8.30257311E-02 3.19606019E-03 1.66643843E-01
5.26000202E-01 -7.30000019E-01 -1.20074525E-01 3.35420179E-03 1.14540681E-01
4.33557361E-01 -7.30000019E-01 -1.13666229E-01 3.53281805E-03 6.42991066E-02
4.18152362E-01 -7.30000019E-01 -1.12464450E-01 3.50105460E-03 8.55314285E-02
3.60608935E-01 -7.30000019E-01 -1.07653424E-01 3.31692887E-03 1.14750147E-01
3.42145652E-01 -7.30000019E-01 -1.06032699E-01 3.27870692E-03 1.09479479E-01
3.48377049E-01 -7.30000019E-01 -1.06607832E-01 3.29801138E-03 1.07741162E-01
2.65546709E-01 -7.30000019E-01 -9.85484719E-02 3.37170879E-03 1.22798271E-01
2.62905389E-01 -7.30000019E-01 -9.82749686E-02 3.37505527E-03 1.23457901E-01
2.63987690E-01 -7.30000019E-01 -9.83925685E-02 3.37568857E-03 1.22642353E-01
9.30090770E-02 -7.30000019E-01 -7.66332671E-02 2.97618634E-03 1.77401587E-01
6.24145120E-02 -7.30000019E-01 -7.18054101E-02 3.06802010E-03 1.93470314E-01
6.10309362E-01 -7.30000019E-01 -1.24948800E-01 3.17426678E-03 1.32389829E-01
6.55692339E-01 -7.30000019E-01 -1.27112716E-01 2.99749128E-03 1.89965144E-01
6.59609199E-01 -7.30000019E-01 -1.27302974E-01 3.00714001E-03 1.93429038E-01
6.60677791E-01 -7.30000019E-01 -1.27352118E-01 2.99710291E-03 1.93628907E-01
5.80468178E-01 -7.30000019E-01 -1.23346232E-01 3.09392833E-03 1.24152392E-01
5.55911303E-01 -7.30000019E-01 -1.21960305E-01 3.32081132E-03 1.08329967E-01
-2.46389508E-01 -7.30000019E-01 3.94017994E-02 -3.79772828E-04 8.90051782E-01
-2.46429607E-01 -7.30000019E-01 4.12216708E-02 2.15869513E-04 7.08634079E-01
-2.46050492E-01 -7.30000019E-01 3.71661410E-02 -2.41273490E-04 1.01781273E+00
-2.45682284E-01 -7.30000019E-01 3.56921889E-02 -4.24283877E-04 1.02638030E+00
-2.45900601E-01 -7.30000019E-01 3.64687778E-02 -2.78754364E-04 9.97767568E-01
-2.46398747E-01 -7.30000019E-01 3.95964347E-02 -3.05155234E-04 8.89389694E-01
-2.46431857E-01 -7.30000019E-01 4.10159528E-02 1.46792256E-04 7.29763925E-01
-2.46435478E-01 -7.30000019E-01 4.03412767E-02 -1.42340723E-04 7.77991712E-01
-2.46416569E-01 -7.30000019E-01 4.14196551E-02 2.25611773E-04 6.90212190E-01
-2.46293038E-01 -7.30000019E-01 4.27338183E-02 8.47815420E-04 5.45021474E-01
-2.46376365E-01 -7.30000019E-01 4.20856550E-02 4.69159277E-04 6.07627869E-01
-2.45564654E-01 -7.30000019E-01 3.53104882E-02 -3.76501703E-04 1.00129354E+00
-2.45020643E-01 -7.30000019E-01 3.38051729E-02 -2.70570861E-04 1.04277182E+00
-2.46368244E-01 -7.30000019E-01 3.92039418E-02 -3.83586448E-04 8.93302977E-01
-2.46230647E-01 -7.30000019E-01 3.80841792E-02 -3.99812881E-04 9.11632240E-01
-2.44868085E-01 -7.30000019E-01 3.34358960E-02 -2.16802582E-04 1.04880428E+00
-2.44195029E-01 -7.30000019E-01 3.19840312E-02 1.20862787E-04 9.64637160E-01
-2.44012520E-01 -7.30000019E-01 3.16280723E-02 1.43829413E-04 9.67652023E-01
-2.43321806E-01 -7.30000019E-01 3.03893648E-02 3.44490865E-04 1.00873816E+00
-2.40646109E-01 -7.30000019E-01 2.65043061E-02 1.27987855E-03 8.70054841E-01
-2.42874458E-01 -7.30000019E-01 2.96542197E-02 6.39017264E-04 9.92115617E-01
-2.42288992E-01 -7.30000019E-01 2.87569463E-02 8.84066336E-04 9.50051546E-01
-2.42588684E-01 -7.30000019E-01 2.92008817E-02 8.05056654E-04 9.60927904E-01
-2.40399197E-01 -7.30000019E-01 2.61990782E-02 1.21405267E-03 8.68571520E-01
-2.39181548E-01 -7.30000019E-01 2.47486550E-02 1.06511521E-03 8.57106209E-01
-2.46201932E-01 -7.30000019E-01 4.34120446E-02 1.30614499E-03 5.28542936E-01
-2.40992606E-01 -7.30000019E-01 2.69614719E-02 1.29392848E-03 9.04999495E-01
-2.41764918E-01 -7.30000019E-01 2.79984809E-02 1.13386346E-03 9.45037901E-01
-2.46055588E-01 -7.30000019E-01 4.40805517E-02 1.56969775E-03 4.31497037E-01
-2.38796443E-01 -7.30000019E-01 2.43137144E-02 1.11503876E-03 8.44267547E-01
-2.36740112E-01 -7.30000019E-01 2.21498143E-02 1.06689904E-03 8.41771603E-01
-2.45746270E-01 -7.30000019E-01 4.52496894E-02 2.20832648E-03 2.76505888E-01
-2.45912164E-01 -7.30000019E-01 4.47183922E-02 1.88566360E-03 3.57536912E-01
7.36874580E-01 -7.30000019E-01 -1.30183578E-01 2.37449678E-03 2.24427596E-01
7.37307727E-01 -7.30000019E-01 -1.30196720E-01 3.11932457E-03 1.71016455E-01
7.38605797E-01 -7.30000019E-01 -1.30236134E-01 2.40384135E-03 4.40736040E-02
7.37474859E-01 -7.30000019E-01 -1.29863024E-01 1.79540913E-03 8.46879706E-02
7.35796750E-01 -7.30000019E-01 -1.30150363E-01 2.06362084E-03 2.10780770E-01
7.33644009E-01 -7.30000019E-01 -1.30084023E-01 2.39587226E-03 1.86347187E-01
7.30873883E-01 -7.30000019E-01 -1.29996791E-01 2.65913713E-03 1.98064968E-01
7.24792302E-01 -7.30000019E-01 -1.29800349E-01 2.75963522E-03 2.01892301E-01
7.29187071E-01 -7.30000019E-01 -1.29943535E-01 2.57719192E-03 1.88819692E-01
7.18032181E-01 -7.30000019E-01 -1.29574478E-01 2.73045851E-03 2.05483526E-01
7.04601824E-01 -7.30000019E-01 -1.29104257E-01 2.94377515E-03 2.14869127E-01
7.00166047E-01 -7.30000019E-01 -1.28940657E-01 3.04400548E-03 1.98242411E-01
6.68070018E-01 -7.30000019E-01 -1.27647802E-01 3.01810773E-03 1.98412463E-01
6.60677791E-01 -7.30000019E-01 -1.27352118E-01 2.99710291E-03 1.93628907E-01
7.36447871E-01 -7.30000019E-01 -1.29524201E-01 1.40353432E-03 1.29610345E-01
7.34845638E-01 -7.30000019E-01 -1.28996387E-01 1.17659231E-03 8.97238627E-02
7.34057784E-01 -7.30000019E-01 -1.28736854E-01 1.10156671E-03 7.03712925E-02
7.31257439E-01 -7.30000019E-01 -1.27816275E-01 1.54554937E-03 4.71314825E-02
7.29652822E-01 -7.30000019E-01 -1.27288967E-01 1.66990294E-03 1.55594265E-02
7.25571156E-01 -7.30000019E-01 -1.25952199E-01 2.05184356E-03 6.92039775E-03
7.20730245E-01 -7.30000019E-01 -1.24369107E-01 2.18957034E-03 -2.45735864E-03
7.06731200E-01 -7.30000019E-01 -1.19821534E-01 2.62441649E-03 -7.63434023E-02
7.02808380E-01 -7.30000019E-01 -1.18552729E-01 2.82828836E-03 -1.04321621E-01
6.81139112E-01 -7.30000019E-01 -1.11637212E-01 3.38139269E-03 -1.40608549E-01
6.65544569E-01 -7.30000019E-01 -1.06656805E-01 3.75835784E-03 -1.70307979E-01
6.53449893E-01 -7.30000019E-01 -1.02905117E-01 3.70281748E-03 -1.55921042E-01
5.21780968E-01 -7.30000019E-01 -6.30585626E-02 3.40392999E-03 -1.88522503E-01
6.02596045E-01 -7.30000019E-01 -8.71347040E-02 3.59371584E-03 -1.50278226E-01
4.99678761E-01 -7.30000019E-01 -5.66553436E-02 3.42005002E-03 -1.78338319E-01
4.71278876E-01 -7.30000019E-01 -4.85062227E-02 3.75765166E-03 -1.36687025E-01
6.23902142E-01 -7.30000019E-01 -9.37075615E-02 3.75566864E-03 -1.44330755E-01
5.35453975E-01 -7.30000019E-01 -6.71008900E-02 3.19060986E-03 -1.98380277E-01
5.87709188E-01 -7.30000019E-01 -8.26424658E-02 3.31893377E-03 -1.34009659E-01
4.46570367E-01 -7.30000019E-01 -4.15533483E-02 2.91261170E-03 -1.08224951E-01
4.31662142E-01 -7.30000019E-01 -3.74072641E-02 2.78699771E-03 -3.77974287E-02
3.76019299E-01 -7.30000019E-01 -2.22649854E-02 2.14550481E-03 3.09578255E-02
3.58051062E-01 -7.30000019E-01 -1.74550414E-02 1.99764222E-03 2.51228176E-03
2.83564717E-01 -7.30000019E-01 1.70129200E-03 2.51328573E-03 -9.89989564E-03
2.80937791E-01 -7.30000019E-01 2.36073625E-03 2.52619479E-03 -9.84456576E-03
-2.40263894E-01 -7.30000019E-01 5.36038093E-02 5.12101687E-03 -4.64814156E-01
-2.44080186E-01 -7.30000019E-01 4.89960611E-02 4.30359598E-03 -1.75371006E-01
-2.42956862E-01 -7.30000019E-01 5.06511927E-02 5.00350771E-03 -2.59481758E-01
-2.38742962E-01 -7.30000019E-01 5.49123064E-02 5.13753993E-03 -5.25117040E-01
-2.37098083E-01 -7.30000019E-01 5.61472215E-02 5.24284737E-03 -5.75990081E-01
-2.41675496E-01 -7.30000019E-01 5.21868989E-02 4.63367440E-03 -3.83602530E-01
-2.44178548E-01 -7.30000019E-01 4.88222055E-02 4.23936406E-03 -1.69316992E-01
-2.44802579E-01 -7.30000019E-01 4.76603024E-02 3.57990805E-03 3.83984228E-03
-2.44569138E-01 -7.30000019E-01 4.81322892E-02 3.92823759E-03 -4.13815640E-02
-2.42832512E-01 -7.30000019E-01 5.08075319E-02 5.04026003E-03 -2.77525246E-01
-2.41807073E-01 -7.30000019E-01 5.20365126E-02 4.72838059E-03 -3.78722459E-01
-2.42292374E-01 -7.30000019E-01 5.14834970E-02 5.22106979E-03 -3.21637928E-01
-2.45746270E-01 -7.30000019E-01 4.52496894E-02 2.20832648E-03 2.76505888E-01
-2.41537422E-01 -7.30000019E-01 5.23313321E-02 4.67157084E-03 -3.93256545E-01
-2.40407974E-01 -7.30000019E-01 5.34650311E-02 5.07237017E-03 -4.58655655E-01
-2.40984321E-01 -7.30000019E-01 5.29098883E-02 5.04845753E-03 -3.99704009E-01
-2.40114614E-01 -7.30000019E-01 5.37369624E-02 5.11922454E-03 -4.71678585E-01
-2.38897219E-01 -7.30000019E-01 5.47842719E-02 5.19202789E-03 -5.20241976E-01
-2.39466399E-01 -7.30000019E-01 5.43130152E-02 5.42357191E-03 -4.66433287E-01
-2.38583013E-01 -7.30000019E-01 5.50363883E-02 5.12955338E-03 -5.35425901E-01
-2.37264886E-01 -7.30000019E-01 5.60258254E-02 5.27576078E-03 -5.78592181E-01
-2.37940982E-01 -7.30000019E-01 5.55342585E-02 5.17982757E-03 -5.32705367E-01
-2.43073329E-01 -7.30000019E-01 5.04888855E-02 4.86525940E-03 -2.40104228E-01
-2.43972406E-01 -7.30000019E-01 4.91641648E-02 4.16066078E-03 -1.83364660E-01
-2.45174319E-01 -7.30000019E-01 4.68437783E-02 3.17530870E-03 1.45691574E-01
-2.45432407E-01 -7.30000019E-01 4.62114811E-02 3.04732495E-03 2.03116074E-01
-2.33206347E-01 -7.30000019E-01 5.85574396E-02 5.88543667E-03 -6.16307378E-01
-2.35019773E-01 -7.30000019E-01 5.75080961E-02 5.97104710E-03 -5.54106653E-01
-2.34176874E-01 -7.30000019E-01 5.80137148E-02 5.92003018E-03 -5.92655540E-01
-2.36782670E-01 -7.30000019E-01 5.63598834E-02 5.19100996E-03 -5.82663059E-01
-2.35370621E-01 -7.30000019E-01 5.72927631E-02 5.76400151E-03 -5.51419497E-01
-2.25238845E-01 -7.30000019E-01 6.21669553E-02 7.22802337E-03 -5.59541166E-01
-2.22080171E-01 -7.30000019E-01 6.32760301E-02 7.09720515E-03 -5.54829121E-01
-2.32544020E-01 -7.30000019E-01 5.89103363E-02 5.92394685E-03 -6.04461074E-01
-2.29940593E-01 -7.30000019E-01 6.02034815E-02 7.08061550E-03 -5.55820048E-01
-2.29385301E-01 -7.30000019E-01 6.04543947E-02 7.04692025E-03 -5.61108768E-01
-2.26582989E-01 -7.30000019E-01 6.16436042E-02 7.17510935E-03 -5.65098405E-01
-2.09648877E-01 -7.30000019E-01 6.66403994E-02 6.20738138E-03 -4.85976428E-01
-2.10763991E-01 -7.30000019E-01 6.63830936E-02 6.16325950E-03 -4.89998400E-01
-2.15729788E-01 -7.30000019E-01 6.51753098E-02 6.86552934E-03 -5.32547355E-01
-2.20575988E-01 -7.30000019E-01 6.37716725E-02 7.04814261E-03 -5.42995274E-01
-2.16433719E-01 -7.30000019E-01 6.49848133E-02 6.99628145E-03 -5.33663690E-01
-2.08329305E-01 -7.30000019E-01 6.69073910E-02 6.02103071E-03 -4.76968110E-01
-2.01082811E-01 -7.30000019E-01 6.82536662E-02 6.02863496E-03 -4.51925904E-01
-1.99354231E-01 -7.30000019E-01 6.85534254E-02 6.28639897E-03 -4.45575118E-01
-1.95078224E-01 -7.30000019E-01 6.91385493E-02 6.20111963E-03 -4.19296265E-01
 2 1
 1 5
 5 6
 6 4
 2 3
 3 9
 9 10
 10 7
 7 8
 8 11
 11 12
 12 13
 13 14
 14 15
 15 16
 16 17
 17 18
 18 19
 19 23
 23 27
 27 26
 26 20
 20 24
 24 25
 25 21
 21 22
 29 28
 28 30
 30 31
 31 32
 32 33
 33 34
 34 35
 35 47
 47 38
 38 39
 39 37
 37 44
 44 43
 43 36
 36 45
 45 46
 46 42
 42 41
 41 40
 40 48
 48 49
 50 52
 52 53
 53 64
 64 65
 65 54
 54 66
 66 68
 68 67
 67 55
 55 69
 69 71
 71 70
 70 58
 58 57
 57 56
 56 60
 60 62
 62 61
 61 59
 59 72
 72 73
 75 76
 76 77
 63 51
 51 50
 74 75
 78 79
 79 63
 78 74
 80 85
 85 87
 87 86
 86 81
 81 88
 88 90
 90 89
 89 105
 105 108
 108 112
 112 111
 96 97
 97 98
 98 100
 100 102
 102 101
 101 107
 107 106
 106 99
 99 103
 103 104
 104 109
 109 110
 95 96
 92 95
 83 91
 91 92
 83 84
 84 82
 82 94
 94 93
 93 80
 114 115
 115 116
 116 127
 127 128
 128 129
 129 130
 130 131
 131 132
 132 133
 133 134
 134 135
 135 136
 136 137
 137 138
 138 143
 143 140
 140 145
 145 144
 144 139
 139 141
 141 142
 142 146
 146 147
 147 148
 148 149
 149 150
 150 151
 120 121
 121 119
 119 118
 118 117
 117 113
 113 114
 124 125
 125 126
 120 122
 122 123
 123 124
 154 161
 161 163
 163 162
 162 157
 157 165
 165 167
 167 166
 166 152
 152 168
 168 170
 170 169
 169 155
 155 171
 171 173
 173 172
 172 156
 156 181
 181 182
 182 179
 179 180
 180 178
 178 185
 185 186
 186 187
 187 188
 188 183
 183 184
 184 192
 192 193
 193 191
 191 190
 190 189
 189 194
 194 195
 195 196
 196 197
 174 154
 159 176
 176 177
 177 164
 158 160
 160 159
 153 175
 175 174
 158 153
