TITLE     = "Surface mesh and solution"
VARIABLES = "x" "y" "z" "cfx" "Cp"
DATASETAUXDATA alpha_deg="  0.0000000E+00"
DATASETAUXDATA beta_deg="  0.0000000E+00"
DATASETAUXDATA bref="  0.7500000"
DATASETAUXDATA cref="   1.000000"
DATASETAUXDATA itranflg="           0"
DATASETAUXDATA ivisc="           2"
DATASETAUXDATA mach="  0.2000000"
DATASETAUXDATA reue_mil="   4.600000"
DATASETAUXDATA sref="  0.7500000"
DATASETAUXDATA tinf_r="   521.0000"
DATASETAUXDATA xmc="  0.0000000E+00"
DATASETAUXDATA ymc="  0.0000000E+00"
DATASETAUXDATA zmc="  0.0000000E+00"
ZONE T="COFFE, MIT adapt Y=-0.001"
 STRANDID=0, SOLUTIONTIME=0
 Nodes=167, Elements=162, ZONETYPE=FELineSeg
 DATAPACKING=POINT
 DT=(DOUBLE DOUBLE DOUBLE DOUBLE DOUBLE )
7.38605797E-01 -1.00000005E-03 -1.30236134E-01 3.21928179E-03 4.42883611E-01
7.37656057E-01 -9.99999815E-04 -1.29923210E-01 2.37791596E-06 4.49418277E-01
7.36758411E-01 -9.99999931E-04 -1.29627764E-01 2.37791323E-06 4.48602021E-01
7.35652030E-01 -1.00000005E-03 -1.29263371E-01 -5.60300668E-06 4.47651744E-01
7.37606287E-01 -1.00000005E-03 -1.30205184E-01 1.22389884E-03 4.44003850E-01
7.35497475E-01 -1.00000005E-03 -1.30139634E-01 1.01784547E-03 4.44911480E-01
7.33968556E-01 -9.99999698E-04 -1.28708363E-01 -5.60301396E-06 4.46296304E-01
7.27809668E-01 -1.00000016E-03 -1.26687631E-01 -7.08086591E-05 4.42336500E-01
7.33725727E-01 -9.99999931E-04 -1.30084217E-01 8.27997806E-04 4.43450779E-01
7.28851676E-01 -1.00000005E-03 -1.29930109E-01 9.23433981E-04 4.38195348E-01
7.24975705E-01 -1.00000051E-03 -1.25759050E-01 -7.08086955E-05 4.40408379E-01
7.26302207E-01 -9.99999815E-04 -1.29848555E-01 1.14581804E-03 4.35685664E-01
7.19415843E-01 -1.00006722E-03 -1.23941623E-01 -9.80019104E-05 4.36476260E-01
7.10587859E-01 -1.00001111E-03 -1.21081471E-01 -9.80019540E-05 4.31062937E-01
7.00674295E-01 -1.00016256E-03 -1.17869638E-01 -9.80019977E-05 4.24984097E-01
7.21301675E-01 -1.00000051E-03 -1.29685223E-01 1.16188172E-03 4.33928847E-01
7.10650980E-01 -9.99995158E-04 -1.29316956E-01 1.27774931E-03 4.25427169E-01
7.01693952E-01 -9.99990618E-04 -1.28996804E-01 1.28582737E-03 4.19458151E-01
6.82001412E-01 -9.99934855E-04 -1.11894190E-01 -8.85365880E-05 4.11447942E-01
6.81886733E-01 -9.99998418E-04 -1.28235340E-01 1.47691427E-03 4.09720898E-01
6.71254992E-01 -1.00000191E-03 -1.27800465E-01 1.42266590E-03 4.05028284E-01
6.46451175E-01 -1.00258470E-03 -1.00684226E-01 -4.19363314E-05 3.84271681E-01
6.32368147E-01 -9.99861746E-04 -9.62910131E-02 1.15745288E-05 3.72966468E-01
6.21221662E-01 -1.00031029E-03 -9.28533748E-02 9.18260193E-05 3.63676339E-01
6.25554979E-01 -9.99999465E-04 -1.25727654E-01 1.33743812E-03 3.89191866E-01
6.14115000E-01 -9.99997952E-04 -1.25157371E-01 1.46246271E-03 3.85388970E-01
5.58616698E-01 -1.00018282E-03 -7.38938078E-02 2.11593579E-04 3.11739743E-01
5.52426040E-01 -9.99999465E-04 -1.21752463E-01 1.85467966E-03 3.72238278E-01
5.40521204E-01 -1.00000028E-03 -1.21032797E-01 1.88530982E-03 3.70455146E-01
-2.45148048E-01 -1.00010796E-03 3.41501683E-02 -7.47784565E-04 5.81683457E-01
-2.44707018E-01 -1.00012287E-03 3.30843441E-02 -7.93320243E-04 6.81491911E-01
-2.44941026E-01 -9.99938813E-04 3.36116701E-02 -6.48468616E-04 6.37075841E-01
-2.45439485E-01 -1.00005849E-03 3.49475779E-02 -7.48303835E-04 4.99652088E-01
-2.45777190E-01 -9.99919605E-04 3.60511579E-02 -9.57495184E-04 3.89585733E-01
-2.45992795E-01 -9.99988522E-04 3.68724726E-02 -8.95933190E-04 2.89865166E-01
-2.46209472E-01 -1.00003753E-03 3.80065665E-02 -6.12608565E-04 1.52155817E-01
-2.46116757E-01 -9.99975135E-04 3.74365598E-02 -7.01715879E-04 2.07053512E-01
-2.45239049E-01 -9.99988057E-04 4.66952212E-02 3.43491696E-03 -1.01953065E+00
-2.45009214E-01 -1.00002112E-03 4.72256020E-02 3.43504641E-03 -1.08108938E+00
-2.45994195E-01 -1.00005849E-03 4.43911180E-02 1.91480154E-03 -7.69448876E-01
-2.45542228E-01 -9.99990618E-04 4.59026545E-02 3.98144498E-03 -9.19152498E-01
-2.45825663E-01 -9.99981072E-04 4.50145975E-02 2.25138781E-03 -8.32791626E-01
-2.45719165E-01 -9.99975600E-04 4.53638844E-02 2.27230042E-03 -8.59951675E-01
-2.46335641E-01 -1.00005325E-03 3.88450287E-02 -4.43280878E-04 7.37737417E-02
-2.46424302E-01 -9.99929267E-04 3.99971791E-02 -1.38327727E-04 -9.52105746E-02
-2.46435031E-01 -9.99982469E-04 4.08459455E-02 -2.52056430E-04 -2.35037580E-01
-2.46338934E-01 -1.00010354E-03 4.24209163E-02 8.08200333E-04 -4.79753286E-01
-2.46395886E-01 -1.00007153E-03 4.17023674E-02 3.62115279E-05 -3.45005095E-01
-2.46201932E-01 -1.00000005E-03 4.34120446E-02 1.22066622E-03 -5.75721979E-01
-2.44351998E-01 -1.00006664E-03 3.23127583E-02 -7.93221465E-04 7.29964435E-01
-2.43818015E-01 -9.99993063E-04 3.12785432E-02 -7.30817614E-04 7.80137062E-01
-2.44094506E-01 -9.99788987E-04 3.17946449E-02 -6.01696200E-04 7.57692397E-01
-2.43399397E-01 -1.00000016E-03 3.05221658E-02 -6.72060123E-04 8.12910378E-01
-2.42783397E-01 -1.00000459E-03 2.95198783E-02 -6.74829236E-04 8.67119372E-01
-2.43092880E-01 -1.00001204E-03 3.00233904E-02 -6.74811425E-04 8.38492334E-01
-2.42273077E-01 -9.99994576E-04 2.87434068E-02 -4.57881659E-04 9.02659953E-01
-2.41523013E-01 -1.00000703E-03 2.76743695E-02 -4.48051404E-04 9.34295416E-01
-2.41927758E-01 -9.99731361E-04 2.82492153E-02 -4.48054314E-04 9.18406188E-01
-2.40722910E-01 -1.00033346E-03 2.66292281E-02 -3.93307157E-04 9.52502847E-01
-2.40060359E-01 -9.99973505E-04 2.57981513E-02 -4.23033664E-04 9.66789603E-01
-2.39272311E-01 -1.00000110E-03 2.48560030E-02 -2.67064723E-04 9.85099912E-01
-2.37974644E-01 -9.99974785E-04 2.34208871E-02 -2.35979431E-04 1.00090587E+00
-2.38720849E-01 -9.99994692E-04 2.42271777E-02 -2.66301213E-04 9.97442544E-01
-2.36529306E-01 -1.00001448E-03 2.19430346E-02 -1.13731265E-04 1.00736046E+00
-2.35321954E-01 -9.99994110E-04 2.07759310E-02 4.40183248E-05 1.00825489E+00
-2.33854935E-01 -9.99991084E-04 1.94375850E-02 1.87636950E-04 1.00502205E+00
-2.32876316E-01 -1.00000238E-03 1.85824204E-02 2.29893616E-04 1.00061214E+00
-2.29346141E-01 -1.00000063E-03 1.57154985E-02 3.35334364E-04 9.88523781E-01
-2.27323189E-01 -1.00001332E-03 1.41930589E-02 3.41248553E-04 9.63656306E-01
-2.31646344E-01 -9.99988755E-04 1.75513327E-02 2.29334168E-04 9.92826343E-01
-2.32876316E-01 -1.00000238E-03 1.85824204E-02 2.29893616E-04 1.00061214E+00
-2.24451035E-01 -9.99993179E-04 1.21587459E-02 5.53147693E-04 9.50152576E-01
-2.20679194E-01 -9.99968848E-04 9.65756923E-03 6.66752516E-04 9.17242348E-01
-2.22743377E-01 -1.00000668E-03 1.10009713E-02 5.40141133E-04 9.34683800E-01
-2.16639906E-01 -1.00000203E-03 7.14836828E-03 9.24175896E-04 8.95705640E-01
-2.12937504E-01 -9.99997254E-04 4.97940462E-03 9.31802322E-04 8.59633923E-01
-2.08576083E-01 -9.99997603E-04 2.56952876E-03 8.57055362E-04 8.36375654E-01
-2.01827496E-01 -9.99988290E-04 -9.23113490E-04 1.07405882E-03 7.93569326E-01
-1.94749072E-01 -1.00000144E-03 -4.34237393E-03 9.64131847E-04 7.67342091E-01
-1.88175038E-01 -9.99994227E-04 -7.32112722E-03 1.25966384E-03 7.36313820E-01
-1.78469434E-01 -9.99989570E-04 -1.14485994E-02 1.51852390E-03 7.01607823E-01
-1.65074542E-01 -9.99997836E-04 -1.66906826E-02 1.60072022E-03 6.53051198E-01
-1.54133990E-01 -9.99997021E-04 -2.06706040E-02 1.81421952E-03 6.26761198E-01
-1.34283170E-01 -9.99984797E-04 -2.73155253E-02 1.79126055E-03 5.83352268E-01
-1.45930886E-01 -1.00000063E-03 -2.34958325E-02 1.65753847E-03 6.07733846E-01
-1.24370277E-01 -9.99999000E-04 -3.03994436E-02 1.96025171E-03 5.64377189E-01
-1.08559288E-01 -9.99985728E-04 -3.50421518E-02 2.02040258E-03 5.39982736E-01
2.54257798E-01 -9.99999465E-04 -9.73527506E-02 1.99308852E-03 3.62433672E-01
2.72353142E-01 -9.99998301E-04 -9.92646590E-02 2.12635053E-03 3.59911501E-01
2.19954357E-01 -9.99998883E-04 -9.35330093E-02 1.65593182E-03 3.67050797E-01
1.99411303E-01 -9.99997836E-04 -9.11152214E-02 1.95618509E-03 3.70013922E-01
1.58126712E-01 -9.99999000E-04 -8.59166309E-02 1.95860118E-03 3.79221976E-01
1.31285027E-01 -9.99996671E-04 -8.22753385E-02 1.94654940E-03 3.83454949E-01
-4.86285277E-02 -9.99997836E-04 -5.02707697E-02 2.04445585E-03 4.72605169E-01
-5.88838123E-02 -9.99996904E-04 -4.78902236E-02 1.77438464E-03 4.82866168E-01
-8.53244960E-03 -9.99998301E-04 -5.88616878E-02 2.05401075E-03 4.42596763E-01
4.26450931E-03 -9.99997836E-04 -6.13900051E-02 2.22277991E-03 4.36185002E-01
5.28725162E-02 -9.99995973E-04 -7.02033639E-02 2.07224884E-03 4.12374973E-01
6.85754865E-02 -1.00000016E-03 -7.28165731E-02 2.06166552E-03 4.06183183E-01
3.16858500E-01 -9.99999000E-04 -1.03689104E-01 2.18442129E-03 3.57283682E-01
3.33750427E-01 -9.99999465E-04 -1.05274200E-01 2.06609699E-03 3.57216924E-01
3.96042407E-01 -9.99999116E-04 -1.10698022E-01 1.94350118E-03 3.55745614E-01
4.10650104E-01 -9.99999465E-04 -1.11881457E-01 1.85940333E-03 3.57011855E-01
4.68018442E-01 -9.99999000E-04 -1.16219841E-01 1.64842955E-03 3.60805035E-01
4.80210871E-01 -9.99999349E-04 -1.17082924E-01 1.81397109E-03 3.61157924E-01
5.40521204E-01 -1.00000028E-03 -1.21032797E-01 1.88530982E-03 3.70455146E-01
-2.42595673E-01 -9.99997836E-04 5.11097312E-02 7.32507277E-03 -1.42260194E+00
-2.43293613E-01 -9.99981537E-04 5.01900613E-02 4.14732145E-03 -1.39453614E+00
-2.42950127E-01 -9.99996788E-04 5.06541282E-02 6.40442409E-03 -1.41807699E+00
-2.42050573E-01 -1.00000994E-03 5.17607369E-02 4.45709471E-03 -1.42386639E+00
-2.41271853E-01 -1.00002508E-03 5.26125208E-02 4.42915689E-03 -1.48210597E+00
-2.43770793E-01 -9.99978511E-04 4.94872853E-02 4.80244448E-03 -1.31591690E+00
-2.44365662E-01 -9.99972690E-04 4.84972410E-02 3.72675853E-03 -1.24279869E+00
-2.40670413E-01 -1.00000063E-03 5.32121956E-02 4.54669259E-03 -1.50886774E+00
-2.39815459E-01 -9.99995391E-04 5.40046208E-02 4.94942907E-03 -1.52453184E+00
-2.39156678E-01 -9.99993877E-04 5.45677319E-02 4.58007073E-03 -1.51757705E+00
-2.38231823E-01 -9.99991316E-04 5.53057417E-02 4.38121613E-03 -1.51494253E+00
-2.37482980E-01 -9.99999116E-04 5.58691286E-02 6.30378583E-03 -1.51637840E+00
-2.36441746E-01 -1.00000913E-03 5.65910824E-02 4.35674284E-03 -1.52428937E+00
-2.35604227E-01 -1.00001984E-03 5.71358986E-02 4.35646344E-03 -1.48701406E+00
-2.34357581E-01 -9.99983400E-04 5.78966849E-02 3.78924073E-03 -1.46419334E+00
-2.33305544E-01 -9.99999698E-04 5.85010573E-02 3.96733638E-03 -1.46520364E+00
-2.31693983E-01 -1.00000273E-03 5.93521707E-02 5.93528058E-03 -1.44776666E+00
-2.30277583E-01 -1.00001472E-03 6.00479692E-02 5.33550326E-03 -1.41937447E+00
-2.28137583E-01 -9.99993295E-04 6.10010140E-02 6.31914241E-03 -1.39075446E+00
-2.26254195E-01 -1.00003358E-03 6.17761835E-02 5.51044894E-03 -1.34234166E+00
-2.23715529E-01 -9.99983749E-04 6.27195165E-02 5.38062397E-03 -1.32784414E+00
-2.21590132E-01 -9.99977929E-04 6.34474307E-02 6.44042715E-03 -1.28561521E+00
-2.18456954E-01 -1.00006210E-03 6.44177124E-02 4.91794618E-03 -1.24323797E+00
-2.44762748E-01 -9.99991200E-04 4.77480479E-02 4.38206689E-03 -1.14175045E+00
-2.45009214E-01 -1.00002112E-03 4.72256020E-02 3.43504641E-03 -1.08108938E+00
-2.18456954E-01 -1.00006210E-03 6.44177124E-02 4.91794618E-03 -1.24323797E+00
-2.14387655E-01 -9.99948708E-04 6.55175969E-02 5.56692993E-03 -1.19051445E+00
-2.10635513E-01 -9.99992248E-04 6.64205700E-02 5.32916933E-03 -1.16866887E+00
-2.12776542E-01 -9.99997137E-04 6.59212396E-02 6.94854464E-03 -1.16615152E+00
-2.06670508E-01 -9.99911921E-04 6.72549382E-02 6.46849070E-03 -1.10011172E+00
-2.01423690E-01 -1.00014091E-03 6.82163760E-02 5.55742951E-03 -1.06876075E+00
-1.96336046E-01 -9.99917509E-04 6.90003186E-02 4.55930131E-03 -1.02458608E+00
-1.89333081E-01 -9.99855227E-04 6.98996261E-02 5.01779374E-03 -9.54973519E-01
-1.83491290E-01 -1.00008026E-03 7.05145523E-02 5.75085124E-03 -9.32276070E-01
-1.73053011E-01 -1.00127596E-03 7.13185295E-02 2.91952188E-03 -8.61946285E-01
-1.60476223E-01 -1.00022345E-03 7.19187483E-02 5.75862778E-03 -8.02710533E-01
-1.48777291E-01 -1.00035954E-03 7.21546337E-02 2.46037426E-03 -7.46588707E-01
-1.36780351E-01 -9.99551383E-04 7.21212924E-02 4.57900250E-03 -7.04398632E-01
-1.19677849E-01 -9.99254407E-04 7.16911480E-02 2.09909375E-03 -6.47014022E-01
-1.09202713E-01 -9.99921933E-04 7.12364092E-02 2.32058833E-03 -6.20038629E-01
-9.32221338E-02 -9.99896089E-04 7.02839717E-02 1.72313978E-03 -5.72802246E-01
2.70513952E-01 -1.00030971E-03 4.94169258E-03 1.07871636E-03 4.12459448E-02
2.83904076E-01 -1.00010249E-03 1.61954982E-03 5.73418452E-04 5.52218929E-02
1.66938558E-01 -9.98935662E-04 2.90720314E-02 6.58967590E-04 -8.92950296E-02
1.44628674E-01 -9.97870695E-04 3.38590741E-02 9.00772458E-04 -1.21609695E-01
2.32917830E-01 -1.00016932E-03 1.40357222E-02 1.12241192E-03 -3.04236147E-03
2.15753794E-01 -9.99519601E-04 1.80683564E-02 8.54152080E-04 -2.61560045E-02
-4.59588654E-02 -9.97893279E-04 6.59234002E-02 5.77749568E-04 -4.55955654E-01
-2.96762194E-02 -1.00119959E-03 6.40148818E-02 6.12049596E-04 -4.27466542E-01
2.77858553E-03 -9.98843112E-04 5.96160814E-02 6.89655601E-04 -3.56327683E-01
2.26190463E-02 -1.00033684E-03 5.66085801E-02 7.08073087E-04 -3.20702344E-01
6.68428615E-02 -9.99680720E-04 4.91229631E-02 5.20039874E-04 -2.42736056E-01
8.56621563E-02 -1.00037828E-03 4.56553921E-02 5.74336795E-04 -2.13351995E-01
3.33211333E-01 -9.99948243E-04 -1.09443432E-02 6.43958629E-04 1.09187059E-01
3.46318036E-01 -1.00006699E-03 -1.43633373E-02 6.90886693E-04 1.22471645E-01
4.07436818E-01 -9.99888987E-04 -3.07412259E-02 4.11841174E-04 1.81018308E-01
4.19201821E-01 -1.00010179E-03 -3.39562893E-02 3.48195288E-04 1.91804394E-01
4.78305548E-01 -9.99544514E-04 -5.05059063E-02 2.62900779E-04 2.43860796E-01
4.89938319E-01 -1.00012671E-03 -5.38390093E-02 3.03989887E-04 2.53898203E-01
5.46723902E-01 -9.99958138E-04 -7.03732446E-02 2.11593564E-04 3.01693827E-01
5.58616698E-01 -1.00018282E-03 -7.38938078E-02 2.11593579E-04 3.11739743E-01
 5 1
 1 2
 2 3
 3 4
 4 7
 7 8
 8 11
 11 13
 13 14
 14 15
 15 19
 19 22
 22 23
 23 24
 24 27
 6 9
 9 10
 10 12
 12 16
 16 17
 17 18
 18 20
 20 21
 21 25
 25 26
 26 28
 28 29
 5 6
 30 33
 33 34
 34 35
 35 37
 37 36
 36 44
 44 45
 45 46
 46 48
 48 47
 47 49
 49 40
 40 42
 42 43
 43 41
 41 38
 38 39
 51 52
 52 50
 50 31
 31 32
 32 30
 61 60
 60 59
 59 57
 57 58
 58 56
 56 54
 54 55
 55 53
 53 51
 65 64
 64 62
 62 63
 63 61
 66 67
 66 65
 68 70
 70 71
 72 69
 69 68
 75 73
 73 74
 74 72
 76 75
 79 78
 78 77
 77 76
 81 82
 82 83
 83 85
 85 84
 84 86
 86 87
 87 95
 95 94
 94 96
 96 97
 97 98
 98 99
 99 93
 93 92
 92 91
 91 90
 90 88
 88 89
 89 100
 100 101
 101 102
 102 103
 103 104
 104 105
 105 106
 81 80
 80 79
 107 110
 110 111
 111 114
 114 115
 115 116
 116 117
 117 118
 118 119
 119 120
 120 121
 121 122
 122 123
 123 124
 124 125
 125 126
 126 127
 127 128
 128 129
 112 108
 108 109
 109 107
 130 113
 113 112
 130 131
 132 133
 133 135
 135 134
 134 136
 136 137
 137 138
 138 139
 139 140
 140 141
 141 142
 142 143
 143 144
 144 145
 145 146
 146 147
 147 154
 154 155
 155 156
 156 157
 157 158
 158 159
 159 151
 151 150
 150 153
 153 152
 152 148
 148 149
 149 160
 160 161
 161 162
 162 163
 163 164
 164 165
 165 166
 166 167
ZONE T="COFFE, MIT adapt Y=-0.035"
 STRANDID=0, SOLUTIONTIME=0
 Nodes=188, Elements=183, ZONETYPE=FELineSeg
 DATAPACKING=POINT
 DT=(DOUBLE DOUBLE DOUBLE DOUBLE DOUBLE )
7.36352086E-01 -3.50000001E-02 -1.30167603E-01 1.29095837E-03 4.48037654E-01
7.38038182E-01 -3.50000001E-02 -1.30218893E-01 1.13892183E-03 4.50579882E-01
7.38605797E-01 -3.50000001E-02 -1.30236134E-01 1.28934998E-03 4.46664006E-01
7.38092363E-01 -3.50000001E-02 -1.30066678E-01 7.77367313E-05 4.46992695E-01
7.33821392E-01 -3.50000001E-02 -1.30089372E-01 1.37365167E-03 4.44843352E-01
7.33305454E-01 -3.50000001E-02 -1.30073249E-01 1.37365097E-03 4.44243759E-01
7.33627558E-01 -3.50000001E-02 -1.30083308E-01 1.37365144E-03 4.44618076E-01
7.10316718E-01 -3.50000001E-02 -1.29308417E-01 1.50700647E-03 4.23987180E-01
7.26765513E-01 -3.50000001E-02 -1.29865378E-01 1.26617297E-03 4.37347054E-01
7.20274448E-01 -3.50000001E-02 -1.29650846E-01 1.40811538E-03 4.31711733E-01
6.90788627E-01 -3.50000001E-02 -1.28587037E-01 1.57136749E-03 4.12934661E-01
6.87476754E-01 -3.50000001E-02 -1.28460020E-01 1.61182426E-03 4.10723478E-01
6.80069566E-01 -3.50000001E-02 -1.28164783E-01 1.58485677E-03 4.07266378E-01
6.43294990E-01 -3.50000001E-02 -1.26571491E-01 1.58543594E-03 3.93932223E-01
6.18261874E-01 -3.50000001E-02 -1.25367373E-01 1.79691834E-03 3.85125160E-01
7.36961007E-01 -3.50000001E-02 -1.29693434E-01 5.74607257E-05 4.45409060E-01
7.34145343E-01 -3.50000001E-02 -1.28765970E-01 4.46923186E-05 4.44904357E-01
7.33882785E-01 -3.50000001E-02 -1.28679529E-01 4.46923186E-05 4.44810301E-01
7.33634651E-01 -3.50000001E-02 -1.28597856E-01 4.46923186E-05 4.44721371E-01
7.16060936E-01 -3.49999964E-02 -1.22851811E-01 7.16836366E-05 4.35155660E-01
7.28249371E-01 -3.50000001E-02 -1.26830503E-01 4.76744535E-05 4.42123353E-01
7.21366525E-01 -3.50000001E-02 -1.24578051E-01 7.16836366E-05 4.38602477E-01
6.91909850E-01 -3.50000188E-02 -1.15064979E-01 1.26056213E-04 4.18345273E-01
6.88258708E-01 -3.50000300E-02 -1.13892779E-01 1.26056228E-04 4.15735483E-01
-2.46277273E-01 -3.49999964E-02 3.84039618E-02 -4.42750985E-04 1.92162246E-01
-2.45303825E-01 -3.50000039E-02 3.45451571E-02 -6.03538414E-04 6.47525966E-01
-2.46380791E-01 -3.50000076E-02 4.19554301E-02 4.70255676E-04 -3.41438442E-01
-2.44538948E-01 -3.50000001E-02 3.26903723E-02 -5.08937752E-04 7.86347032E-01
-2.43522853E-01 -3.49999964E-02 3.07329353E-02 -2.48193188E-04 8.76038432E-01
-2.42510363E-01 -3.49999964E-02 2.90920157E-02 -1.97451591E-04 9.25953329E-01
-2.45463327E-01 -3.50000001E-02 3.50124873E-02 -4.37374430E-04 5.97802341E-01
-2.45738640E-01 -3.49999964E-02 3.58805284E-02 -4.37455688E-04 4.68611717E-01
-2.45113611E-01 -3.50000486E-02 3.40888985E-02 -4.57039743E-04 6.83127463E-01
-2.44691268E-01 -3.49999554E-02 3.30562890E-02 -5.68162824E-04 7.60392010E-01
-2.44365960E-01 -3.50000001E-02 3.23333144E-02 -4.21107019E-04 8.05149257E-01
-2.43790433E-01 -3.49999964E-02 3.12248841E-02 -4.21113422E-04 8.53553951E-01
-2.44085431E-01 -3.49999666E-02 3.17930244E-02 -4.21110133E-04 8.28743339E-01
-2.43271858E-01 -3.49999927E-02 3.03182248E-02 -2.48186116E-04 8.88359845E-01
-2.42746055E-01 -3.50000001E-02 2.94494741E-02 -2.48171535E-04 9.14168239E-01
-2.39305064E-01 -3.49999964E-02 2.48974673E-02 -1.15570198E-04 9.99743223E-01
-2.46199593E-01 -3.50000001E-02 3.79215851E-02 -5.36555075E-04 2.57599562E-01
-2.46024430E-01 -3.50000001E-02 3.70151959E-02 -4.06760839E-04 3.93122256E-01
-2.42255598E-01 -3.49999964E-02 2.87164059E-02 -1.97453468E-04 9.38842833E-01
-2.41429090E-01 -3.50000001E-02 2.75476445E-02 -2.19053560E-04 9.70174611E-01
-2.41891891E-01 -3.49999964E-02 2.81802118E-02 -1.97456247E-04 9.57243621E-01
-2.46335670E-01 -3.50000001E-02 3.88881341E-02 -5.75906073E-04 1.64750636E-01
-2.46406674E-01 -3.50000001E-02 3.97093780E-02 -3.62460531E-04 6.57260343E-02
-2.46418357E-01 -3.49999964E-02 4.13131192E-02 2.78107163E-05 -2.45632544E-01
-2.46432483E-01 -3.50000039E-02 4.07028086E-02 -4.49983236E-06 -1.67540058E-01
-2.46272519E-01 -3.49999964E-02 4.29500267E-02 1.03838008E-03 -5.24093747E-01
-2.46201932E-01 -3.50000001E-02 4.34120446E-02 1.39669876E-03 -6.07960820E-01
-2.46110067E-01 -3.50000039E-02 4.38682586E-02 1.35474536E-03 -6.75850511E-01
-2.36899391E-01 -3.50000001E-02 2.23062038E-02 -1.82048734E-05 1.00416291E+00
-2.38675460E-01 -3.50000001E-02 2.41777729E-02 -7.13849367E-05 1.00000548E+00
-2.37454072E-01 -3.50000001E-02 2.28723101E-02 -3.99181226E-06 1.01249075E+00
-2.39872754E-01 -3.49999964E-02 2.55593881E-02 -1.28308791E-04 9.97654080E-01
-2.40573496E-01 -3.50000001E-02 2.64155027E-02 -1.28309272E-04 9.89219904E-01
-2.36450434E-01 -3.50000001E-02 2.18588989E-02 9.61100377E-05 9.98232663E-01
-2.35226318E-01 -3.50000001E-02 2.06875782E-02 9.60363177E-05 9.96253490E-01
-2.33798563E-01 -3.49999964E-02 1.93919726E-02 1.60414740E-04 9.86664057E-01
-2.30108842E-01 -3.50000039E-02 1.63197685E-02 2.96594546E-04 9.59116399E-01
-2.32619852E-01 -3.49999964E-02 1.83676351E-02 1.79529481E-04 9.75731134E-01
-2.28547677E-01 -3.49999927E-02 1.51174553E-02 4.30346001E-04 9.44029152E-01
-2.25246996E-01 -3.50000001E-02 1.27080986E-02 5.04045223E-04 9.25581872E-01
-2.45877400E-01 -3.50000001E-02 4.48423326E-02 1.66101323E-03 -8.68498683E-01
-2.45205224E-01 -3.50000076E-02 4.67866771E-02 3.30460863E-03 -1.20850337E+00
-2.44998604E-01 -3.50000001E-02 4.72592674E-02 3.81386047E-03 -1.26789999E+00
-2.45756760E-01 -3.50000001E-02 4.52485196E-02 2.15220917E-03 -9.32093263E-01
-2.45570272E-01 -3.50000001E-02 4.58314531E-02 2.80538434E-03 -1.03072667E+00
-2.22427130E-01 -3.50000001E-02 1.07918633E-02 5.69200434E-04 9.01867092E-01
-2.25246996E-01 -3.50000001E-02 1.27080986E-02 5.04045223E-04 9.25581872E-01
-2.21915543E-01 -3.50000001E-02 1.04567828E-02 5.69200434E-04 8.95869613E-01
-2.19388634E-01 -3.49999964E-02 8.84167384E-03 7.13708869E-04 8.71324897E-01
-2.17961788E-01 -3.50000001E-02 7.96079822E-03 7.09350512E-04 8.61898720E-01
-2.05455959E-01 -3.49999927E-02 9.17531492E-04 1.08128053E-03 7.92870939E-01
-2.00264931E-01 -3.49999927E-02 -1.70475489E-03 1.07404881E-03 7.69398570E-01
-2.14001656E-01 -3.50000001E-02 5.59797045E-03 7.70033745E-04 8.44320893E-01
-2.10215017E-01 -3.50000039E-02 3.45384493E-03 1.21284160E-03 8.15584302E-01
-1.79218352E-01 -3.50000001E-02 -1.11386329E-02 1.74210768E-03 6.82066321E-01
-1.83800966E-01 -3.50000039E-02 -9.21986718E-03 1.54941645E-03 6.95681572E-01
-1.92898303E-01 -3.50000001E-02 -5.20124752E-03 1.38519902E-03 7.34951258E-01
-1.71451360E-01 -3.49999852E-02 -1.42537067E-02 1.47948251E-03 6.60025716E-01
-1.52166829E-01 -3.50000076E-02 -2.13636924E-02 1.62707362E-03 6.11232460E-01
-1.63283855E-01 -3.50000001E-02 -1.73642151E-02 1.58475782E-03 6.42619908E-01
-9.38615277E-02 -3.49999927E-02 -3.91010866E-02 1.95186189E-03 5.14085472E-01
-7.58612528E-02 -3.49999890E-02 -4.37639542E-02 1.89856614E-03 4.95459855E-01
2.96844970E-02 -3.50000039E-02 -6.61458895E-02 2.01756647E-03 4.20006007E-01
1.76313296E-01 -3.49999964E-02 -8.82656202E-02 2.04109563E-03 3.72420132E-01
2.10111722E-01 -3.50000001E-02 -9.23878327E-02 2.22968706E-03 3.65933508E-01
3.58674109E-01 -3.50000001E-02 -1.07521936E-01 1.86284294E-03 3.56089920E-01
2.67547935E-01 -3.50000001E-02 -9.87654999E-02 1.97917456E-03 3.58580291E-01
2.52190083E-01 -3.49999964E-02 -9.71321315E-02 2.14430038E-03 3.61532480E-01
4.87231225E-01 -3.50000001E-02 -1.17569551E-01 1.80059380E-03 3.61287653E-01
3.71238083E-01 -3.49999964E-02 -1.08614653E-01 2.06530443E-03 3.54431480E-01
4.70752567E-01 -3.50000001E-02 -1.16416998E-01 1.93351123E-03 3.60954642E-01
4.28166211E-01 -3.50000001E-02 -1.13257587E-01 1.86313456E-03 3.56890470E-01
4.12146360E-01 -3.50000001E-02 -1.12002313E-01 1.85940275E-03 3.56926978E-01
1.24987513E-02 -3.50000001E-02 -6.29691482E-02 2.01809802E-03 4.28741246E-01
-1.09436594E-01 -3.49999778E-02 -3.47958207E-02 2.02039699E-03 5.36150336E-01
-1.33600637E-01 -3.50000001E-02 -2.75301058E-02 1.48924533E-03 5.73849082E-01
1.46024615E-01 -3.50000001E-02 -8.43049735E-02 2.20616651E-03 3.78860384E-01
4.77740020E-02 -3.49999852E-02 -6.93336725E-02 2.07224488E-03 4.11929011E-01
1.11316659E-01 -3.50000039E-02 -7.94176608E-02 2.07500253E-03 3.89706314E-01
6.84437454E-02 -3.50000001E-02 -7.27948472E-02 2.06165481E-03 4.03428584E-01
-1.82312205E-02 -3.50000113E-02 -5.68813942E-02 2.03423481E-03 4.49074566E-01
4.97678757E-01 -3.50000001E-02 -1.18280523E-01 1.83729047E-03 3.62203836E-01
5.46001554E-01 -3.50000001E-02 -1.21367104E-01 1.64951116E-03 3.70320678E-01
3.48456889E-01 -3.50000001E-02 -1.06613465E-01 1.99611392E-03 3.54965508E-01
3.24760199E-01 -3.50000001E-02 -1.04439214E-01 2.05488689E-03 3.55699420E-01
-5.83533794E-02 -3.50000076E-02 -4.80169803E-02 1.99453672E-03 4.78239685E-01
-3.76526229E-02 -3.50000001E-02 -5.27326427E-02 2.12141452E-03 4.61461902E-01
5.82428157E-01 -3.50000001E-02 -1.23478569E-01 1.70048338E-03 3.78109127E-01
6.18261874E-01 -3.50000001E-02 -1.25367373E-01 1.79691834E-03 3.85125160E-01
-2.43530780E-01 -3.50000039E-02 4.98381853E-02 5.51376352E-03 -1.59491539E+00
-2.42330894E-01 -3.49999964E-02 5.14293797E-02 5.25601488E-03 -1.72641802E+00
-2.43248552E-01 -3.50000039E-02 5.02425432E-02 5.37050562E-03 -1.61528897E+00
-2.42698818E-01 -3.50000039E-02 5.09800985E-02 7.54177663E-03 -1.65933979E+00
-2.43807316E-01 -3.50000001E-02 4.94292565E-02 4.32258006E-03 -1.56286395E+00
-2.44376868E-01 -3.50000039E-02 4.84779663E-02 5.03532076E-03 -1.43440247E+00
-2.44745478E-01 -3.49999964E-02 4.77884859E-02 4.80118627E-03 -1.38128531E+00
-2.44998604E-01 -3.50000001E-02 4.72592674E-02 3.81386047E-03 -1.26789999E+00
-2.41890818E-01 -3.49999964E-02 5.19459136E-02 7.81549234E-03 -1.81447947E+00
-2.41547346E-01 -3.50000113E-02 5.23140244E-02 9.57581773E-03 -1.79979551E+00
-2.40627617E-01 -3.50000039E-02 5.32504283E-02 4.21247073E-03 -1.77884054E+00
-2.39793599E-01 -3.50000001E-02 5.40257730E-02 7.03587523E-03 -1.85501194E+00
-2.40237132E-01 -3.49999964E-02 5.36187030E-02 6.69482350E-03 -1.82243979E+00
-2.39161700E-01 -3.50000001E-02 5.45684248E-02 7.93659128E-03 -1.85556746E+00
-2.38288149E-01 -3.50000001E-02 5.52640185E-02 6.32319506E-03 -1.83336627E+00
-2.33509675E-01 -3.49999927E-02 5.83884120E-02 5.39976126E-03 -1.75931025E+00
-2.37270266E-01 -3.49999964E-02 5.60153611E-02 8.73543415E-03 -1.81338239E+00
-2.36301795E-01 -3.50000001E-02 5.66881225E-02 7.76454480E-03 -1.78368831E+00
-2.29494154E-01 -3.49999852E-02 6.04043230E-02 4.39638970E-03 -1.64460027E+00
-2.34003887E-01 -3.50000001E-02 5.81070185E-02 5.60043706E-03 -1.76596773E+00
-2.35455722E-01 -3.50000039E-02 5.72363511E-02 8.26666318E-03 -1.78063667E+00
-2.32708126E-01 -3.50000039E-02 5.88238165E-02 6.49883412E-03 -1.74495685E+00
-2.30606049E-01 -3.50000039E-02 5.98868541E-02 6.66417973E-03 -1.67325222E+00
-2.32197613E-01 -3.50000076E-02 5.90921529E-02 6.49905391E-03 -1.73182964E+00
-2.29025781E-01 -3.49999890E-02 6.06141388E-02 4.39637480E-03 -1.63951063E+00
-2.28139877E-01 -3.49998996E-02 6.10039122E-02 4.56808694E-03 -1.62753618E+00
-2.20528558E-01 -3.49999964E-02 6.37888089E-02 4.75051813E-03 -1.44362783E+00
-2.20588490E-01 -3.50000001E-02 6.37699515E-02 4.75051999E-03 -1.44419217E+00
-2.24831477E-01 -3.50000001E-02 6.23220466E-02 4.89253504E-03 -1.57562423E+00
-2.20477626E-01 -3.49999964E-02 6.38048276E-02 4.75051673E-03 -1.44314837E+00
-2.15243995E-01 -3.49999815E-02 6.53021261E-02 5.02624409E-03 -1.36491048E+00
-2.12790027E-01 -3.50000113E-02 6.59148246E-02 6.81723282E-03 -1.31790829E+00
-2.10134000E-01 -3.49999219E-02 6.65303245E-02 4.14516823E-03 -1.27235305E+00
-2.04342842E-01 -3.49999964E-02 6.76997304E-02 6.02008309E-03 -1.19640386E+00
-2.01527223E-01 -3.50000039E-02 6.81924373E-02 5.67792309E-03 -1.16474962E+00
-2.01527223E-01 -3.50000039E-02 6.81924373E-02 5.67792309E-03 -1.16474962E+00
-1.93505451E-01 -3.49998772E-02 6.93918020E-02 4.01444919E-03 -1.07482541E+00
-1.84543625E-01 -3.49997431E-02 7.04075247E-02 3.21737048E-03 -9.95143473E-01
-1.71038255E-01 -3.49999107E-02 7.14467913E-02 5.23070106E-03 -8.98272336E-01
-1.59040794E-01 -3.49999666E-02 7.19650984E-02 4.87357983E-03 -8.30213904E-01
-1.51630819E-01 -3.49998176E-02 7.21156895E-02 3.59511515E-03 -7.96004355E-01
-1.27295122E-01 -3.49999629E-02 7.19477460E-02 4.21233103E-03 -6.98079526E-01
-4.75367345E-02 -3.49999815E-02 6.61267042E-02 3.40673677E-03 -4.70140964E-01
6.17243767E-01 -3.50000039E-02 -9.16234627E-02 3.94986302E-04 3.58599365E-01
1.43839553E-01 -3.50000039E-02 3.40312831E-02 1.82940811E-03 -1.27022520E-01
3.82707268E-02 -3.50001343E-02 5.40737733E-02 2.61527277E-03 -2.98984826E-01
4.74897027E-01 -3.50000001E-02 -4.95364480E-02 8.46347481E-04 2.39961281E-01
-1.06984906E-01 -3.49999815E-02 7.11276755E-02 4.28712694E-03 -6.28204465E-01
-8.13679099E-02 -3.50005440E-02 6.93973303E-02 4.32386948E-03 -5.55132568E-01
1.46538764E-01 -3.50000709E-02 3.34576257E-02 1.82940322E-03 -1.22884527E-01
1.81986600E-01 -3.49998660E-02 2.57623065E-02 1.83682016E-03 -7.11993128E-02
3.21291447E-01 -3.50001156E-02 -7.86109921E-03 1.00737263E-03 9.45180133E-02
2.89889097E-01 -3.50004397E-02 1.23899590E-04 1.26171054E-03 6.02978766E-02
3.05089802E-01 -3.50000411E-02 -3.71863623E-03 1.33711973E-03 7.70475939E-02
1.39974654E-01 -3.50000672E-02 3.48479450E-02 2.15893681E-03 -1.32933378E-01
7.07533211E-02 -3.49999145E-02 4.84241545E-02 2.53681303E-03 -2.39901066E-01
8.95030871E-02 -3.50000225E-02 4.49363701E-02 2.16376549E-03 -2.11690649E-01
6.44888520E-01 -3.49999703E-02 -1.00174785E-01 3.43227264E-04 3.82300824E-01
5.08543372E-01 -3.50000225E-02 -5.91985807E-02 7.15791190E-04 2.67692000E-01
5.35612822E-01 -3.50000001E-02 -6.70987889E-02 6.76543801E-04 2.91140497E-01
3.61124307E-01 -3.50000039E-02 -1.82647593E-02 1.16868957E-03 1.34789839E-01
3.76766056E-01 -3.49999964E-02 -2.24376637E-02 1.14002579E-03 1.50705501E-01
3.70273203E-01 -3.49999927E-02 -2.07059886E-02 1.16868794E-03 1.44094303E-01
5.88483989E-01 -3.49999927E-02 -8.28588307E-02 5.32038859E-04 3.35135549E-01
5.76856434E-01 -3.50000039E-02 -7.93469176E-02 5.35039231E-04 3.25162828E-01
6.85398102E-01 -3.49999964E-02 -1.12974361E-01 1.26056242E-04 4.13690686E-01
4.34331387E-01 -3.49999964E-02 -3.81364338E-02 9.15020064E-04 2.04223782E-01
4.23331618E-01 -3.50000039E-02 -3.50943655E-02 1.14522071E-03 1.94570169E-01
1.34024220E-02 -3.49998213E-02 5.80363423E-02 3.82931437E-03 -3.41556013E-01
-1.67064387E-02 -3.49989943E-02 6.23447150E-02 3.13412724E-03 -4.02921587E-01
3.23031843E-03 -3.50000076E-02 5.95529601E-02 2.72007426E-03 -3.65361452E-01
2.16961160E-01 -3.50000039E-02 1.77793130E-02 1.25411595E-03 -2.68154964E-02
2.28856340E-01 -3.49999331E-02 1.49859348E-02 1.49617018E-03 -1.18427156E-02
6.87498271E-01 -3.50000225E-02 -1.13648638E-01 1.26056228E-04 4.15191919E-01
6.88258708E-01 -3.50000300E-02 -1.13892779E-01 1.26056228E-04 4.15735483E-01
 3 2
 2 1
 1 5
 5 7
 7 6
 6 9
 9 10
 10 8
 8 11
 11 12
 12 13
 13 14
 14 15
 4 3
 16 4
 16 17
 17 18
 18 19
 19 21
 21 22
 22 20
 20 23
 23 24
 25 41
 41 42
 42 32
 32 31
 31 26
 26 33
 33 34
 34 28
 28 35
 35 37
 37 36
 36 29
 29 38
 38 39
 39 30
 30 43
 43 45
 45 44
 44 57
 57 56
 56 40
 40 54
 54 55
 55 53
 53 58
 58 59
 59 60
 60 62
 62 61
 61 63
 63 64
 46 47
 47 49
 49 48
 48 27
 27 50
 50 51
 51 52
 52 65
 65 68
 68 69
 69 66
 66 67
 46 25
 70 71
 72 70
 72 73
 73 74
 74 77
 77 78
 78 75
 75 76
 76 81
 81 80
 80 79
 79 82
 82 84
 84 83
 83 100
 100 99
 99 85
 85 86
 86 110
 110 111
 111 105
 105 98
 98 87
 87 102
 102 104
 104 103
 103 101
 101 88
 88 89
 89 92
 92 91
 91 109
 109 108
 108 90
 90 94
 94 97
 97 96
 96 95
 95 93
 93 106
 106 107
 107 112
 112 113
 114 118
 118 119
 119 120
 120 121
 116 117
 117 115
 115 122
 122 123
 123 124
 124 126
 126 125
 125 127
 127 128
 128 130
 130 131
 131 134
 134 133
 133 129
 129 135
 135 137
 137 136
 136 132
 132 138
 138 139
 139 142
 142 141
 141 140
 140 143
 143 144
 144 145
 145 146
 146 147
 147 148
 116 114
 149 150
 150 151
 151 152
 152 153
 153 154
 154 155
 155 161
 161 162
 162 156
 156 183
 183 184
 184 182
 182 159
 159 169
 169 170
 170 168
 168 158
 158 163
 163 164
 164 185
 185 186
 186 166
 166 167
 167 165
 165 174
 174 176
 176 175
 175 181
 181 180
 180 160
 160 172
 172 173
 173 178
 178 177
 177 157
 157 171
 171 179
 179 187
 187 188
ZONE T="COFFE, MIT adapt Y=-0.73"
 STRANDID=0, SOLUTIONTIME=0
 Nodes=197, Elements=191, ZONETYPE=FELineSeg
 DATAPACKING=POINT
 DT=(DOUBLE DOUBLE DOUBLE DOUBLE DOUBLE )
-2.34014243E-01 -7.29999959E-01 1.96031220E-02 6.14728488E-04 7.95336306E-01
-2.33731881E-01 -7.29999959E-01 1.93447452E-02 6.14728895E-04 7.91455150E-01
-2.30455384E-01 -7.30000019E-01 1.65902525E-02 1.15208002E-03 7.33347952E-01
-2.36729011E-01 -7.30000019E-01 2.21606009E-02 3.39479855E-04 8.39007914E-01
-2.34406605E-01 -7.29999959E-01 1.99621804E-02 6.14727964E-04 8.00729811E-01
-2.36429915E-01 -7.30000019E-01 2.18530651E-02 3.39478749E-04 8.31248820E-01
-2.24863231E-01 -7.30000019E-01 1.24476813E-02 1.24504510E-03 6.61486208E-01
-2.20811829E-01 -7.30000019E-01 9.73816123E-03 1.23044418E-03 6.28849328E-01
-2.28664175E-01 -7.30000019E-01 1.51983583E-02 1.21164066E-03 7.13612795E-01
-2.25952089E-01 -7.30000019E-01 1.32166687E-02 1.24505337E-03 6.79984272E-01
-2.18713015E-01 -7.30000019E-01 8.41278303E-03 1.47198152E-03 6.05776846E-01
-2.12771475E-01 -7.30000019E-01 4.88566840E-03 1.83510082E-03 5.61268866E-01
-2.08074898E-01 -7.30000019E-01 2.29432806E-03 1.75008981E-03 5.30340850E-01
-2.01649487E-01 -7.30000019E-01 -1.01917214E-03 1.86153629E-03 4.95275855E-01
-1.94800928E-01 -7.30000019E-01 -4.31819400E-03 1.97175890E-03 4.65676516E-01
-1.88376620E-01 -7.30000019E-01 -7.23451609E-03 2.13110284E-03 4.41046387E-01
-1.74017787E-01 -7.30000019E-01 -1.32460967E-02 2.42656399E-03 3.98106158E-01
-1.66589573E-01 -7.29999959E-01 -1.61271859E-02 2.38437555E-03 3.80316705E-01
-1.49363339E-01 -7.30000019E-01 -2.23328751E-02 2.53099250E-03 3.43147099E-01
-4.42797542E-02 -7.30000019E-01 -5.12577817E-02 2.72213435E-03 2.29998037E-01
3.22966315E-02 -7.30000019E-01 -6.66148588E-02 2.98797735E-03 1.86875090E-01
6.24146834E-02 -7.30000019E-01 -7.18043819E-02 2.93173781E-03 1.74249813E-01
-1.43010363E-01 -7.30000019E-01 -2.44749021E-02 2.59080133E-03 3.35553825E-01
-2.40988992E-02 -7.29999959E-01 -5.56535944E-02 2.75991438E-03 2.17855006E-01
1.61508936E-02 -7.30000019E-01 -6.36582077E-02 2.97510345E-03 1.96634784E-01
-8.75404403E-02 -7.29999959E-01 -4.07713354E-02 2.74042203E-03 2.64322549E-01
-9.70336795E-02 -7.29999959E-01 -3.82419117E-02 2.73039681E-03 2.78782547E-01
-1.87656909E-01 -7.30000019E-01 7.00912997E-02 4.76152264E-03 -3.93341720E-01
-1.95084080E-01 -7.30000019E-01 6.91811815E-02 5.02736634E-03 -4.13040310E-01
-1.80112943E-01 -7.30000019E-01 7.08135366E-02 4.51082457E-03 -3.57827455E-01
-1.75580218E-01 -7.30000019E-01 7.11566508E-02 4.64440323E-03 -3.50076169E-01
-1.59286365E-01 -7.30000019E-01 7.19532818E-02 4.17396612E-03 -3.03015858E-01
-1.51761234E-01 -7.30000019E-01 7.21213073E-02 4.52548964E-03 -2.92644322E-01
-1.39354125E-01 -7.29999959E-01 7.21594915E-02 3.41791776E-03 -2.69229442E-01
-1.13282599E-01 -7.30000019E-01 7.14412108E-02 3.78269865E-03 -2.29203403E-01
4.52528857E-02 -7.30000019E-01 5.29055335E-02 2.74850847E-03 -8.64342004E-02
-5.17070033E-02 -7.30000019E-01 6.65804371E-02 2.64852936E-03 -1.61627427E-01
-5.32112159E-02 -7.30000019E-01 6.67398199E-02 2.64851609E-03 -1.62437439E-01
-5.22781052E-02 -7.30000019E-01 6.66409507E-02 2.64852424E-03 -1.61934972E-01
2.01435700E-01 -7.30000019E-01 2.13702098E-02 2.22160271E-03 -4.69971746E-02
1.91164389E-01 -7.30000019E-01 2.37048063E-02 2.12626322E-03 -4.53195870E-02
1.27472416E-01 -7.30000019E-01 3.74370180E-02 2.32775672E-03 -5.20273708E-02
3.72272283E-02 -7.30000019E-01 5.42494506E-02 3.05889384E-03 -9.49792266E-02
1.88771309E-03 -7.30000019E-01 5.97511120E-02 2.76628206E-03 -1.16364688E-01
5.34255616E-02 -7.30000019E-01 5.15026487E-02 2.99680489E-03 -8.35890099E-02
1.13889016E-01 -7.30000019E-01 4.01834846E-02 2.39890534E-03 -5.51053844E-02
-1.10297777E-01 -7.30000019E-01 7.13020340E-02 3.57983541E-03 -2.27374226E-01
2.60008723E-01 -7.30000019E-01 7.51757156E-03 2.68168980E-03 -7.15001822E-02
2.80938178E-01 -7.30000019E-01 2.36233370E-03 3.17852851E-03 -8.66332129E-02
4.98094827E-01 -7.30000019E-01 -1.18308567E-01 2.63586896E-03 7.58737922E-02
5.11682868E-01 -7.30000019E-01 -1.19207077E-01 2.76615634E-03 7.63225481E-02
4.88675565E-01 -7.30000019E-01 -1.17669500E-01 2.63729342E-03 7.54875466E-02
4.59169716E-01 -7.30000019E-01 -1.15585454E-01 2.74154777E-03 8.02598447E-02
3.89892161E-01 -7.30000019E-01 -1.10189706E-01 2.94215442E-03 8.52539241E-02
3.05271268E-01 -7.30000019E-01 -1.02575079E-01 2.83536944E-03 1.01111367E-01
1.76210344E-01 -7.30000019E-01 -8.82530361E-02 2.77700042E-03 1.32791892E-01
1.81704670E-01 -7.30000019E-01 -8.89428407E-02 2.84375716E-03 1.30226195E-01
2.18434855E-01 -7.30000019E-01 -9.33604687E-02 2.64640921E-03 1.22412138E-01
9.98789966E-02 -7.30000019E-01 -7.77196437E-02 2.54731183E-03 1.55824304E-01
1.71218321E-01 -7.30000019E-01 -8.76140296E-02 2.64709094E-03 1.34465411E-01
1.06718779E-01 -7.30000019E-01 -7.87416771E-02 2.70591397E-03 1.55862018E-01
1.36657044E-01 -7.30000019E-01 -8.30213651E-02 2.18685926E-03 1.47864446E-01
5.25996745E-01 -7.30000019E-01 -1.20128281E-01 2.64607114E-03 7.59349987E-02
4.33556944E-01 -7.30000019E-01 -1.13671809E-01 2.80836318E-03 7.81683847E-02
4.18151408E-01 -7.30000019E-01 -1.12476334E-01 2.96818465E-03 8.12111422E-02
3.60605717E-01 -7.29999959E-01 -1.07690580E-01 2.82726903E-03 9.13418978E-02
3.42144817E-01 -7.30000019E-01 -1.06042042E-01 2.72058556E-03 9.20649320E-02
3.48377526E-01 -7.30000019E-01 -1.06602728E-01 2.72058439E-03 9.34742168E-02
2.65545875E-01 -7.30000019E-01 -9.85563174E-02 2.31436826E-03 1.09894238E-01
2.62905240E-01 -7.30000019E-01 -9.82762203E-02 2.88693164E-03 1.09516747E-01
2.63987869E-01 -7.30000019E-01 -9.83910635E-02 2.88693164E-03 1.09723993E-01
9.30027962E-02 -7.30000019E-01 -7.66741857E-02 2.32767803E-03 1.62157983E-01
6.24146834E-02 -7.30000019E-01 -7.18043819E-02 2.93173781E-03 1.74249813E-01
6.10308647E-01 -7.30000019E-01 -1.24963202E-01 2.67855055E-03 9.38535109E-02
6.55691445E-01 -7.29999959E-01 -1.27132505E-01 2.18269974E-03 1.27692267E-01
6.59609199E-01 -7.30000019E-01 -1.27303615E-01 2.18269648E-03 1.31972805E-01
6.60677850E-01 -7.30000019E-01 -1.27350286E-01 2.18269578E-03 1.33140430E-01
5.80466926E-01 -7.30000019E-01 -1.23368829E-01 2.46632122E-03 8.41750652E-02
5.55911243E-01 -7.30000019E-01 -1.21961832E-01 2.66017229E-03 7.94817582E-02
-2.46371403E-01 -7.30000019E-01 3.94037217E-02 -1.04746185E-04 7.49706149E-01
-2.46420607E-01 -7.30000019E-01 4.12211865E-02 1.56151204E-04 6.42186880E-01
-2.46042773E-01 -7.30000019E-01 3.71679254E-02 -1.11233072E-04 8.79938185E-01
-2.45676622E-01 -7.29999959E-01 3.56937796E-02 -7.89224068E-05 9.43214953E-01
-2.45882377E-01 -7.30000019E-01 3.64729837E-02 -1.11232119E-04 9.13444221E-01
-2.46391937E-01 -7.30000019E-01 3.95971574E-02 -1.04750230E-04 7.36937881E-01
-2.46431574E-01 -7.30000019E-01 4.10159379E-02 1.56149792E-04 6.66661024E-01
-2.46427611E-01 -7.30000019E-01 4.03414108E-02 -2.15064920E-05 7.05443323E-01
-2.46410027E-01 -7.30000019E-01 4.14193049E-02 1.56152397E-04 6.18562818E-01
-2.46305406E-01 -7.30000019E-01 4.27357107E-02 5.54951432E-04 4.24431980E-01
-2.46376157E-01 -7.30000019E-01 4.20856439E-02 1.60189447E-04 5.30391634E-01
-2.45556906E-01 -7.30000019E-01 3.53131033E-02 -6.68645735E-05 9.49334145E-01
-2.44984955E-01 -7.29999959E-01 3.38211358E-02 -3.21679545E-05 9.69123900E-01
-2.46350393E-01 -7.30000019E-01 3.92058380E-02 -1.04742576E-04 7.62768328E-01
-2.46222764E-01 -7.30000019E-01 3.80853079E-02 -8.99810257E-05 8.33787799E-01
-2.44832888E-01 -7.30000079E-01 3.34502123E-02 -3.69448899E-05 9.70544755E-01
-2.44170964E-01 -7.29999959E-01 3.19973603E-02 -5.68857104E-06 9.71238971E-01
-2.43986860E-01 -7.30000019E-01 3.16410214E-02 -6.56642578E-06 9.69980657E-01
-2.43313000E-01 -7.30000019E-01 3.03946435E-02 -9.02459124E-06 9.62847948E-01
-2.40636453E-01 -7.30000019E-01 2.65124403E-02 2.55239080E-04 9.30200100E-01
-2.42870718E-01 -7.30000019E-01 2.96564605E-02 -9.02723241E-06 9.56352353E-01
-2.42272273E-01 -7.30000019E-01 2.87688058E-02 1.60147712E-04 9.49194133E-01
-2.42582947E-01 -7.30000019E-01 2.92049646E-02 1.49767715E-04 9.51658785E-01
-2.40383595E-01 -7.30000019E-01 2.62122098E-02 2.55238643E-04 9.25166786E-01
-2.39163682E-01 -7.30000019E-01 2.47636940E-02 2.55236577E-04 9.00882840E-01
-2.46201932E-01 -7.30000019E-01 4.34120446E-02 6.61007711E-04 4.10624772E-01
-2.40990743E-01 -7.30000019E-01 2.69628000E-02 1.60148804E-04 9.35970366E-01
-2.41738811E-01 -7.30000019E-01 2.80170087E-02 1.60148164E-04 9.43689406E-01
-2.46061921E-01 -7.30000019E-01 4.40818742E-02 1.11017888E-03 3.56412709E-01
-2.38789961E-01 -7.30000019E-01 2.43190695E-02 2.65859941E-04 8.92638147E-01
-2.36729011E-01 -7.30000019E-01 2.21606009E-02 3.39479855E-04 8.39007914E-01
-2.45757103E-01 -7.30000019E-01 4.52532358E-02 1.61068584E-03 1.94257200E-01
-2.45908812E-01 -7.30000019E-01 4.47174944E-02 1.43233419E-03 2.78680146E-01
7.36874580E-01 -7.30000019E-01 -1.30183533E-01 2.75568897E-03 1.27500698E-01
7.37307727E-01 -7.30000019E-01 -1.30196750E-01 3.03989998E-03 1.20339565E-01
7.38605797E-01 -7.30000019E-01 -1.30236134E-01 1.31248357E-03 5.73273525E-02
7.37474859E-01 -7.30000019E-01 -1.29862949E-01 2.64425413E-04 5.44418320E-02
7.35796750E-01 -7.30000019E-01 -1.30150497E-01 2.75567919E-03 1.35018557E-01
7.33644009E-01 -7.30000019E-01 -1.30083755E-01 2.76801898E-03 1.50112852E-01
7.30873883E-01 -7.30000019E-01 -1.29996672E-01 2.46961508E-03 1.64247021E-01
7.24792302E-01 -7.30000019E-01 -1.29800513E-01 2.00943928E-03 1.81559369E-01
7.29187131E-01 -7.30000019E-01 -1.29942864E-01 2.46960740E-03 1.69424936E-01
7.18032181E-01 -7.30000019E-01 -1.29573852E-01 2.09840154E-03 1.85625747E-01
7.04601824E-01 -7.30000019E-01 -1.29104733E-01 1.99182914E-03 1.82623014E-01
7.00166047E-01 -7.30000019E-01 -1.28940389E-01 2.04170542E-03 1.79267824E-01
6.68069243E-01 -7.29999959E-01 -1.27666354E-01 2.02961359E-03 1.41181201E-01
6.60677850E-01 -7.30000019E-01 -1.27350286E-01 2.18269578E-03 1.33140430E-01
7.36447811E-01 -7.30000019E-01 -1.29524261E-01 2.01839095E-04 4.30611558E-02
7.34845579E-01 -7.30000019E-01 -1.28996596E-01 6.18029269E-04 1.34098250E-02
7.34057724E-01 -7.30000019E-01 -1.28737152E-01 6.18027989E-04 -1.47457060E-03
7.31257379E-01 -7.30000019E-01 -1.27816573E-01 6.89783599E-04 -4.33560684E-02
7.29652584E-01 -7.30000019E-01 -1.27289712E-01 6.89783716E-04 -6.94109872E-02
7.25571394E-01 -7.30000019E-01 -1.25951618E-01 1.72208238E-03 -1.25980437E-01
7.20730245E-01 -7.30000019E-01 -1.24369092E-01 2.75491923E-03 -1.72955722E-01
7.06731498E-01 -7.30000019E-01 -1.19820707E-01 2.71079689E-03 -3.07514936E-01
7.02808022E-01 -7.30000019E-01 -1.18553825E-01 2.87396787E-03 -3.33814651E-01
6.81149006E-01 -7.30000019E-01 -1.11606218E-01 3.58302728E-03 -4.73812014E-01
6.65544331E-01 -7.30000019E-01 -1.06657602E-01 4.15047584E-03 -5.48517227E-01
6.53465033E-01 -7.30000019E-01 -1.02856904E-01 4.71853185E-03 -6.02163792E-01
5.21786451E-01 -7.30000019E-01 -6.30397722E-02 5.82785020E-03 -7.69163966E-01
6.02595985E-01 -7.30000019E-01 -8.71347710E-02 5.42034674E-03 -8.17827880E-01
4.99685645E-01 -7.30000019E-01 -5.66313639E-02 5.31014102E-03 -6.73181474E-01
4.71278578E-01 -7.30000019E-01 -4.85072173E-02 4.85756155E-03 -5.49896300E-01
6.23913944E-01 -7.30000019E-01 -9.36693251E-02 5.36169857E-03 -7.24211633E-01
5.35469949E-01 -7.30000019E-01 -6.70464486E-02 6.10837992E-03 -8.17525983E-01
5.87716341E-01 -7.30000019E-01 -8.26187208E-02 5.86239947E-03 -8.55903149E-01
4.46572512E-01 -7.30000019E-01 -4.15456481E-02 4.30208724E-03 -4.55317885E-01
4.31665838E-01 -7.29999959E-01 -3.73939574E-02 4.25317651E-03 -4.01757717E-01
3.76028508E-01 -7.29999959E-01 -2.22306903E-02 3.36735626E-03 -2.32363984E-01
3.58053774E-01 -7.30000019E-01 -1.74447484E-02 3.80011415E-03 -1.96095139E-01
2.83566356E-01 -7.30000019E-01 1.70782034E-03 3.17852688E-03 -8.99358764E-02
2.80938178E-01 -7.30000019E-01 2.36233370E-03 3.17852851E-03 -8.66332129E-02
-2.40262970E-01 -7.30000019E-01 5.36028296E-02 4.19923943E-03 -5.51700175E-01
-2.44078636E-01 -7.30000019E-01 4.89951409E-02 3.87023506E-03 -1.95874646E-01
-2.42954165E-01 -7.30000019E-01 5.06491363E-02 4.54211654E-03 -3.34845781E-01
-2.38741964E-01 -7.30000019E-01 5.49110398E-02 6.05191290E-03 -5.37599087E-01
-2.37096831E-01 -7.30000019E-01 5.61454408E-02 6.72921585E-03 -5.89568973E-01
-2.41674066E-01 -7.30000019E-01 5.21855690E-02 6.22645579E-03 -4.33185250E-01
-2.44180426E-01 -7.30000019E-01 4.88233157E-02 3.87021364E-03 -1.75268069E-01
-2.44805112E-01 -7.30000019E-01 4.76614796E-02 2.92698457E-03 -7.59937912E-02
-2.44565740E-01 -7.30000019E-01 4.81304787E-02 4.57954034E-03 -9.96213779E-02
-2.42832795E-01 -7.30000019E-01 5.08077592E-02 4.54212027E-03 -3.45038116E-01
-2.41808876E-01 -7.30000019E-01 5.20381033E-02 5.16263256E-03 -4.22394335E-01
-2.42291659E-01 -7.30000019E-01 5.14829084E-02 4.96638427E-03 -4.20721889E-01
-2.45757103E-01 -7.30000019E-01 4.52532358E-02 1.61068584E-03 1.94257200E-01
-2.41538554E-01 -7.30000019E-01 5.23323752E-02 6.22630492E-03 -4.48609859E-01
-2.40408227E-01 -7.30000019E-01 5.34652919E-02 5.60046267E-03 -5.36587298E-01
-2.40983129E-01 -7.30000019E-01 5.29087037E-02 5.76139241E-03 -4.93690819E-01
-2.40115538E-01 -7.30000019E-01 5.37380166E-02 5.15008811E-03 -5.53425908E-01
-2.38897726E-01 -7.30000019E-01 5.47848754E-02 5.93037670E-03 -5.37216723E-01
-2.39465982E-01 -7.30000019E-01 5.43125086E-02 5.93273342E-03 -5.41276455E-01
-2.38582820E-01 -7.30000019E-01 5.50361462E-02 6.05191616E-03 -5.46433568E-01
-2.37265751E-01 -7.30000019E-01 5.60270473E-02 6.72956696E-03 -5.83703279E-01
-2.37939671E-01 -7.30000019E-01 5.55324778E-02 6.88121282E-03 -5.85786343E-01
-2.43075505E-01 -7.30000019E-01 5.04905507E-02 4.54211282E-03 -3.24656069E-01
-2.43975043E-01 -7.30000019E-01 4.91658263E-02 4.23604948E-03 -2.15275258E-01
-2.45180428E-01 -7.30000019E-01 4.68464755E-02 2.83144717E-03 7.47062713E-02
-2.45429903E-01 -7.30000019E-01 4.62105013E-02 2.56917928E-03 1.04651310E-01
-2.33207926E-01 -7.30000019E-01 5.85602596E-02 6.43080845E-03 -6.32950902E-01
-2.35019639E-01 -7.30000019E-01 5.75078838E-02 6.00438891E-03 -6.25672340E-01
-2.34175444E-01 -7.30000019E-01 5.80112264E-02 6.95628673E-03 -6.18607998E-01
-2.36785069E-01 -7.30000019E-01 5.63633479E-02 6.73993072E-03 -6.00290358E-01
-2.35369369E-01 -7.30000019E-01 5.72907627E-02 6.00457191E-03 -6.19017541E-01
-2.25238681E-01 -7.30000019E-01 6.21665232E-02 5.73847443E-03 -5.94194174E-01
-2.22083598E-01 -7.30000019E-01 6.32864237E-02 5.42769209E-03 -5.73619425E-01
-2.32545748E-01 -7.30000019E-01 5.89136295E-02 6.26604445E-03 -6.32609963E-01
-2.29941279E-01 -7.30000019E-01 6.02049641E-02 6.25449605E-03 -6.13451779E-01
-2.29387358E-01 -7.30000019E-01 6.04588687E-02 5.09851705E-03 -6.26449049E-01
-2.26584032E-01 -7.30000019E-01 6.16462268E-02 6.15427038E-03 -6.01015151E-01
-2.09647968E-01 -7.30000019E-01 6.66361749E-02 4.41793539E-03 -4.94280428E-01
-2.10765809E-01 -7.30000019E-01 6.63913712E-02 5.76753821E-03 -5.05914032E-01
-2.15729728E-01 -7.30000019E-01 6.51750714E-02 5.42797707E-03 -5.39575279E-01
-2.20576286E-01 -7.30000019E-01 6.37725815E-02 5.75180072E-03 -5.54484725E-01
-2.16434836E-01 -7.30000019E-01 6.49887845E-02 6.41786866E-03 -5.36141396E-01
-2.08331734E-01 -7.30000019E-01 6.69190064E-02 5.48009248E-03 -4.79781389E-01
-2.01085821E-01 -7.30000019E-01 6.82722777E-02 4.96723643E-03 -4.42626894E-01
-1.99353635E-01 -7.30000019E-01 6.85496181E-02 4.97249467E-03 -4.48601395E-01
-1.95084080E-01 -7.30000019E-01 6.91811815E-02 5.02736634E-03 -4.13040310E-01
 2 1
 1 5
 5 6
 6 4
 2 3
 3 9
 9 10
 10 7
 7 8
 8 11
 11 12
 12 13
 13 14
 14 15
 15 16
 16 17
 17 18
 18 19
 19 23
 23 27
 27 26
 26 20
 20 24
 24 25
 25 21
 21 22
 29 28
 28 30
 30 31
 31 32
 32 33
 33 34
 34 35
 35 47
 47 38
 38 39
 39 37
 37 44
 44 43
 43 36
 36 45
 45 46
 46 42
 42 41
 41 40
 40 48
 48 49
 50 52
 52 53
 53 64
 64 65
 65 54
 54 66
 66 68
 68 67
 67 55
 55 69
 69 71
 71 70
 70 58
 58 57
 57 56
 56 60
 60 62
 62 61
 61 59
 59 72
 72 73
 75 76
 76 77
 63 51
 51 50
 74 75
 78 79
 79 63
 78 74
 80 85
 85 87
 87 86
 86 81
 81 88
 88 90
 90 89
 89 105
 105 108
 108 112
 112 111
 96 97
 97 98
 98 100
 100 102
 102 101
 101 107
 107 106
 106 99
 99 103
 103 104
 104 109
 109 110
 95 96
 92 95
 83 91
 91 92
 83 84
 84 82
 82 94
 94 93
 93 80
 114 115
 115 116
 116 127
 127 128
 128 129
 129 130
 130 131
 131 132
 132 133
 133 134
 134 135
 135 136
 136 137
 137 138
 138 143
 143 140
 140 145
 145 144
 144 139
 139 141
 141 142
 142 146
 146 147
 147 148
 148 149
 149 150
 150 151
 120 121
 121 119
 119 118
 118 117
 117 113
 113 114
 124 125
 125 126
 120 122
 122 123
 123 124
 154 161
 161 163
 163 162
 162 157
 157 165
 165 167
 167 166
 166 152
 152 168
 168 170
 170 169
 169 155
 155 171
 171 173
 173 172
 172 156
 156 181
 181 182
 182 179
 179 180
 180 178
 178 185
 185 186
 186 187
 187 188
 188 183
 183 184
 184 192
 192 193
 193 191
 191 190
 190 189
 189 194
 194 195
 195 196
 196 197
 174 154
 159 176
 176 177
 177 164
 158 160
 160 159
 153 175
 175 174
 158 153
