TITLE     = "Translation of CGNS file naca0012Flow00000405.cgns"
VARIABLES = "x"
"y"
"z"
"Cp"
DATASETAUXDATA Common.DensityVar="4"
DATASETAUXDATA Common.PressureVar="10"
DATASETAUXDATA Common.TemperatureVar="9"
DATASETAUXDATA Common.UVar="5"
DATASETAUXDATA Common.VectorVarsAreVelocity="TRUE"
DATASETAUXDATA Common.VVar="6"
DATASETAUXDATA Common.WVar="7"
ZONE T="COFFE, HM Y=-0.001"
 STRANDID=34, SOLUTIONTIME=405
 Nodes=315, Elements=313, ZONETYPE=FELineSeg
 DATAPACKING=BLOCK
 AUXDATA CGNS.CGNSBase_t="Base"
 AUXDATA CGNS.Zone_t="Zone"
 DT=(DOUBLE DOUBLE DOUBLE DOUBLE )
 -2.365033899E-01 -2.362406248E-01 -2.375772441E-01 -2.377762787E-01 -2.387205848E-01
 -2.389360158E-01 -2.397794460E-01 -2.399452862E-01 -2.406787293E-01 -2.408379913E-01
 -2.414822847E-01 2.836515073E-01 2.971276660E-01 2.596926327E-01 2.502700559E-01
 2.245786338E-01 2.162306559E-01 1.879996667E-01 1.788384477E-01 1.488690013E-01
 1.415954350E-01 8.213511351E-02 1.119812235E-01 1.103665316E-01 9.814167999E-02
 7.744120684E-02 3.986649822E-02 5.395684721E-02 1.245762046E-02 1.831626316E-03
 -2.260585467E-02 -3.173372981E-02 -5.671461441E-02 -6.452303785E-02 -8.833817449E-02
 -9.499206828E-02 -1.158503471E-01 -1.208837821E-01 -1.378025098E-01 -1.413059953E-01
 -1.554187139E-01 -1.588317411E-01 -1.707651504E-01 -1.731785465E-01 -1.829423200E-01
 -1.842482497E-01 -1.922789006E-01 -1.940055663E-01 -2.008016794E-01 -2.020091183E-01
 -2.076145126E-01 -2.085311504E-01 -2.130947741E-01 -2.141149926E-01 -2.179940048E-01
 -2.187562329E-01 -2.219882512E-01 -2.226790125E-01 -2.254376393E-01 -2.259771409E-01
 -2.283439719E-01 -2.288781146E-01 -2.308892482E-01 -2.312667692E-01 -2.329258312E-01
 -2.332614776E-01 -2.346981703E-01 -2.349908250E-01 6.983395544E-01 7.041587714E-01
 6.844682828E-01 6.748397477E-01 6.240301314E-01 6.055370420E-01 6.575985700E-01
 6.434620664E-01 5.842779226E-01 5.670331984E-01 5.411951618E-01 5.307811946E-01
 5.026025415E-01 4.965097293E-01 4.282319026E-01 4.391467203E-01 4.704664988E-01
 4.637800906E-01 4.041344917E-01 3.888485390E-01 3.667028198E-01 3.536290214E-01
 -2.462097525E-01 -2.464214341E-01 -2.464217593E-01 -2.462090535E-01 -2.464219042E-01
 -2.464137911E-01 -2.464230237E-01 -2.462222940E-01 -2.463373843E-01 -2.463471168E-01
 -2.462081755E-01 -2.461894010E-01 -2.457709437E-01 -2.457697616E-01 -2.457684118E-01
 -2.457932734E-01 -2.457401639E-01 -2.460203561E-01 -2.460002229E-01 -2.464371783E-01
 -2.464354382E-01 -2.451337090E-01 -2.454813076E-01 -2.451352996E-01 -2.454521465E-01
 -2.451659198E-01 -2.451319609E-01 -2.450957218E-01 -2.443312116E-01 -2.443293003E-01
 -2.447597938E-01 -2.447228917E-01 -2.443684147E-01 -2.443272473E-01 -2.442853790E-01
 -2.438830489E-01 -2.438389462E-01 -2.434078150E-01 -2.433816015E-01 -2.433802773E-01
 -2.433789685E-01 -2.433633334E-01 -2.422970954E-01 -2.421728678E-01 -2.427827693E-01
 -2.428732844E-01 -2.416117448E-01 7.147771092E-01 7.182311269E-01 7.233519365E-01
 7.301001588E-01 7.250928368E-01 7.282310615E-01 7.303515320E-01 7.343030019E-01
 7.367230742E-01 7.343786496E-01 7.348182526E-01 7.386058150E-01 7.368686251E-01
 7.386058150E-01 7.386058150E-01 -2.462019380E-01 -2.462019380E-01 -2.463196188E-01
 -2.463828599E-01 -2.463997504E-01 3.194917367E-01 3.325473443E-01 -1.968487914E-01
 -2.023112983E-01 -2.028067588E-01 -2.001511303E-01 -2.197293990E-01 -2.202807623E-01
 -2.168547938E-01 -2.162228376E-01 -2.074108551E-01 -2.087921261E-01 -2.122212796E-01
 -2.131232651E-01 -2.228412889E-01 -2.231826071E-01 -2.252794998E-01 -2.256764156E-01
 -2.297110695E-01 -2.293840970E-01 -2.278057299E-01 -2.274456550E-01 -2.311121883E-01
 -2.313533884E-01 -2.326300860E-01 -2.328689798E-01 -6.894020488E-02 -7.525868054E-02
 -1.026700890E-01 -9.693670547E-02 -1.237708265E-01 -1.204655326E-01 -1.386981557E-01
 -1.424716876E-01 -4.434097034E-02 -1.555918376E-01 -1.576245963E-01 -1.687701650E-01
 -1.742546499E-01 -1.697481723E-01 -1.799786066E-01 -1.816968520E-01 -1.894283374E-01
 -1.960638485E-01 4.037239072E-01 4.169732900E-01 3.686911935E-01 3.812596294E-01
 3.483887102E-01 4.417050177E-01 4.512548923E-01 4.756927528E-01 4.819730681E-01
 5.065529931E-01 5.139370622E-01 5.391705892E-01 5.504482803E-01 5.746515575E-01
 5.891108438E-01 6.110549537E-01 7.386058150E-01 7.386058150E-01 7.376793178E-01
 7.364738875E-01 7.363633880E-01 7.348049611E-01 7.343681359E-01 7.343328212E-01
 7.306025687E-01 7.305833314E-01 7.259064228E-01 7.304752464E-01 7.233825306E-01
 7.196037385E-01 7.162191003E-01 7.058054538E-01 7.005257341E-01 6.859456966E-01
 6.788475904E-01 6.598226101E-01 6.485494252E-01 6.276040391E-01 -2.438236078E-01
 -2.447947839E-01 -2.448010226E-01 -2.448070154E-01 -2.455685307E-01 -2.446836989E-01
 -2.449102881E-01 -2.443224292E-01 -2.443657048E-01 -2.439520575E-01 -2.452060538E-01
 -2.455750113E-01 -2.454816495E-01 -2.456069724E-01 -2.452398489E-01 -2.458390955E-01
 -2.458924497E-01 -2.460435028E-01 -2.462019380E-01 -2.462019380E-01 2.431195687E-01
 2.350789082E-01 2.684038633E-01 2.775400145E-01 3.357133462E-01 3.137181896E-01
 3.012780871E-01 -2.340526858E-01 -2.342178273E-01 -2.352463619E-01 -2.354527566E-01
 -2.363490157E-01 -2.365291640E-01 -2.373454343E-01 -2.375156387E-01 -2.382517106E-01
 -2.383814240E-01 -2.390543181E-01 -2.391906796E-01 -2.398316360E-01 -2.399448179E-01
 -2.405845674E-01 -2.406632363E-01 -2.411813664E-01 -2.419933178E-01 -2.420513383E-01
 -2.415079891E-01 -2.424899116E-01 -2.413220155E-01 -2.432407687E-01 -2.413314996E-01
 -2.413410458E-01 -2.432920877E-01 -2.428076175E-01 -2.436757571E-01 -2.426409779E-01
 -2.426495755E-01 -2.426581474E-01 -2.438086810E-01 -2.438162081E-01 2.070247801E-01
 6.152387341E-02 3.447590554E-02 1.682304225E-01 1.985476431E-01 7.542689356E-02
 9.860642678E-02 1.228242803E-01 1.036363846E-01 1.313114377E-01 1.626692728E-01
 2.314237343E-02 -1.682834925E-03 1.323049860E-01 -3.551644193E-02 -1.024378910E-02
 -1.000000000E-03 -1.000000000E-03 -1.000000000E-03 -1.000000000E-03 -1.000000000E-03
 -1.000000000E-03 -1.000000000E-03 -1.000000000E-03 -1.000000000E-03 -1.000000000E-03
 -1.000000000E-03 -1.000000000E-03 -1.000000000E-03 -1.000000000E-03 -1.000000000E-03
 -1.000000000E-03 -1.000000000E-03 -1.000000000E-03 -1.000000000E-03 -1.000000000E-03
 -1.000000000E-03 -1.000000000E-03 -1.000000000E-03 -1.000000000E-03 -1.000000000E-03
 -1.000000000E-03 -1.000000000E-03 -1.000000000E-03 -1.000000000E-03 -1.000000000E-03
 -1.000000000E-03 -1.000000000E-03 -1.000000000E-03 -1.000000000E-03 -1.000000000E-03
 -1.000000000E-03 -1.000000000E-03 -1.000000000E-03 -1.000000000E-03 -1.000000000E-03
 -1.000000000E-03 -1.000000000E-03 -1.000000000E-03 -1.000000000E-03 -1.000000000E-03
 -1.000000000E-03 -1.000000000E-03 -1.000000000E-03 -1.000000000E-03 -1.000000000E-03
 -1.000000000E-03 -1.000000000E-03 -1.000000000E-03 -1.000000000E-03 -1.000000000E-03
 -1.000000000E-03 -1.000000000E-03 -1.000000000E-03 -1.000000000E-03 -1.000000000E-03
 -1.000000000E-03 -1.000000000E-03 -1.000000000E-03 -1.000000000E-03 -1.000000000E-03
 -1.000000000E-03 -1.000000000E-03 -1.000000000E-03 -1.000000000E-03 -1.000000000E-03
 -1.000000000E-03 -1.000000000E-03 -1.000000000E-03 -1.000000000E-03 -1.000000000E-03
 -1.000000000E-03 -1.000000000E-03 -1.000000000E-03 -1.000000000E-03 -1.000000000E-03
 -1.000000000E-03 -1.000000000E-03 -1.000000000E-03 -1.000000000E-03 -1.000000000E-03
 -1.000000000E-03 -1.000000000E-03 -1.000000000E-03 -1.000000000E-03 -1.000000000E-03
 -1.000000000E-03 -1.000000000E-03 -1.000000000E-03 -1.000000000E-03 -1.000000000E-03
 -1.000000000E-03 -1.000000000E-03 -1.000000000E-03 -1.000000000E-03 -1.000000000E-03
 -1.000000000E-03 -1.000000000E-03 -1.000000000E-03 -1.000000000E-03 -1.000000000E-03
 -1.000000000E-03 -1.000000000E-03 -1.000000000E-03 -1.000000000E-03 -1.000000000E-03
 -1.000000000E-03 -1.000000000E-03 -1.000000000E-03 -1.000000000E-03 -1.000000000E-03
 -1.000000000E-03 -1.000000000E-03 -1.000000000E-03 -1.000000000E-03 -1.000000000E-03
 -1.000000000E-03 -1.000000000E-03 -1.000000000E-03 -1.000000000E-03 -1.000000000E-03
 -1.000000000E-03 -1.000000000E-03 -1.000000000E-03 -1.000000000E-03 -1.000000000E-03
 -1.000000000E-03 -1.000000000E-03 -1.000000000E-03 -1.000000000E-03 -1.000000000E-03
 -1.000000000E-03 -1.000000000E-03 -1.000000000E-03 -1.000000000E-03 -1.000000000E-03
 -1.000000000E-03 -1.000000000E-03 -1.000000000E-03 -1.000000000E-03 -1.000000000E-03
 -1.000000000E-03 -1.000000000E-03 -1.000000000E-03 -1.000000000E-03 -1.000000000E-03
 -1.000000000E-03 -1.000000000E-03 -1.000000000E-03 -1.000000000E-03 -1.000000000E-03
 -1.000000000E-03 -1.000000000E-03 -1.000000000E-03 -1.000000000E-03 -1.000000000E-03
 -1.000000000E-03 -1.000000000E-03 -1.000000000E-03 -1.000000000E-03 -1.000000000E-03
 -1.000000000E-03 -1.000000000E-03 -1.000000000E-03 -1.000000000E-03 -1.000000000E-03
 -1.000000000E-03 -1.000000000E-03 -1.000000000E-03 -1.000000000E-03 -1.000000000E-03
 -1.000000000E-03 -1.000000000E-03 -1.000000000E-03 -1.000000000E-03 -1.000000000E-03
 -1.000000000E-03 -1.000000000E-03 -1.000000000E-03 -1.000000000E-03 -1.000000000E-03
 -1.000000000E-03 -1.000000000E-03 -1.000000000E-03 -1.000000000E-03 -1.000000000E-03
 -1.000000000E-03 -1.000000000E-03 -1.000000000E-03 -1.000000000E-03 -1.000000000E-03
 -1.000000000E-03 -1.000000000E-03 -1.000000000E-03 -1.000000000E-03 -1.000000000E-03
 -1.000000000E-03 -1.000000000E-03 -1.000000000E-03 -1.000000000E-03 -1.000000000E-03
 -1.000000000E-03 -1.000000000E-03 -1.000000000E-03 -1.000000000E-03 -1.000000000E-03
 -1.000000000E-03 -1.000000000E-03 -1.000000000E-03 -1.000000000E-03 -1.000000000E-03
 -1.000000000E-03 -1.000000000E-03 -1.000000000E-03 -1.000000000E-03 -1.000000000E-03
 -1.000000000E-03 -1.000000000E-03 -1.000000000E-03 -1.000000000E-03 -1.000000000E-03
 -1.000000000E-03 -1.000000000E-03 -1.000000000E-03 -1.000000000E-03 -1.000000000E-03
 -1.000000000E-03 -1.000000000E-03 -1.000000000E-03 -1.000000000E-03 -1.000000000E-03
 -1.000000000E-03 -1.000000000E-03 -1.000000000E-03 -1.000000000E-03 -1.000000000E-03
 -1.000000000E-03 -1.000000000E-03 -1.000000000E-03 -1.000000000E-03 -1.000000000E-03
 -1.000000000E-03 -1.000000000E-03 -1.000000000E-03 -1.000000000E-03 -1.000000000E-03
 -1.000000000E-03 -1.000000000E-03 -1.000000000E-03 -1.000000000E-03 -1.000000000E-03
 -1.000000000E-03 -1.000000000E-03 -1.000000000E-03 -1.000000000E-03 -1.000000000E-03
 -1.000000000E-03 -1.000000000E-03 -1.000000000E-03 -1.000000000E-03 -1.000000000E-03
 -1.000000000E-03 -1.000000000E-03 -1.000000000E-03 -1.000000000E-03 -1.000000000E-03
 -1.000000000E-03 -1.000000000E-03 -1.000000000E-03 -1.000000000E-03 -1.000000000E-03
 -1.000000000E-03 -1.000000000E-03 -1.000000000E-03 -1.000000000E-03 -1.000000000E-03
 -1.000000000E-03 -1.000000000E-03 -1.000000000E-03 -1.000000000E-03 -1.000000000E-03
 -1.000000000E-03 -1.000000000E-03 -1.000000000E-03 -1.000000000E-03 -1.000000000E-03
 -1.000000000E-03 -1.000000000E-03 -1.000000000E-03 -1.000000000E-03 -1.000000000E-03
 -1.000000000E-03 -1.000000000E-03 -1.000000000E-03 -1.000000000E-03 -1.000000000E-03
 -1.000000000E-03 -1.000000000E-03 -1.000000000E-03 -1.000000000E-03 -1.000000000E-03
 -1.000000000E-03 -1.000000000E-03 -1.000000000E-03 -1.000000000E-03 -1.000000000E-03
 -1.000000000E-03 -1.000000000E-03 -1.000000000E-03 -1.000000000E-03 -1.000000000E-03
 2.191066979E-02 2.165154048E-02 2.299773648E-02 2.320646858E-02 2.422580320E-02
 2.446698943E-02 2.544105599E-02 2.564005420E-02 2.654686412E-02 2.675147820E-02
 2.760516298E-02 -1.004219565E-01 -1.017684273E-01 -9.793076561E-02 -9.692084211E-02
 -9.405972546E-02 -9.310003896E-02 -8.971789763E-02 -8.857740677E-02 -8.468283759E-02
 -8.369574777E-02 -7.498797244E-02 -7.951618430E-02 -7.927999111E-02 -7.741946874E-02
 -7.421843432E-02 -6.793157435E-02 -7.037782437E-02 -6.294633647E-02 -6.090152114E-02
 -5.595305313E-02 -5.400784364E-02 -4.838670041E-02 -4.652545828E-02 -4.055430820E-02
 -3.877146560E-02 -3.293597286E-02 -3.142868023E-02 -2.618464585E-02 -2.503109680E-02
 -2.021440725E-02 -1.898388213E-02 -1.452275341E-02 -1.356827298E-02 -9.586634119E-03
 -9.027793383E-03 -5.483747238E-03 -4.684588241E-03 -1.441974593E-03 -8.367197632E-04
 2.049459341E-03 2.542865906E-03 5.067665217E-03 5.656260330E-03 7.962440888E-03
 8.435074915E-03 1.049424627E-02 1.095281328E-02 1.283647561E-02 1.321956648E-02
 1.494978941E-02 1.535614690E-02 1.692876098E-02 1.723603655E-02 1.862165807E-02
 1.891261831E-02 2.019356788E-02 2.046400499E-02 -1.288676222E-01 -1.290799241E-01
 -1.283270128E-01 -1.279446165E-01 -1.256413921E-01 -1.247147292E-01 -1.272013999E-01
 -1.265743598E-01 -1.235761774E-01 -1.226077285E-01 -1.210738215E-01 -1.204293447E-01
 -1.186091766E-01 -1.182001531E-01 -1.132599532E-01 -1.140949071E-01 -1.163958667E-01
 -1.159166299E-01 -1.113554786E-01 -1.100976677E-01 -1.082211318E-01 -1.070714797E-01
 3.793721500E-02 3.991785915E-02 3.992269423E-02 3.793263253E-02 3.992741686E-02
 3.981959745E-02 4.000420484E-02 3.802844441E-02 3.885657471E-02 3.894746663E-02
 3.792795861E-02 3.783303666E-02 3.598402044E-02 3.597960386E-02 3.597511124E-02
 3.607206021E-02 3.588390518E-02 3.697287455E-02 3.688353776E-02 4.086190794E-02
 4.097399688E-02 3.408115482E-02 3.504493190E-02 3.408539558E-02 3.495799895E-02
 3.416999988E-02 3.407684867E-02 3.398946447E-02 3.225149076E-02 3.224748130E-02
 3.317725786E-02 3.309321630E-02 3.233163411E-02 3.224342432E-02 3.216202594E-02
 3.137820876E-02 3.129615016E-02 3.052954531E-02 3.048283942E-02 3.048052816E-02
 3.047835306E-02 3.045270608E-02 2.876304241E-02 2.857958297E-02 2.950290391E-02
 2.964653121E-02 2.778330890E-02 -1.294591878E-01 -1.295781039E-01 -1.297532315E-01
 -1.299721293E-01 -1.298114126E-01 -1.299124260E-01 -1.299802534E-01 -1.301043523E-01
 -1.301789437E-01 -1.301067585E-01 -1.301203499E-01 -1.302361330E-01 -1.301833898E-01
 -1.302361330E-01 -1.302361330E-01 4.341204442E-02 4.341204442E-02 4.262143568E-02
 4.199763320E-02 4.178169387E-02 -1.039401847E-01 -1.051593493E-01 6.893208711E-02
 6.806444127E-02 6.797755787E-02 6.840573539E-02 6.403734098E-02 6.386618789E-02
 6.487119741E-02 6.504476312E-02 6.710760167E-02 6.681975589E-02 6.605501443E-02
 6.583760386E-02 6.303142867E-02 6.291305859E-02 6.215498332E-02 6.200333196E-02
 6.031060937E-02 6.046017217E-02 6.114773930E-02 6.129856309E-02 5.964655395E-02
 5.952711121E-02 5.887171618E-02 5.874358720E-02 6.830393355E-02 6.885959527E-02
 7.086559872E-02 7.052985141E-02 7.183842897E-02 7.173447570E-02 7.214792210E-02
 7.216128512E-02 6.574302178E-02 7.205058384E-02 7.199564512E-02 7.157175836E-02
 7.120722952E-02 7.151813994E-02 7.082190358E-02 7.065831260E-02 6.989370740E-02
 6.904114934E-02 -2.971804020E-02 -3.334166412E-02 -2.027177626E-02 -2.363351112E-02
 -1.490208801E-02 -4.019069621E-02 -4.286165954E-02 -4.976333226E-02 -5.155237847E-02
 -5.861791883E-02 -6.075751285E-02 -6.813872129E-02 -7.147048954E-02 -7.868614253E-02
 -8.304771954E-02 -8.972158865E-02 -1.302361330E-01 -1.302361330E-01 -1.299307887E-01
 -1.295327949E-01 -1.294963529E-01 -1.289829273E-01 -1.288390518E-01 -1.288274558E-01
 -1.276008061E-01 -1.275945002E-01 -1.260606610E-01 -1.275590144E-01 -1.252362644E-01
 -1.240062507E-01 -1.229046744E-01 -1.195290986E-01 -1.178227158E-01 -1.131482833E-01
 -1.108794802E-01 -1.048690271E-01 -1.013232027E-01 -9.482267773E-02 4.940820943E-02
 4.768989465E-02 4.767765413E-02 4.766477091E-02 4.583989298E-02 4.790015541E-02
 4.743644852E-02 4.858103533E-02 4.850452959E-02 4.919470295E-02 4.678524461E-02
 4.582108077E-02 4.606759044E-02 4.571833030E-02 4.670428922E-02 4.498059284E-02
 4.478855050E-02 4.418920849E-02 4.341204442E-02 4.341204442E-02 1.159741100E-02
 1.351922343E-02 5.459191940E-03 3.201193052E-03 -1.158500898E-02 -5.916184453E-03
 -2.746546535E-03 5.808492011E-02 5.798897988E-02 5.737068965E-02 5.724146514E-02
 5.666046065E-02 5.653910795E-02 5.597063383E-02 5.584737612E-02 5.529754498E-02
 5.519695076E-02 5.465851738E-02 5.454537364E-02 5.399455442E-02 5.389366062E-02
 5.330107556E-02 5.322533060E-02 5.270499528E-02 5.183151730E-02 5.176521112E-02
 5.236146472E-02 5.123862542E-02 5.256416322E-02 5.026547553E-02 5.255445511E-02
 5.254416788E-02 5.019396130E-02 5.083796850E-02 4.962731996E-02 5.105774297E-02
 5.104719796E-02 5.103604031E-02 4.943164544E-02 4.942024502E-02 2.008213512E-02
 5.005532774E-02 5.468519237E-02 2.879776303E-02 2.202425984E-02 4.755802298E-02
 4.316584421E-02 3.835691451E-02 4.221611467E-02 3.665178232E-02 3.000742668E-02
 5.650874019E-02 6.025005619E-02 3.644624231E-02 6.471674293E-02 6.145483661E-02
 1.013473029E+00 1.012199846E+00 1.012588679E+00 1.011757891E+00 1.005493548E+00
 1.001865755E+00 9.811611661E-01 9.787723710E-01 9.664282847E-01 9.614497722E-01
 9.354304795E-01 3.606498307E-01 3.593625579E-01 3.625217819E-01 3.637673774E-01
 3.679115269E-01 3.689719869E-01 3.740028289E-01 3.758026977E-01 3.826118088E-01
 3.846057027E-01 4.021362264E-01 3.919646662E-01 3.923981276E-01 3.966903764E-01
 4.044440666E-01 4.213543901E-01 4.153678093E-01 4.325331546E-01 4.387817849E-01
 4.575193910E-01 4.646831634E-01 4.836462706E-01 4.897136520E-01 5.135447057E-01
 5.238518352E-01 5.547978137E-01 5.623181183E-01 5.906826660E-01 5.977011918E-01
 6.296063507E-01 6.380869952E-01 6.699651896E-01 6.776794761E-01 7.099176995E-01
 7.142862888E-01 7.436930654E-01 7.517570829E-01 7.851102437E-01 7.917793575E-01
 8.215864339E-01 8.265879065E-01 8.529640496E-01 8.600081457E-01 8.854185929E-01
 8.903821478E-01 9.169796703E-01 9.223195717E-01 9.387995821E-01 9.432079229E-01
 9.652841657E-01 9.698217111E-01 9.826597317E-01 9.847000030E-01 1.001630730E+00
 1.003812454E+00 1.009269927E+00 1.010205908E+00 4.196684980E-01 4.235507513E-01
 4.125629711E-01 4.082062677E-01 3.891846525E-01 3.839608113E-01 4.017931783E-01
 3.964850074E-01 3.801274336E-01 3.767556299E-01 3.711080644E-01 3.690113032E-01
 3.651460631E-01 3.646682823E-01 3.586028934E-01 3.591696821E-01 3.625995139E-01
 3.618941997E-01 3.579543297E-01 3.574022135E-01 3.574356087E-01 3.575806809E-01
 1.782691544E-01 -6.896092495E-02 -6.956312670E-02 1.788197516E-01 -7.047782369E-02
 -5.713292349E-02 -8.034588523E-02 1.663785616E-01 6.093176421E-02 4.880073510E-02
 1.794737212E-01 1.903930002E-01 4.008247385E-01 4.013379206E-01 4.017743640E-01
 3.909872734E-01 4.108089630E-01 2.918858579E-01 3.015559965E-01 -1.950382042E-01
 -2.110989043E-01 5.795346175E-01 4.956174862E-01 5.791128982E-01 5.034093906E-01
 5.716692263E-01 5.799873350E-01 5.868090376E-01 7.168912488E-01 7.172549567E-01
 6.531317219E-01 6.591505644E-01 7.113017878E-01 7.175657847E-01 7.225905162E-01
 7.735078123E-01 7.771289431E-01 8.195956783E-01 8.221875713E-01 8.223565119E-01
 8.224554527E-01 8.235402264E-01 8.958967480E-01 9.037591546E-01 8.647575706E-01
 8.590118317E-01 9.307594493E-01 4.305031043E-01 4.329338557E-01 4.365619380E-01
 4.377198692E-01 4.376293874E-01 4.377059093E-01 4.380265759E-01 4.402865747E-01
 4.422823075E-01 4.402081272E-01 4.406408659E-01 4.302645819E-01 4.428586857E-01
 4.302645819E-01 4.302645819E-01 -5.683896320E-01 -5.683896320E-01 -4.446143534E-01
 -3.609238787E-01 -3.304868820E-01 3.576098113E-01 3.575946455E-01 -1.006370926E+00
 -1.070648544E+00 -1.076393301E+00 -1.044366023E+00 -1.257827835E+00 -1.263190812E+00
 -1.226500803E+00 -1.218195471E+00 -1.118269808E+00 -1.125374939E+00 -1.163129059E+00
 -1.175714588E+00 -1.306132168E+00 -1.312742692E+00 -1.338745086E+00 -1.342149880E+00
 -1.408534490E+00 -1.405927862E+00 -1.387027429E+00 -1.378999025E+00 -1.432443175E+00
 -1.437727077E+00 -1.458124225E+00 -1.461990688E+00 -5.146221240E-01 -5.290008324E-01
 -5.946375822E-01 -5.795192620E-01 -6.575326991E-01 -6.479520641E-01 -7.037854802E-01
 -7.184830813E-01 -4.544485609E-01 -7.766552229E-01 -7.864096154E-01 -8.406406202E-01
 -8.661352791E-01 -8.453212138E-01 -8.919378855E-01 -9.045828679E-01 -9.621611525E-01
 -9.996217572E-01 1.723188348E-01 1.857854274E-01 1.388505140E-01 1.502695056E-01
 1.202784900E-01 2.096069593E-01 2.182240218E-01 2.377716094E-01 2.426560294E-01
 2.626785334E-01 2.688033436E-01 2.890622095E-01 2.969726410E-01 3.128681165E-01
 3.223522470E-01 3.373417044E-01 4.302645819E-01 4.302645819E-01 4.262752483E-01
 4.368174436E-01 4.374901112E-01 4.376638066E-01 4.376217467E-01 4.376079332E-01
 4.276484969E-01 4.276193452E-01 4.227324523E-01 4.275054146E-01 4.191166309E-01
 4.141003328E-01 4.097802362E-01 4.031375786E-01 3.995642553E-01 3.884586398E-01
 3.832530156E-01 3.702078423E-01 3.626178322E-01 3.489357966E-01 -1.310140580E+00
 -1.143062881E+00 -1.141056672E+00 -1.139893852E+00 -8.967233069E-01 -1.163982790E+00
 -1.116224732E+00 -1.232109099E+00 -1.225447655E+00 -1.290107202E+00 -1.046959035E+00
 -8.943458130E-01 -9.339982869E-01 -8.829575469E-01 -1.037498809E+00 -8.017022527E-01
 -7.745025911E-01 -6.718484933E-01 -5.683896320E-01 -5.683896320E-01 5.446549104E-03
 -4.017030123E-03 3.434837688E-02 4.491731662E-02 1.080163605E-01 8.537333496E-02
 7.203250194E-02 -1.494443948E+00 -1.497094250E+00 -1.503596803E+00 -1.505084125E+00
 -1.517328990E+00 -1.517772945E+00 -1.526063499E+00 -1.528183922E+00 -1.541442502E+00
 -1.541383540E+00 -1.524250768E+00 -1.525609347E+00 -1.517410395E+00 -1.515805665E+00
 -1.517900302E+00 -1.514808359E+00 -1.494029410E+00 -1.453705168E+00 -1.450360526E+00
 -1.478566472E+00 -1.421626330E+00 -1.488805527E+00 -1.371850266E+00 -1.487867441E+00
 -1.487738593E+00 -1.366958958E+00 -1.400933746E+00 -1.326150124E+00 -1.412497442E+00
 -1.411695653E+00 -1.410718690E+00 -1.312043776E+00 -1.310854222E+00 -3.764960535E-02
 -2.570651578E-01 -3.024932977E-01 -9.149660175E-02 -4.852649448E-02 -2.334133583E-01
 -1.915933605E-01 -1.546987504E-01 -1.825541897E-01 -1.423867403E-01 -1.000408263E-01
 -3.234794424E-01 -3.709467592E-01 -1.411696216E-01 -4.341758362E-01 -3.862713411E-01
 182 183
 183 267
 267 268
 268 269
 269 270
 270 271
 271 272
 272 273
 273 274
 274 275
 275 276
 276 277
 277 278
 278 279
 279 280
 280 281
 281 282
 282 283
 283 288
 288 290
 290 291
 291 286
 286 284
 284 285
 285 287
 287 295
 295 296
 296 297
 297 293
 293 289
 289 292
 292 294
 294 298
 298 299
 299 240
 240 249
 249 247
 247 248
 248 245
 245 241
 241 242
 242 243
 243 246
 246 250
 250 254
 254 252
 252 244
 244 251
 251 253
 253 255
 255 256
 256 257
 257 258
 258 259
 208 209
 209 210
 210 211
 211 212
 212 213
 213 214
 214 215
 215 216
 216 217
 217 239
 239 238
 238 237
 237 236
 236 235
 235 234
 234 233
 233 232
 232 231
 231 230
 230 228
 228 229
 229 227
 227 226
 226 225
 225 224
 224 223
 223 222
 222 221
 221 220
 220 219
 219 218
 206 264
 264 265
 265 266
 266 263
 263 262
 262 260
 260 261
 261 300
 300 304
 304 303
 303 310
 310 313
 313 309
 309 307
 307 308
 308 306
 306 305
 305 301
 301 302
 302 311
 311 312
 312 315
 315 314
 314 192
 192 184
 184 185
 185 187
 187 186
 186 189
 189 188
 188 190
 190 191
 191 193
 193 194
 194 195
 195 197
 197 196
 196 198
 198 199
 199 200
 200 201
 201 160
 160 163
 163 161
 161 162
 162 168
 168 169
 169 170
 170 171
 171 167
 167 166
 166 164
 164 165
 165 172
 172 173
 173 174
 174 175
 175 179
 179 178
 178 177
 177 176
 176 180
 180 181
 181 182
 205 202
 202 203
 203 207
 207 208
 204 206
 205 204
 10 9
 9 8
 8 7
 7 6
 6 5
 5 4
 4 3
 3 1
 1 2
 2 68
 68 67
 67 66
 66 65
 65 64
 64 63
 63 62
 62 61
 61 60
 60 59
 59 58
 58 57
 57 56
 56 55
 55 54
 54 53
 53 52
 52 51
 51 50
 50 49
 49 48
 48 47
 47 46
 46 45
 45 44
 44 43
 43 42
 42 41
 41 40
 40 39
 39 38
 38 37
 37 36
 36 35
 35 34
 34 33
 33 32
 32 31
 31 30
 30 29
 29 27
 27 28
 28 26
 26 22
 22 25
 25 24
 24 23
 23 21
 21 20
 20 19
 19 18
 18 17
 17 16
 16 15
 15 14
 14 12
 12 13
 13 158
 158 159
 159 90
 90 89
 89 88
 88 87
 87 83
 83 84
 84 86
 86 85
 85 82
 82 81
 81 80
 80 79
 79 78
 78 77
 77 74
 74 73
 73 76
 76 75
 75 72
 72 71
 71 69
 69 70
 70 138
 138 139
 139 140
 140 142
 142 143
 143 141
 141 144
 144 145
 145 147
 147 148
 148 146
 146 150
 150 151
 151 149
 149 152
 106 109
 109 108
 108 102
 102 101
 101 94
 94 91
 91 98
 98 99
 99 100
 100 96
 96 92
 92 93
 93 95
 95 97
 97 110
 110 111
 111 157
 157 156
 156 155
 155 154
 154 153
 131 130
 130 129
 129 128
 128 127
 127 126
 126 125
 125 124
 124 120
 120 119
 119 123
 123 122
 122 121
 121 118
 118 117
 117 112
 112 114
 114 116
 116 115
 115 113
 113 107
 107 105
 105 104
 104 103
 103 106
 132 136
 136 135
 135 133
 133 134
 134 137
 137 11
 11 10
 131 132
ZONE T="COFFE, HM Y=-0.035"
 STRANDID=35, SOLUTIONTIME=405
 Nodes=298, Elements=296, ZONETYPE=FELineSeg
 DATAPACKING=BLOCK
 AUXDATA CGNS.CGNSBase_t="Base"
 AUXDATA CGNS.Zone_t="Zone"
 DT=(DOUBLE DOUBLE DOUBLE DOUBLE )
 -2.276399770E-01 -2.249231355E-01 -2.280055277E-01 -2.304602517E-01 -2.306674503E-01
 -2.327578924E-01 -2.328446697E-01 -2.345821490E-01 -2.346820687E-01 -2.360706791E-01
 -2.361220745E-01 -2.371996598E-01 -2.372962260E-01 -2.385746155E-01 -2.381173498E-01
 -2.388782878E-01 -2.397305483E-01 -2.398067757E-01 -1.394592723E-02 -2.242354850E-01
 -2.459925571E-01 -2.457732067E-01 -2.457544889E-01 -2.455062199E-01 -2.451306538E-01
 -2.454442768E-01 -2.451152421E-01 -2.447857837E-01 -2.447069056E-01 -2.443293833E-01
 -2.442980072E-01 -2.439177396E-01 -2.438199179E-01 -2.434388632E-01 -2.432978215E-01
 -2.426938390E-01 -2.430874392E-01 -2.426749412E-01 -2.421581457E-01 -2.421468262E-01
 -2.415052891E-01 -2.414482437E-01 -2.407114985E-01 -2.406607314E-01 7.201390528E-01
 6.659265400E-01 6.314381421E-01 6.345984547E-01 6.400356705E-01 6.018438659E-01
 5.909774009E-01 5.694598983E-01 5.479665339E-01 5.360015911E-01 5.082803121E-01
 5.002589725E-01 4.671578533E-01 4.625671271E-01 4.328007129E-01 4.239837335E-01
 3.694545713E-01 3.981861126E-01 3.676036410E-01 3.655636824E-01 -2.463455644E-01
 -2.463270240E-01 -2.462045704E-01 -2.460362710E-01 -2.461932147E-01 -2.463581311E-01
 -2.464378915E-01 -2.464217886E-01 -2.464171299E-01 -2.464368378E-01 -2.462019380E-01
 -2.463018851E-01 -2.463463022E-01 -2.463801133E-01 -2.464091471E-01 6.800130497E-01
 6.935736189E-01 7.067007455E-01 7.079759138E-01 7.100194137E-01 -6.327772618E-02
 -8.918323905E-02 -8.993517557E-02 -3.904725692E-02 -6.263277009E-02 -2.192613128E-02
 -9.616997464E-02 -1.131873496E-01 -1.157581777E-01 -1.578894764E-01 -1.370010998E-01
 -1.385635449E-01 -1.526923844E-01 -1.580985972E-01 -1.583854788E-01 -1.734461631E-01
 -1.914546533E-01 -1.989193256E-01 -1.756333659E-01 -1.836203528E-01 -1.902104022E-01
 -1.992345159E-01 -2.059873237E-01 -2.070225349E-01 -2.125743532E-01 -2.082215945E-01
 -2.125436132E-01 -2.126911597E-01 -2.184135739E-01 -2.164362719E-01 -2.204019871E-01
 -2.212051133E-01 3.382055521E-01 3.057397069E-01 2.286465518E-01 2.249225534E-01
 3.044527938E-01 5.234693647E-02 2.839448847E-02 8.965137118E-02 6.803287886E-02
 1.101773782E-01 1.745826266E-02 1.330815109E-01 1.494441068E-01 2.963416107E-01
 2.642113625E-01 2.579342404E-01 1.636103200E-01 1.815767715E-01 1.745229414E-01
 3.035759078E-01 2.028549958E-01 -1.007836782E-02 7.386058150E-01 7.376314890E-01
 7.370446845E-01 7.374712109E-01 7.360872355E-01 7.341913557E-01 7.355575802E-01
 7.262809489E-01 7.308033615E-01 7.305034798E-01 7.299551207E-01 7.233617835E-01
 -2.374114334E-01 -2.382680775E-01 -2.373605775E-01 -2.363948353E-01 -2.363127247E-01
 -2.352504306E-01 -2.340423887E-01 -2.352181596E-01 -2.272691589E-01 -2.274483733E-01
 -2.249620157E-01 -2.253744124E-01 -2.223231553E-01 -2.225884246E-01 -2.189386199E-01
 -2.194188785E-01 -2.149070532E-01 -2.160423991E-01 -2.077073012E-01 -2.104436704E-01
 -2.111093218E-01 -2.065205785E-01 -2.020123198E-01 -2.292324349E-01 -2.292945086E-01
 -2.309446313E-01 -2.310404143E-01 -3.963789068E-02 -3.884792062E-02 -6.838679634E-02
 -6.879281250E-02 -9.444586333E-02 -9.786258642E-02 -1.236617930E-01 -1.172463707E-01
 -1.398076875E-01 -1.468556616E-01 -1.535732840E-01 3.542664466E-01 3.805148183E-01
 3.853145203E-01 -2.438476269E-01 -2.443292652E-01 -2.438147326E-01 -2.443407577E-01
 -2.445562653E-01 -2.451960208E-01 -2.447872872E-01 -2.448023158E-01 -2.449598036E-01
 -2.452094498E-01 -2.455439326E-01 -2.455548047E-01 -2.457927881E-01 -2.459103638E-01
 -2.460020761E-01 -2.460568042E-01 -2.462019380E-01 -1.910916587E-01 -2.010889547E-01
 -1.954623309E-01 -1.883793743E-01 -1.865869116E-01 -1.983228207E-01 -1.961763449E-01
 -1.850438629E-01 -1.762842742E-01 -1.601716689E-01 -1.660365243E-01 -1.742203910E-01
 -2.325847099E-01 -2.326191327E-01 -2.339959081E-01 7.044795609E-01 7.082754182E-01
 7.134358886E-01 6.950151793E-01 7.238904011E-01 7.198336355E-01 6.832543678E-01
 6.678806016E-01 7.325741886E-01 7.344324599E-01 7.356401699E-01 7.275814037E-01
 7.307584730E-01 7.317942908E-01 7.365347142E-01 7.374730658E-01 7.375862062E-01
 7.376805414E-01 1.405459827E-01 1.948211540E-01 2.014933413E-01 2.333225501E-01
 1.844477385E-01 1.538209861E-01 1.682639416E-01 1.238373691E-01 3.211564913E-01
 3.203328518E-01 2.756293110E-01 2.346116208E-01 2.706615369E-01 3.232957509E-01
 6.382129818E-01 4.098353819E-01 3.893673091E-01 6.375591544E-01 6.379734723E-01
 4.407037464E-01 4.726954095E-01 4.354191211E-01 4.380203370E-01 4.763112464E-01
 6.080703553E-01 5.963789089E-01 5.763761187E-01 5.445610611E-01 5.563316922E-01
 5.175308807E-01 5.098748176E-01 4.769663176E-01 7.386058150E-01 -2.383274728E-01
 -2.390372474E-01 -2.391755915E-01 -2.399060716E-01 -2.399311830E-01 -2.406285089E-01
 -2.406678672E-01 -2.413282849E-01 -2.413664011E-01 -2.420069744E-01 -2.426342389E-01
 -2.420189908E-01 -2.426763324E-01 -2.432893386E-01 -2.432552558E-01 1.072482563E-01
 8.391894352E-02 4.656246076E-02 7.140017200E-02 2.369192902E-03 -1.405431440E-02
 1.006407351E-02 3.948842422E-02 1.285846141E-02
 -3.500000000E-02 -3.500000000E-02 -3.500000000E-02 -3.500000000E-02 -3.500000000E-02
 -3.500000000E-02 -3.500000000E-02 -3.500000000E-02 -3.500000000E-02 -3.500000000E-02
 -3.500000000E-02 -3.500000000E-02 -3.500000000E-02 -3.500000000E-02 -3.500000000E-02
 -3.500000000E-02 -3.500000000E-02 -3.500000000E-02 -3.500000000E-02 -3.500000000E-02
 -3.500000000E-02 -3.500000000E-02 -3.500000000E-02 -3.500000000E-02 -3.500000000E-02
 -3.500000000E-02 -3.500000000E-02 -3.500000000E-02 -3.500000000E-02 -3.500000000E-02
 -3.500000000E-02 -3.500000000E-02 -3.500000000E-02 -3.500000000E-02 -3.500000000E-02
 -3.500000000E-02 -3.500000000E-02 -3.500000000E-02 -3.500000000E-02 -3.500000000E-02
 -3.500000000E-02 -3.500000000E-02 -3.500000000E-02 -3.500000000E-02 -3.500000000E-02
 -3.500000000E-02 -3.500000000E-02 -3.500000000E-02 -3.500000000E-02 -3.500000000E-02
 -3.500000000E-02 -3.500000000E-02 -3.500000000E-02 -3.500000000E-02 -3.500000000E-02
 -3.500000000E-02 -3.500000000E-02 -3.500000000E-02 -3.500000000E-02 -3.500000000E-02
 -3.500000000E-02 -3.500000000E-02 -3.500000000E-02 -3.500000000E-02 -3.500000000E-02
 -3.500000000E-02 -3.500000000E-02 -3.500000000E-02 -3.500000000E-02 -3.500000000E-02
 -3.500000000E-02 -3.500000000E-02 -3.500000000E-02 -3.500000000E-02 -3.500000000E-02
 -3.500000000E-02 -3.500000000E-02 -3.500000000E-02 -3.500000000E-02 -3.500000000E-02
 -3.500000000E-02 -3.500000000E-02 -3.500000000E-02 -3.500000000E-02 -3.500000000E-02
 -3.500000000E-02 -3.500000000E-02 -3.500000000E-02 -3.500000000E-02 -3.500000000E-02
 -3.500000000E-02 -3.500000000E-02 -3.500000000E-02 -3.500000000E-02 -3.500000000E-02
 -3.500000000E-02 -3.500000000E-02 -3.500000000E-02 -3.500000000E-02 -3.500000000E-02
 -3.500000000E-02 -3.500000000E-02 -3.500000000E-02 -3.500000000E-02 -3.500000000E-02
 -3.500000000E-02 -3.500000000E-02 -3.500000000E-02 -3.500000000E-02 -3.500000000E-02
 -3.500000000E-02 -3.500000000E-02 -3.500000000E-02 -3.500000000E-02 -3.500000000E-02
 -3.500000000E-02 -3.500000000E-02 -3.500000000E-02 -3.500000000E-02 -3.500000000E-02
 -3.500000000E-02 -3.500000000E-02 -3.500000000E-02 -3.500000000E-02 -3.500000000E-02
 -3.500000000E-02 -3.500000000E-02 -3.500000000E-02 -3.500000000E-02 -3.500000000E-02
 -3.500000000E-02 -3.500000000E-02 -3.500000000E-02 -3.500000000E-02 -3.500000000E-02
 -3.500000000E-02 -3.500000000E-02 -3.500000000E-02 -3.500000000E-02 -3.500000000E-02
 -3.500000000E-02 -3.500000000E-02 -3.500000000E-02 -3.500000000E-02 -3.500000000E-02
 -3.500000000E-02 -3.500000000E-02 -3.500000000E-02 -3.500000000E-02 -3.500000000E-02
 -3.500000000E-02 -3.500000000E-02 -3.500000000E-02 -3.500000000E-02 -3.500000000E-02
 -3.500000000E-02 -3.500000000E-02 -3.500000000E-02 -3.500000000E-02 -3.500000000E-02
 -3.500000000E-02 -3.500000000E-02 -3.500000000E-02 -3.500000000E-02 -3.500000000E-02
 -3.500000000E-02 -3.500000000E-02 -3.500000000E-02 -3.500000000E-02 -3.500000000E-02
 -3.500000000E-02 -3.500000000E-02 -3.500000000E-02 -3.500000000E-02 -3.500000000E-02
 -3.500000000E-02 -3.500000000E-02 -3.500000000E-02 -3.500000000E-02 -3.500000000E-02
 -3.500000000E-02 -3.500000000E-02 -3.500000000E-02 -3.500000000E-02 -3.500000000E-02
 -3.500000000E-02 -3.500000000E-02 -3.500000000E-02 -3.500000000E-02 -3.500000000E-02
 -3.500000000E-02 -3.500000000E-02 -3.500000000E-02 -3.500000000E-02 -3.500000000E-02
 -3.500000000E-02 -3.500000000E-02 -3.500000000E-02 -3.500000000E-02 -3.500000000E-02
 -3.500000000E-02 -3.500000000E-02 -3.500000000E-02 -3.500000000E-02 -3.500000000E-02
 -3.500000000E-02 -3.500000000E-02 -3.500000000E-02 -3.500000000E-02 -3.500000000E-02
 -3.500000000E-02 -3.500000000E-02 -3.500000000E-02 -3.500000000E-02 -3.500000000E-02
 -3.500000000E-02 -3.500000000E-02 -3.500000000E-02 -3.500000000E-02 -3.500000000E-02
 -3.500000000E-02 -3.500000000E-02 -3.500000000E-02 -3.500000000E-02 -3.500000000E-02
 -3.500000000E-02 -3.500000000E-02 -3.500000000E-02 -3.500000000E-02 -3.500000000E-02
 -3.500000000E-02 -3.500000000E-02 -3.500000000E-02 -3.500000000E-02 -3.500000000E-02
 -3.500000000E-02 -3.500000000E-02 -3.500000000E-02 -3.500000000E-02 -3.500000000E-02
 -3.500000000E-02 -3.500000000E-02 -3.500000000E-02 -3.500000000E-02 -3.500000000E-02
 -3.500000000E-02 -3.500000000E-02 -3.500000000E-02 -3.500000000E-02 -3.500000000E-02
 -3.500000000E-02 -3.500000000E-02 -3.500000000E-02 -3.500000000E-02 -3.500000000E-02
 -3.500000000E-02 -3.500000000E-02 -3.500000000E-02 -3.500000000E-02 -3.500000000E-02
 -3.500000000E-02 -3.500000000E-02 -3.500000000E-02 -3.500000000E-02 -3.500000000E-02
 -3.500000000E-02 -3.500000000E-02 -3.500000000E-02 -3.500000000E-02 -3.500000000E-02
 -3.500000000E-02 -3.500000000E-02 -3.500000000E-02 -3.500000000E-02 -3.500000000E-02
 -3.500000000E-02 -3.500000000E-02 -3.500000000E-02 -3.500000000E-02 -3.500000000E-02
 -3.500000000E-02 -3.500000000E-02 -3.500000000E-02 -3.500000000E-02 -3.500000000E-02
 -3.500000000E-02 -3.500000000E-02 -3.500000000E-02 -3.500000000E-02 -3.500000000E-02
 -3.500000000E-02 -3.500000000E-02 -3.500000000E-02 -3.500000000E-02 -3.500000000E-02
 -3.500000000E-02 -3.500000000E-02 -3.500000000E-02
 1.442528217E-02 1.247729805E-02 1.469581919E-02 1.658562184E-02 1.675047251E-02
 1.847708883E-02 1.855126028E-02 2.008679903E-02 2.017783223E-02 2.148553838E-02
 2.153533498E-02 2.260786531E-02 2.270774337E-02 2.406620037E-02 2.356682593E-02
 2.440148434E-02 2.538272114E-02 2.547310988E-02 -5.776376081E-02 1.200342961E-02
 3.685266867E-02 3.599368267E-02 3.592683665E-02 3.512151304E-02 3.407402467E-02
 3.493613859E-02 3.403430617E-02 3.323742367E-02 3.305855791E-02 3.224842292E-02
 3.218442777E-02 3.144363006E-02 3.126202968E-02 3.058278324E-02 3.034249127E-02
 2.936369170E-02 2.999063800E-02 2.933396343E-02 2.855718002E-02 2.854072325E-02
 2.763598016E-02 2.755838829E-02 2.658814434E-02 2.652330973E-02 -1.296474829E-01
 -1.275761784E-01 -1.260090812E-01 -1.261649345E-01 -1.264074919E-01 -1.245252597E-01
 -1.239372194E-01 -1.227485460E-01 -1.214795079E-01 -1.207557012E-01 -1.189810043E-01
 -1.184521918E-01 -1.161600092E-01 -1.158282318E-01 -1.136152457E-01 -1.129227212E-01
 -1.084596042E-01 -1.108765418E-01 -1.083033441E-01 -1.081212708E-01 3.892632851E-02
 3.878081251E-02 3.790789383E-02 3.704650668E-02 3.784205233E-02 3.906341539E-02
 4.082875918E-02 3.993382374E-02 3.984213310E-02 4.089357731E-02 4.341204442E-02
 4.271684425E-02 4.239345437E-02 4.199424453E-02 4.165280625E-02 -1.281566238E-01
 -1.286932953E-01 -1.291803392E-01 -1.292267354E-01 -1.292973288E-01 -4.684778498E-02
 -4.034215115E-02 -4.014498472E-02 -5.242695473E-02 -4.700129603E-02 -5.606462398E-02
 -3.841591467E-02 -3.371206528E-02 -3.296380395E-02 -1.933916888E-02 -2.644061015E-02
 -2.593821429E-02 -2.111098948E-02 -1.926484845E-02 -1.915659047E-02 -1.347462344E-02
 -5.861358108E-03 -2.363676316E-03 -1.257695659E-02 -9.300736257E-03 -6.414719703E-03
 -2.212073648E-03 1.206360231E-03 1.734629010E-03 4.768851141E-03 2.379056987E-03
 4.751534194E-03 4.837030186E-03 8.239426384E-03 7.017015274E-03 9.468808945E-03
 9.986161357E-03 -1.056861761E-01 -1.026181986E-01 -9.452734817E-02 -9.410212734E-02
 -1.024973900E-01 -7.010366885E-02 -6.589249995E-02 -7.614420741E-02 -7.270319177E-02
 -7.923112439E-02 -6.389405476E-02 -8.251109175E-02 -8.476090795E-02 -1.016735021E-01
 -9.841056527E-02 -9.774562684E-02 -8.660438109E-02 -8.891912008E-02 -8.803950781E-02
 -1.024106613E-01 -9.152539219E-02 -5.853789511E-02 -1.302361330E-01 -1.302065946E-01
 -1.301887157E-01 -1.302017351E-01 -1.301595021E-01 -1.301010196E-01 -1.301431984E-01
 -1.298500502E-01 -1.299948380E-01 -1.299854198E-01 -1.299678138E-01 -1.297540165E-01
 5.592361905E-02 5.528502052E-02 5.596001687E-02 5.663025628E-02 5.668497669E-02
 5.736890177E-02 5.809134260E-02 5.738885990E-02 6.137158658E-02 6.129817068E-02
 6.227297783E-02 6.211904627E-02 6.320671344E-02 6.311755505E-02 6.427492827E-02
 6.413179272E-02 6.538920827E-02 6.509254536E-02 6.703996121E-02 6.646363089E-02
 6.631228082E-02 6.728823232E-02 6.811205131E-02 6.052912676E-02 6.050134686E-02
 5.972868208E-02 5.968210643E-02 6.522557901E-02 6.512832127E-02 6.826257544E-02
 6.830074027E-02 7.036372087E-02 7.058654581E-02 7.182847860E-02 7.159727791E-02
 7.215245994E-02 7.213355701E-02 7.208817682E-02 -1.644240288E-02 -2.344242964E-02
 -2.472009844E-02 4.937046148E-02 4.856990619E-02 4.942176079E-02 4.854961115E-02
 4.814156230E-02 4.681011646E-02 4.770504870E-02 4.767442195E-02 4.732805527E-02
 4.677832959E-02 4.590997084E-02 4.587853418E-02 4.514344052E-02 4.470799473E-02
 4.436717096E-02 4.410768968E-02 4.341204442E-02 6.970052126E-02 6.827079152E-02
 6.912627922E-02 7.000874524E-02 7.020586880E-02 6.869639266E-02 6.902967591E-02
 7.034355386E-02 7.110883859E-02 7.191132295E-02 7.169578617E-02 7.124541590E-02
 5.889644682E-02 5.887829440E-02 5.811796259E-02 -1.190939031E-01 -1.203190267E-01
 -1.219972753E-01 -1.160420485E-01 -1.254018169E-01 -1.240762500E-01 -1.122872448E-01
 -1.073969099E-01 -1.282488728E-01 -1.288601862E-01 -1.292580954E-01 -1.266094399E-01
 -1.276523465E-01 -1.279923426E-01 -1.295528392E-01 -1.298623378E-01 -1.298996550E-01
 -1.299307861E-01 3.473008782E-02 2.287838434E-02 2.135011786E-02 1.394039490E-02
 2.518179721E-02 3.190221713E-02 2.879309059E-02 3.813566998E-02 -7.815157750E-03
 -7.604271852E-03 3.676109722E-03 1.363480248E-02 4.903988625E-03 -8.373299778E-03
 -9.809601523E-02 -3.137851230E-02 -2.581958391E-02 -9.789366781E-02 -9.802118656E-02
 -3.991035454E-02 -4.891925245E-02 -3.844020634E-02 -3.915834483E-02 -4.993661290E-02
 -8.880634598E-02 -8.525472470E-02 -7.920360713E-02 -6.972762395E-02 -7.322124973E-02
 -6.180547466E-02 -5.957931994E-02 -5.012309980E-02 -1.302361330E-01 5.523934001E-02
 5.467235728E-02 5.455796450E-02 5.392894197E-02 5.390646505E-02 5.325917340E-02
 5.322120271E-02 5.255733234E-02 5.251755805E-02 5.181652714E-02 5.106591480E-02
 5.180279366E-02 5.101279033E-02 5.019803471E-02 5.024566309E-02 4.150319700E-02
 4.597271099E-02 5.267522529E-02 4.828664735E-02 5.963744285E-02 6.199116792E-02
 5.853975157E-02 5.386524593E-02 5.811243992E-02
 9.554139687E-01 9.259427291E-01 9.577048348E-01 9.632360747E-01 9.645215916E-01
 9.841298204E-01 9.849415791E-01 9.976860278E-01 9.985475305E-01 1.020806891E+00
 1.020974098E+00 1.025420778E+00 1.025897511E+00 1.035962652E+00 1.027785441E+00
 1.034972801E+00 1.041045956E+00 1.040624670E+00 4.444547086E-01 9.212441178E-01
 4.937936597E-01 5.842587351E-01 5.912890723E-01 6.684858263E-01 7.430489576E-01
 6.861499948E-01 7.467445374E-01 7.937846753E-01 8.020606890E-01 8.692405886E-01
 8.740558051E-01 8.910444591E-01 8.954985267E-01 9.226840938E-01 9.346028971E-01
 9.687353943E-01 9.297798440E-01 9.696067492E-01 9.948364075E-01 9.951215515E-01
 1.018736545E+00 1.020904627E+00 1.022026953E+00 1.023611382E+00 4.356879128E-01
 4.031896793E-01 3.900422953E-01 3.908532434E-01 3.929837700E-01 3.824919468E-01
 3.799790953E-01 3.755068933E-01 3.706708042E-01 3.688772137E-01 3.674153086E-01
 3.657689890E-01 3.587578036E-01 3.587655148E-01 3.572501682E-01 3.564528969E-01
 3.560387088E-01 3.554644356E-01 3.561021331E-01 3.559460465E-01 2.175037504E-01
 2.298897695E-01 3.560566174E-01 4.734413301E-01 3.644200942E-01 1.853198289E-01
 -8.594094522E-02 8.433305462E-02 9.425975280E-02 -9.471968006E-02 -4.966532001E-01
 -3.899884272E-01 -3.402094035E-01 -2.767446459E-01 -2.189788885E-01 4.094344075E-01
 4.161760491E-01 4.259024901E-01 4.270774105E-01 4.285042458E-01 4.855238156E-01
 5.107269788E-01 5.116002941E-01 4.640776328E-01 4.850109312E-01 4.505693314E-01
 5.206788913E-01 5.447305275E-01 5.479878528E-01 6.264677852E-01 5.815131743E-01
 5.849199043E-01 6.154223212E-01 6.270925969E-01 6.277031297E-01 6.629245698E-01
 7.292843732E-01 7.721505494E-01 6.729743002E-01 7.033890165E-01 7.254251052E-01
 7.739771532E-01 7.956982864E-01 8.000571847E-01 8.355364285E-01 8.050067713E-01
 8.353186664E-01 8.366175381E-01 8.843461607E-01 8.723393635E-01 8.948133636E-01
 9.054652604E-01 3.547370292E-01 3.605598631E-01 3.659683813E-01 3.666533168E-01
 3.606956217E-01 4.110538391E-01 4.217140447E-01 3.968959020E-01 4.041208608E-01
 3.907231680E-01 4.259435985E-01 3.839618596E-01 3.795816817E-01 3.605522604E-01
 3.597562127E-01 3.600750156E-01 3.762227726E-01 3.721521153E-01 3.737485685E-01
 3.607285888E-01 3.692229427E-01 4.416260985E-01 4.558763884E-01 4.593313285E-01
 4.602192653E-01 4.610907610E-01 4.617536099E-01 4.588213945E-01 4.599212987E-01
 4.445657936E-01 4.488470987E-01 4.482218828E-01 4.475960052E-01 4.394273484E-01
 -1.756310453E+00 -1.766463235E+00 -1.756334602E+00 -1.752570678E+00 -1.751667905E+00
 -1.740152700E+00 -1.728681638E+00 -1.739728624E+00 -1.582837786E+00 -1.586012668E+00
 -1.530105790E+00 -1.540651904E+00 -1.475231971E+00 -1.480255555E+00 -1.413339909E+00
 -1.421674743E+00 -1.337121413E+00 -1.353640477E+00 -1.232963752E+00 -1.268155429E+00
 -1.278504220E+00 -1.215590494E+00 -1.156596119E+00 -1.625091892E+00 -1.626508777E+00
 -1.658930044E+00 -1.661234989E+00 -4.545795177E-01 -4.528495739E-01 -5.208025787E-01
 -5.218046036E-01 -5.919826381E-01 -6.016707216E-01 -6.755043586E-01 -6.559332977E-01
 -7.482607538E-01 -7.771231448E-01 -7.954359394E-01 1.230064534E-01 1.495357262E-01
 1.544254037E-01 -1.435469264E+00 -1.340574935E+00 -1.441074628E+00 -1.338188321E+00
 -1.275082216E+00 -1.087380198E+00 -1.208592519E+00 -1.204099524E+00 -1.156626581E+00
 -1.080858639E+00 -9.630467625E-01 -9.580672537E-01 -8.131483234E-01 -7.456823347E-01
 -6.839002175E-01 -6.348133723E-01 -4.966532001E-01 -1.032997713E+00 -1.145781045E+00
 -1.090981940E+00 -1.030956651E+00 -1.024752179E+00 -1.120888885E+00 -1.100432764E+00
 -1.007752978E+00 -9.184503730E-01 -8.369938183E-01 -8.768979362E-01 -9.098431888E-01
 -1.697627521E+00 -1.698310924E+00 -1.727580347E+00 4.045768094E-01 4.098892448E-01
 4.171960197E-01 4.054656543E-01 4.280856966E-01 4.290212522E-01 3.958330363E-01
 3.755410052E-01 4.380436609E-01 4.368151367E-01 4.403810356E-01 4.301983610E-01
 4.363713152E-01 4.371809730E-01 4.426756378E-01 4.294495120E-01 4.274805178E-01
 4.303732282E-01 -1.291368279E-01 -5.600675728E-02 -4.945508557E-02 -7.810053575E-03
 -7.326303169E-02 -1.146623828E-01 -9.780924806E-02 -1.598964432E-01 9.222891277E-02
 9.134919847E-02 3.760535796E-02 -5.924053962E-03 3.225644547E-02 9.418157722E-02
 3.616688099E-01 1.766234735E-01 1.582073392E-01 3.612448185E-01 3.615444733E-01
 2.084502229E-01 2.329737608E-01 2.038501930E-01 2.068437162E-01 2.357318303E-01
 3.394725202E-01 3.284166144E-01 3.129387113E-01 2.946631981E-01 3.031310499E-01
 2.698289422E-01 2.640892960E-01 2.362678861E-01 4.558763884E-01 -1.765859906E+00
 -1.764733091E+00 -1.764974982E+00 -1.758480358E+00 -1.758064220E+00 -1.737734259E+00
 -1.736210691E+00 -1.710111716E+00 -1.708026702E+00 -1.668805488E+00 -1.611882744E+00
 -1.667763787E+00 -1.608223569E+00 -1.514289002E+00 -1.518774003E+00 -1.884614664E-01
 -2.206642372E-01 -2.894360516E-01 -2.416628844E-01 -3.717003610E-01 -4.010521977E-01
 -3.576671645E-01 -3.012340443E-01 -3.520971767E-01
 151 153
 153 154
 154 155
 155 156
 156 158
 158 157
 157 223
 223 222
 222 221
 221 177
 177 176
 176 175
 175 174
 174 160
 160 159
 159 162
 162 161
 161 164
 164 163
 163 166
 166 165
 165 168
 168 167
 167 171
 171 170
 170 169
 169 172
 172 173
 173 210
 210 214
 214 215
 215 211
 211 209
 209 212
 212 213
 213 216
 216 217
 217 220
 220 219
 219 218
 218 188
 188 187
 187 186
 186 184
 184 185
 185 183
 183 182
 182 181
 181 180
 180 178
 178 179
 179 295
 295 294
 294 296
 296 298
 298 297
 297 292
 292 293
 293 291
 291 290
 290 249
 249 242
 242 247
 247 248
 248 246
 246 243
 243 244
 244 245
 245 253
 253 254
 254 252
 252 251
 251 250
 250 255
 255 189
 189 190
 190 191
 191 258
 258 257
 257 263
 263 264
 264 261
 261 262
 262 265
 265 273
 273 272
 272 271
 271 269
 269 270
 270 268
 268 267
 267 266
 266 259
 259 260
 260 256
 256 231
 231 230
 230 227
 227 224
 224 225
 225 226
 226 229
 229 228
 228 235
 235 236
 236 237
 237 232
 232 233
 233 234
 234 238
 238 239
 239 240
 240 241
 241 274
 198 199
 199 200
 200 197
 197 201
 201 202
 202 203
 203 204
 204 205
 205 206
 206 207
 207 208
 275 276
 276 277
 277 278
 278 279
 279 280
 280 281
 281 282
 282 283
 283 284
 284 286
 286 285
 285 287
 287 289
 289 288
 288 194
 194 192
 192 193
 193 195
 195 196
 196 198
 151 152
 152 275
 3 1
 1 2
 2 20
 20 116
 116 115
 115 113
 113 114
 114 112
 112 109
 109 111
 111 110
 110 108
 108 107
 107 106
 106 102
 102 101
 101 105
 105 104
 104 103
 103 100
 100 99
 99 98
 98 94
 94 97
 97 96
 96 95
 95 93
 93 92
 92 91
 91 87
 87 86
 86 85
 85 89
 89 88
 88 90
 90 19
 19 138
 138 127
 127 123
 123 122
 122 125
 125 124
 124 126
 126 128
 128 129
 129 133
 133 135
 135 134
 134 137
 137 120
 120 119
 119 132
 132 131
 131 130
 130 136
 136 121
 121 118
 118 117
 117 64
 64 63
 63 61
 61 62
 62 60
 60 59
 59 58
 58 57
 57 56
 56 55
 55 54
 54 53
 53 52
 52 51
 51 50
 50 47
 47 48
 48 49
 49 46
 46 80
 80 81
 81 82
 82 83
 83 84
 84 45
 45 150
 150 146
 146 149
 149 148
 148 147
 147 144
 144 145
 145 143
 143 141
 141 142
 142 140
 140 139
 38 36
 36 37
 37 35
 35 34
 34 33
 33 32
 32 31
 31 30
 30 29
 29 28
 28 27
 27 25
 25 26
 26 24
 24 23
 23 22
 22 21
 21 68
 68 69
 69 67
 67 66
 66 65
 65 70
 70 73
 73 72
 72 71
 71 74
 74 79
 79 78
 78 77
 77 76
 76 75
 42 43
 43 44
 44 18
 18 17
 17 16
 16 14
 14 15
 15 13
 13 12
 12 11
 11 10
 10 9
 9 8
 8 7
 7 6
 6 5
 5 4
 4 3
 40 39
 39 38
 40 41
 41 42
ZONE T="COFFE, HM Y=-0.73"
 STRANDID=36, SOLUTIONTIME=405
 Nodes=313, Elements=311, ZONETYPE=FELineSeg
 DATAPACKING=BLOCK
 AUXDATA CGNS.CGNSBase_t="Base"
 AUXDATA CGNS.Zone_t="Zone"
 DT=(DOUBLE DOUBLE DOUBLE DOUBLE )
 -2.340531346E-01 -2.326498978E-01 -2.344375029E-01 -2.356255852E-01 7.352678833E-01
 7.370681067E-01 7.364247601E-01 7.343610726E-01 7.335318598E-01 7.375301320E-01
 7.379446945E-01 7.311763391E-01 7.278254069E-01 7.238910601E-01 7.153221973E-01
 7.146987696E-01 7.078512841E-01 6.650490624E-01 6.858509717E-01 6.926025414E-01
 6.915239331E-01 6.577184146E-01 6.335714189E-01 6.253670755E-01 5.973187117E-01
 5.862555013E-01 5.610574255E-01 5.479013584E-01 5.260779393E-01 5.111186380E-01
 4.904932587E-01 4.750424691E-01 4.537924861E-01 4.341928817E-01 -1.633582253E-01
 -2.135635399E-01 -2.136059932E-01 -2.181838758E-01 -1.958975962E-01 -1.981089873E-01
 -2.060419274E-01 -2.028487884E-01 -2.135029570E-01 -2.087892351E-01 -1.774541127E-01
 -1.734074614E-01 -1.770711413E-01 -1.877733551E-01 -1.894686909E-01 -2.186259982E-01
 -2.209981826E-01 -2.226417674E-01 -2.241062726E-01 -2.275565987E-01 -2.250071966E-01
 -2.267770791E-01 -2.278350262E-01 -2.300120763E-01 -2.304348875E-01 -2.322385221E-01
 -2.464195752E-01 -2.464288039E-01 -2.462019380E-01 -2.463012767E-01 -2.463451929E-01
 -2.463626272E-01 -2.440885061E-01 -2.445286799E-01 -2.441318436E-01 -2.443342983E-01
 -2.447918173E-01 -2.445686080E-01 -2.449718182E-01 -2.452040418E-01 -2.450614793E-01
 -2.453000527E-01 -2.453276270E-01 -2.454768033E-01 -2.456647870E-01 -2.456939002E-01
 -2.458400471E-01 -2.458961859E-01 -2.459005269E-01 -2.459042180E-01 -2.459422538E-01
 -2.461172625E-01 -2.462794442E-01 -2.462180631E-01 -2.461435023E-01 -2.462896647E-01
 -2.463288760E-01 -2.463924276E-01 -2.464082373E-01 -2.464332093E-01 -2.464371537E-01
 4.137421596E-01 4.035997300E-01 3.923736777E-01 3.820027829E-01 3.746959927E-01
 3.602020014E-01 2.970968195E-01 3.297523325E-01 2.951457944E-01 3.303605310E-01
 -2.394808284E-01 -2.397111006E-01 -2.388481771E-01 -2.405362043E-01 -2.402559970E-01
 -2.410683171E-01 -2.413175818E-01 -2.417959727E-01 -2.420210987E-01 -2.424620869E-01
 -2.431037529E-01 -2.429325503E-01 -2.426225118E-01 -2.431504104E-01 -2.433845844E-01
 -2.436879825E-01 -2.439172912E-01 -2.437556713E-01 -2.382707950E-01 -2.383851115E-01
 -2.376889071E-01 -2.369795658E-01 -2.371816124E-01 -2.358862942E-01 2.709028784E-01
 -1.614920705E-01 -1.406103254E-01 -1.268455895E-01 -1.470630127E-01 -1.027617030E-01
 -8.506227013E-02 -1.151803279E-01 7.386058150E-01 1.412135548E-01 1.506643842E-01
 1.825991296E-01 1.908613781E-01 1.800451734E-01 2.408680806E-01 2.167165120E-01
 2.550372350E-01 2.121971851E-01 1.156838587E-01 1.094427440E-01 1.034246467E-01
 -5.063568890E-02 -4.140552194E-02 -1.680070297E-03 -1.515212587E-02 6.485652353E-02
 7.113611859E-02 3.415405557E-02 2.343741105E-02 -7.403056307E-02 -2.440231966E-01
 -2.443351200E-01 -2.439616815E-01 -2.436002793E-01 -2.434622413E-01 -2.431313224E-01
 -2.423724498E-01 -2.429740244E-01 -2.429360978E-01 -2.427576417E-01 -2.422187134E-01
 -2.417600386E-01 -2.410791907E-01 -2.405014959E-01 -2.409030593E-01 -2.415723180E-01
 -2.402935529E-01 -2.402382395E-01 -2.398974790E-01 -2.394685653E-01 -2.392816159E-01
 -2.388030357E-01 -2.377130120E-01 -2.380152774E-01 -2.371085457E-01 -2.385571523E-01
 -2.367935901E-01 -2.361191506E-01 -2.349735717E-01 -2.357542087E-01 -2.335726812E-01
 -2.336346236E-01 -2.346328374E-01 -2.335555488E-01 -2.314729709E-01 -2.322201924E-01
 -2.299720769E-01 -2.304795704E-01 -2.268970668E-01 -2.276840688E-01 -2.280848852E-01
 -2.282585738E-01 -2.157106933E-01 -2.108280064E-01 -2.128072399E-01 -2.145723631E-01
 -2.079811442E-01 -2.073317916E-01 -2.002235236E-01 -2.037428537E-01 -5.353565761E-02
 -2.962424938E-02 -9.623674544E-02 -1.081673522E-01 -8.301825631E-02 -6.589920341E-02
 -1.227014461E-01 -1.292390739E-01 -1.441380864E-01 -1.557083155E-01 -1.465368763E-01
 -1.607590345E-01 -1.725836553E-01 -1.613620038E-01 -1.739169413E-01 -2.445493267E-01
 -2.445968258E-01 -2.447540533E-01 -2.449714769E-01 -2.450539927E-01 -2.453309741E-01
 -2.454404429E-01 -2.457374623E-01 -2.456492097E-01 -2.459961674E-01 -2.459050965E-01
 -2.462019380E-01 -2.461221213E-01 5.994471392E-01 6.191842735E-01 5.996343240E-01
 6.372791108E-01 5.987436959E-01 5.205062384E-01 5.356680144E-01 5.578568130E-01
 5.690878307E-01 4.016684804E-01 4.355210040E-01 4.017918611E-01 4.681390465E-01
 4.446813601E-01 5.022394879E-01 4.841314386E-01 4.015441486E-01 3.453277435E-01
 3.247247698E-01 3.086606309E-01 3.581950741E-01 3.787055599E-01 3.533555230E-01
 -2.174083780E-01 -2.185555624E-01 -2.190864086E-01 -2.214489381E-01 -2.223249322E-01
 -2.242739402E-01 -2.249468753E-01 -2.262058983E-01 -2.328472504E-01 6.435571175E-01
 7.275254039E-01 7.219512607E-01 7.306056934E-01 7.089301571E-01 7.055721364E-01
 7.078821818E-01 6.955598548E-01 7.184736481E-01 6.880264932E-01 6.631020319E-01
 -1.960187311E-02 6.876926223E-03 1.849655537E-02 4.322748714E-02 5.099717089E-02
 5.668977759E-02 9.008752530E-02 9.392215839E-02 1.266056583E-01 1.346326718E-01
 1.598603328E-01 1.812601906E-01 2.067964893E-01 2.217053004E-01 2.161096622E-01
 2.465658190E-01 2.674901966E-01 2.794995382E-01 2.972095229E-01 -1.825497153E-01
 -1.854544379E-01 -1.906642357E-01 -1.935925557E-01 -1.974829854E-01 7.310923121E-01
 7.315026080E-01 7.342205852E-01 7.358995083E-01 7.361194929E-01 7.363703503E-01
 7.374968309E-01 7.379911093E-01 7.386058150E-01
 -7.300000000E-01 -7.300000000E-01 -7.300000000E-01 -7.300000000E-01 -7.300000000E-01
 -7.300000000E-01 -7.300000000E-01 -7.300000000E-01 -7.300000000E-01 -7.300000000E-01
 -7.300000000E-01 -7.300000000E-01 -7.300000000E-01 -7.300000000E-01 -7.300000000E-01
 -7.300000000E-01 -7.300000000E-01 -7.300000000E-01 -7.300000000E-01 -7.300000000E-01
 -7.300000000E-01 -7.300000000E-01 -7.300000000E-01 -7.300000000E-01 -7.300000000E-01
 -7.300000000E-01 -7.300000000E-01 -7.300000000E-01 -7.300000000E-01 -7.300000000E-01
 -7.300000000E-01 -7.300000000E-01 -7.300000000E-01 -7.300000000E-01 -7.300000000E-01
 -7.300000000E-01 -7.300000000E-01 -7.300000000E-01 -7.300000000E-01 -7.300000000E-01
 -7.300000000E-01 -7.300000000E-01 -7.300000000E-01 -7.300000000E-01 -7.300000000E-01
 -7.300000000E-01 -7.300000000E-01 -7.300000000E-01 -7.300000000E-01 -7.300000000E-01
 -7.300000000E-01 -7.300000000E-01 -7.300000000E-01 -7.300000000E-01 -7.300000000E-01
 -7.300000000E-01 -7.300000000E-01 -7.300000000E-01 -7.300000000E-01 -7.300000000E-01
 -7.300000000E-01 -7.300000000E-01 -7.300000000E-01 -7.300000000E-01 -7.300000000E-01
 -7.300000000E-01 -7.300000000E-01 -7.300000000E-01 -7.300000000E-01 -7.300000000E-01
 -7.300000000E-01 -7.300000000E-01 -7.300000000E-01 -7.300000000E-01 -7.300000000E-01
 -7.300000000E-01 -7.300000000E-01 -7.300000000E-01 -7.300000000E-01 -7.300000000E-01
 -7.300000000E-01 -7.300000000E-01 -7.300000000E-01 -7.300000000E-01 -7.300000000E-01
 -7.300000000E-01 -7.300000000E-01 -7.300000000E-01 -7.300000000E-01 -7.300000000E-01
 -7.300000000E-01 -7.300000000E-01 -7.300000000E-01 -7.300000000E-01 -7.300000000E-01
 -7.300000000E-01 -7.300000000E-01 -7.300000000E-01 -7.300000000E-01 -7.300000000E-01
 -7.300000000E-01 -7.300000000E-01 -7.300000000E-01 -7.300000000E-01 -7.300000000E-01
 -7.300000000E-01 -7.300000000E-01 -7.300000000E-01 -7.300000000E-01 -7.300000000E-01
 -7.300000000E-01 -7.300000000E-01 -7.300000000E-01 -7.300000000E-01 -7.300000000E-01
 -7.300000000E-01 -7.300000000E-01 -7.300000000E-01 -7.300000000E-01 -7.300000000E-01
 -7.300000000E-01 -7.300000000E-01 -7.300000000E-01 -7.300000000E-01 -7.300000000E-01
 -7.300000000E-01 -7.300000000E-01 -7.300000000E-01 -7.300000000E-01 -7.300000000E-01
 -7.300000000E-01 -7.300000000E-01 -7.300000000E-01 -7.300000000E-01 -7.300000000E-01
 -7.300000000E-01 -7.300000000E-01 -7.300000000E-01 -7.300000000E-01 -7.300000000E-01
 -7.300000000E-01 -7.300000000E-01 -7.300000000E-01 -7.300000000E-01 -7.300000000E-01
 -7.300000000E-01 -7.300000000E-01 -7.300000000E-01 -7.300000000E-01 -7.300000000E-01
 -7.300000000E-01 -7.300000000E-01 -7.300000000E-01 -7.300000000E-01 -7.300000000E-01
 -7.300000000E-01 -7.300000000E-01 -7.300000000E-01 -7.300000000E-01 -7.300000000E-01
 -7.300000000E-01 -7.300000000E-01 -7.300000000E-01 -7.300000000E-01 -7.300000000E-01
 -7.300000000E-01 -7.300000000E-01 -7.300000000E-01 -7.300000000E-01 -7.300000000E-01
 -7.300000000E-01 -7.300000000E-01 -7.300000000E-01 -7.300000000E-01 -7.300000000E-01
 -7.300000000E-01 -7.300000000E-01 -7.300000000E-01 -7.300000000E-01 -7.300000000E-01
 -7.300000000E-01 -7.300000000E-01 -7.300000000E-01 -7.300000000E-01 -7.300000000E-01
 -7.300000000E-01 -7.300000000E-01 -7.300000000E-01 -7.300000000E-01 -7.300000000E-01
 -7.300000000E-01 -7.300000000E-01 -7.300000000E-01 -7.300000000E-01 -7.300000000E-01
 -7.300000000E-01 -7.300000000E-01 -7.300000000E-01 -7.300000000E-01 -7.300000000E-01
 -7.300000000E-01 -7.300000000E-01 -7.300000000E-01 -7.300000000E-01 -7.300000000E-01
 -7.300000000E-01 -7.300000000E-01 -7.300000000E-01 -7.300000000E-01 -7.300000000E-01
 -7.300000000E-01 -7.300000000E-01 -7.300000000E-01 -7.300000000E-01 -7.300000000E-01
 -7.300000000E-01 -7.300000000E-01 -7.300000000E-01 -7.300000000E-01 -7.300000000E-01
 -7.300000000E-01 -7.300000000E-01 -7.300000000E-01 -7.300000000E-01 -7.300000000E-01
 -7.300000000E-01 -7.300000000E-01 -7.300000000E-01 -7.300000000E-01 -7.300000000E-01
 -7.300000000E-01 -7.300000000E-01 -7.300000000E-01 -7.300000000E-01 -7.300000000E-01
 -7.300000000E-01 -7.300000000E-01 -7.300000000E-01 -7.300000000E-01 -7.300000000E-01
 -7.300000000E-01 -7.300000000E-01 -7.300000000E-01 -7.300000000E-01 -7.300000000E-01
 -7.300000000E-01 -7.300000000E-01 -7.300000000E-01 -7.300000000E-01 -7.300000000E-01
 -7.300000000E-01 -7.300000000E-01 -7.300000000E-01 -7.300000000E-01 -7.300000000E-01
 -7.300000000E-01 -7.300000000E-01 -7.300000000E-01 -7.300000000E-01 -7.300000000E-01
 -7.300000000E-01 -7.300000000E-01 -7.300000000E-01 -7.300000000E-01 -7.300000000E-01
 -7.300000000E-01 -7.300000000E-01 -7.300000000E-01 -7.300000000E-01 -7.300000000E-01
 -7.300000000E-01 -7.300000000E-01 -7.300000000E-01 -7.300000000E-01 -7.300000000E-01
 -7.300000000E-01 -7.300000000E-01 -7.300000000E-01 -7.300000000E-01 -7.300000000E-01
 -7.300000000E-01 -7.300000000E-01 -7.300000000E-01 -7.300000000E-01 -7.300000000E-01
 -7.300000000E-01 -7.300000000E-01 -7.300000000E-01 -7.300000000E-01 -7.300000000E-01
 -7.300000000E-01 -7.300000000E-01 -7.300000000E-01 -7.300000000E-01 -7.300000000E-01
 -7.300000000E-01 -7.300000000E-01 -7.300000000E-01 -7.300000000E-01 -7.300000000E-01
 -7.300000000E-01 -7.300000000E-01 -7.300000000E-01 -7.300000000E-01 -7.300000000E-01
 -7.300000000E-01 -7.300000000E-01 -7.300000000E-01 -7.300000000E-01 -7.300000000E-01
 -7.300000000E-01 -7.300000000E-01 -7.300000000E-01
 1.961008095E-02 1.838682737E-02 1.995647852E-02 2.105924774E-02 -1.301342253E-01
 -1.301894434E-01 -1.301698388E-01 -1.301062958E-01 -1.300803323E-01 -1.302035253E-01
 -1.302160934E-01 -1.300066850E-01 -1.298995631E-01 -1.297708297E-01 -1.294839332E-01
 -1.294619072E-01 -1.292124948E-01 -1.275376279E-01 -1.283831781E-01 -1.286582731E-01
 -1.286158233E-01 -1.272199188E-01 -1.261118643E-01 -1.257156530E-01 -1.242821733E-01
 -1.236839141E-01 -1.222609445E-01 -1.214780957E-01 -1.201327228E-01 -1.191666674E-01
 -1.177910059E-01 -1.167144732E-01 -1.151878227E-01 -1.137129946E-01 -1.733621382E-02
 5.332866261E-03 5.357796507E-03 8.078708472E-03 -3.805427117E-03 -2.748536914E-03
 1.227092333E-03 -4.156858112E-04 5.298675353E-03 2.684164666E-03 -1.186420932E-02
 -1.343829721E-02 -1.202113050E-02 -7.501928247E-03 -6.747538489E-03 8.351780715E-03
 9.852386006E-03 1.092818202E-02 1.192286415E-02 1.436198478E-02 1.253368361E-02
 1.380464142E-02 1.456905063E-02 1.623167744E-02 1.656646672E-02 1.803872437E-02
 4.143744458E-02 4.121976303E-02 4.341204442E-02 4.270537007E-02 4.240348244E-02
 4.222145523E-02 3.176887106E-02 3.266593732E-02 3.185339662E-02 3.225770638E-02
 3.324966962E-02 3.275202963E-02 3.367960755E-02 3.427412364E-02 3.389865527E-02
 3.452482130E-02 3.460157581E-02 3.502972911E-02 3.562346156E-02 3.571778033E-02
 3.624914971E-02 3.645223272E-02 3.646847177E-02 3.648428350E-02 3.665514513E-02
 3.743225714E-02 3.839409658E-02 3.802630179E-02 3.756936465E-02 3.846917639E-02
 3.886495145E-02 3.947198753E-02 3.967860738E-02 4.029579427E-02 4.056930800E-02
 -1.121261181E-01 -1.113159154E-01 -1.103860595E-01 -1.095324754E-01 -1.089085320E-01
 -1.076563484E-01 -1.017730518E-01 -1.049067487E-01 -1.015804204E-01 -1.049618592E-01
 2.509140094E-02 2.535974187E-02 2.438058943E-02 2.636732846E-02 2.601845071E-02
 2.705146499E-02 2.738303813E-02 2.804012787E-02 2.836046885E-02 2.900980037E-02
 3.001803954E-02 2.974764233E-02 2.925449545E-02 3.009491457E-02 3.048789686E-02
 3.102208140E-02 3.144776548E-02 3.114322520E-02 2.373293991E-02 2.385666092E-02
 2.312401204E-02 2.238534561E-02 2.259056092E-02 2.130864054E-02 -9.911494424E-02
 -1.802052896E-02 -2.524981733E-02 -2.962691614E-02 -2.310725405E-02 -3.665592454E-02
 -4.138892801E-02 -3.310780193E-02 -1.302361330E-01 -8.364355120E-02 -8.492461402E-02
 -8.905661671E-02 -9.005400449E-02 -8.873278443E-02 -9.589184151E-02 -9.315543380E-02
 -9.742746231E-02 -9.263496613E-02 -8.004150279E-02 -7.914495547E-02 -7.823427970E-02
 -4.978691918E-02 -5.188794028E-02 -6.020740102E-02 -5.748984150E-02 -7.219355570E-02
 -7.322658657E-02 -6.693782325E-02 -6.498785903E-02 -4.420295992E-02 4.908710401E-02
 4.855989602E-02 4.918920403E-02 4.974687851E-02 4.995023502E-02 5.040850690E-02
 5.138724993E-02 5.062821144E-02 5.067779722E-02 5.090104428E-02 5.156938218E-02
 5.209254879E-02 5.281282703E-02 5.337504096E-02 5.298970658E-02 5.229717070E-02
 5.357589243E-02 5.362704493E-02 5.393680110E-02 5.430938538E-02 5.446956151E-02
 5.486281245E-02 5.570276910E-02 5.547700714E-02 5.613851207E-02 5.505905470E-02
 5.635826723E-02 5.681223185E-02 5.753799141E-02 5.704966899E-02 5.835835019E-02
 5.832227509E-02 5.774390777E-02 5.836788114E-02 5.946793548E-02 5.908335021E-02
 6.019083339E-02 5.995018505E-02 6.152404221E-02 6.119757470E-02 6.103118649E-02
 6.095532705E-02 6.518294112E-02 6.637518526E-02 6.591285789E-02 6.546904339E-02
 6.699212370E-02 6.712438767E-02 6.840769666E-02 6.780788617E-02 6.675929814E-02
 6.398790561E-02 7.046191196E-02 7.117875759E-02 6.951288353E-02 6.799546730E-02
 7.179260111E-02 7.199047310E-02 7.216774396E-02 7.199762387E-02 7.216861278E-02
 7.191059607E-02 7.135298675E-02 7.188961917E-02 7.126945159E-02 4.816815141E-02
 4.807836527E-02 4.775662546E-02 4.731711273E-02 4.713509391E-02 4.647625409E-02
 4.619091544E-02 4.532063511E-02 4.559810632E-02 4.438212751E-02 4.474213829E-02
 4.341204442E-02 4.381265509E-02 -8.617601871E-02 -9.221279079E-02 -8.623310036E-02
 -9.780881174E-02 -8.596416220E-02 -6.267395246E-02 -6.710872661E-02 -7.367184818E-02
 -7.702067067E-02 -2.914925084E-02 -3.846438737E-02 -2.918313904E-02 -4.762017130E-02
 -4.102461704E-02 -5.737129382E-02 -5.217479269E-02 -2.911563350E-02 -1.411363622E-02
 -8.738080765E-03 -4.628284873E-03 -1.748780940E-02 -2.294327137E-02 -1.620239233E-02
 6.470715055E-02 6.438888254E-02 6.423108864E-02 6.349441251E-02 6.320484376E-02
 6.252495192E-02 6.227897486E-02 6.179021844E-02 5.875654743E-02 -9.976791043E-02
 -1.265910874E-01 -1.247684004E-01 -1.276019606E-01 -1.205315831E-01 -1.194473038E-01
 -1.201918774E-01 -1.162175639E-01 -1.236326743E-01 -1.138125212E-01 -1.058889169E-01
 6.271333413E-02 5.899314029E-02 5.723480496E-02 5.322268324E-02 5.192438128E-02
 5.090957700E-02 4.482684066E-02 4.408821393E-02 3.761095442E-02 3.595191664E-02
 3.061169621E-02 2.590983062E-02 2.012069617E-02 1.667045113E-02 1.798781426E-02
 1.077114298E-02 5.679853308E-03 2.707961859E-03 -1.712287270E-03 7.059172451E-02
 7.031885285E-02 6.974503780E-02 6.937744706E-02 6.883433435E-02 -1.277616545E-01
 -1.278965957E-01 -1.287904325E-01 -1.293434856E-01 -1.294159500E-01 -1.294986776E-01
 -1.298701681E-01 -1.300332800E-01 -1.302361330E-01
 7.906622763E-01 7.649478798E-01 7.954549317E-01 8.186892713E-01 1.951271806E-01
 1.960626401E-01 1.924743046E-01 1.971065075E-01 1.989115360E-01 2.010890965E-01
 1.616546936E-01 2.078506165E-01 2.119835345E-01 2.124321543E-01 2.158814117E-01
 2.154191530E-01 2.129523015E-01 1.694780514E-01 1.986489301E-01 2.069398072E-01
 2.061424256E-01 1.587098522E-01 1.427831577E-01 1.335930079E-01 1.171350422E-01
 1.149701295E-01 9.316301883E-02 9.152765414E-02 9.988312554E-02 9.958343329E-02
 9.107365667E-02 9.304978182E-02 8.971107102E-02 9.223465237E-02 3.810204030E-01
 5.659094415E-01 5.664564288E-01 5.997350762E-01 4.753854394E-01 4.846581228E-01
 5.229840453E-01 5.044369858E-01 5.655086890E-01 5.366376164E-01 4.173442064E-01
 4.070642240E-01 4.163162755E-01 4.461162930E-01 4.520359782E-01 6.022392779E-01
 6.289585893E-01 6.467587584E-01 6.666186086E-01 6.943624623E-01 6.770780860E-01
 6.889389733E-01 6.980755225E-01 7.347813607E-01 7.395701502E-01 7.567421432E-01
 6.098369516E-01 6.321205312E-01 4.580737597E-01 5.261534396E-01 5.430742822E-01
 5.642306637E-01 9.794083020E-01 9.829351415E-01 9.793338707E-01 9.755945948E-01
 9.762886313E-01 9.820732137E-01 9.907807820E-01 9.830118938E-01 9.887548709E-01
 9.739093625E-01 9.712272321E-01 9.593440305E-01 9.385467161E-01 9.358573372E-01
 9.175813323E-01 9.116415839E-01 9.107000870E-01 9.098754814E-01 9.050103653E-01
 8.844136582E-01 8.316164958E-01 8.527196640E-01 8.786991206E-01 8.281772275E-01
 7.984197877E-01 7.641431690E-01 7.492512720E-01 6.952580653E-01 6.810543743E-01
 1.011901203E-01 1.000106477E-01 1.020610642E-01 9.543139778E-02 1.018394333E-01
 1.053421928E-01 1.111747084E-01 1.166377907E-01 1.115299985E-01 1.166294052E-01
 8.958521406E-01 9.021182294E-01 8.777218939E-01 9.180395196E-01 9.110551249E-01
 9.288234936E-01 9.330281341E-01 9.426551149E-01 9.482795254E-01 9.617960774E-01
 9.666866268E-01 9.679726025E-01 9.645016097E-01 9.676583128E-01 9.723884785E-01
 9.753319502E-01 9.778437704E-01 9.752166832E-01 8.601686656E-01 8.624181417E-01
 8.520349285E-01 8.418512435E-01 8.453105226E-01 8.238245682E-01 1.125333599E-01
 3.764427532E-01 3.411562352E-01 3.188936494E-01 3.496347584E-01 2.890883190E-01
 2.746775983E-01 3.022476859E-01 8.431724328E-02 1.494996781E-01 1.489803200E-01
 1.400581252E-01 1.389735156E-01 1.412780249E-01 1.196251239E-01 1.313923725E-01
 1.158404861E-01 1.341282832E-01 1.603012014E-01 1.623304945E-01 1.654252724E-01
 2.461230462E-01 2.426579626E-01 2.120621031E-01 2.229051864E-01 1.812475727E-01
 1.793869856E-01 1.966993072E-01 2.020427324E-01 2.621452141E-01 -1.586181142E-01
 -1.031395404E-01 -1.625072135E-01 -2.186788351E-01 -2.370330723E-01 -2.690257317E-01
 -3.346665852E-01 -2.800633540E-01 -2.855392253E-01 -2.985292726E-01 -3.505467384E-01
 -3.961984849E-01 -4.340234852E-01 -4.582462296E-01 -4.448443244E-01 -4.064296534E-01
 -4.681005058E-01 -4.718435093E-01 -5.033010048E-01 -5.071591037E-01 -5.129296372E-01
 -5.345664983E-01 -5.515006029E-01 -5.454807975E-01 -5.647994319E-01 -5.411965469E-01
 -5.681590797E-01 -5.772704963E-01 -5.861674786E-01 -5.824230619E-01 -5.910527576E-01
 -5.908330285E-01 -5.871850114E-01 -5.911145381E-01 -5.889319324E-01 -5.983137273E-01
 -5.911597338E-01 -5.898196720E-01 -5.849097625E-01 -5.858137885E-01 -5.839593308E-01
 -5.843972941E-01 -5.154557182E-01 -4.812531998E-01 -4.922877341E-01 -5.065399671E-01
 -4.723565580E-01 -4.702516738E-01 -4.303469948E-01 -4.484124828E-01 -1.629186017E-01
 -1.447213115E-01 -2.084568875E-01 -2.220121849E-01 -1.931678047E-01 -1.759047882E-01
 -2.439974855E-01 -2.524040032E-01 -2.717208581E-01 -2.978192511E-01 -2.753924289E-01
 -3.105822436E-01 -3.354813018E-01 -3.116900383E-01 -3.389456455E-01 -5.137357136E-02
 -4.396653962E-02 -1.281364013E-02 3.229980682E-02 4.791402611E-02 1.197351024E-01
 1.532185773E-01 2.381581172E-01 2.118637599E-01 3.481167377E-01 3.070750745E-01
 4.580737597E-01 4.043624301E-01 -5.749351172E-01 -5.102328378E-01 -5.750744234E-01
 -5.115889774E-01 -5.722116616E-01 -3.912448808E-01 -4.054664376E-01 -4.282571092E-01
 -4.442892106E-01 -1.538973164E-01 -1.456309621E-01 -1.538826267E-01 -2.932777366E-01
 -1.598308710E-01 -3.635265429E-01 -3.508692705E-01 -1.535171275E-01 -8.041725688E-02
 -5.337503468E-02 -3.313857920E-02 -8.803861313E-02 -9.277112556E-02 -8.845423841E-02
 -5.231726269E-01 -5.274339643E-01 -5.307761671E-01 -5.425781059E-01 -5.483250258E-01
 -5.584072314E-01 -5.600187739E-01 -5.778715545E-01 -5.987005633E-01 -4.956425140E-01
 -6.478655701E-03 -8.595186511E-02 1.211405143E-02 -1.588833989E-01 -1.912720281E-01
 -1.642811735E-01 -3.176628361E-01 -1.268733320E-01 -3.212438572E-01 -4.094381199E-01
 -1.371276932E-01 -1.166985382E-01 -1.048253170E-01 -9.416454064E-02 -9.496071515E-02
 -8.953569286E-02 -6.447575757E-02 -6.172688659E-02 -4.004082618E-02 -3.489895868E-02
 -4.106881891E-02 -4.067231915E-02 -3.206326121E-02 -2.528771594E-02 -2.855412330E-02
 -2.545811132E-02 -3.277359720E-02 -3.352415204E-02 -2.996700963E-02 -3.652528819E-01
 -3.765735205E-01 -3.927690421E-01 -4.042444124E-01 -4.178709069E-01 1.551474364E-02
 1.976601473E-02 5.924606803E-02 5.360124776E-02 5.686761741E-02 5.555624707E-02
 7.748129205E-02 7.894552256E-02 8.431724328E-02
 160 162
 162 163
 163 164
 164 165
 165 167
 167 168
 168 169
 169 166
 166 170
 170 171
 171 175
 175 172
 172 174
 174 173
 173 176
 176 177
 177 178
 178 179
 179 180
 180 181
 181 185
 185 183
 183 182
 182 184
 184 186
 186 187
 187 189
 189 188
 188 192
 192 191
 191 190
 190 193
 193 269
 269 195
 195 194
 194 197
 197 196
 196 201
 201 200
 200 199
 199 198
 198 268
 268 267
 267 266
 266 265
 265 264
 264 263
 263 262
 262 261
 261 202
 202 205
 205 204
 204 203
 203 206
 206 207
 207 209
 209 208
 208 304
 304 303
 303 302
 302 301
 301 300
 300 224
 224 222
 222 223
 223 221
 221 219
 219 220
 220 218
 218 217
 217 216
 216 213
 213 212
 212 214
 214 215
 215 210
 210 211
 211 281
 281 282
 282 283
 283 284
 284 285
 285 286
 286 287
 287 288
 288 289
 289 290
 290 291
 291 292
 292 293
 293 295
 295 294
 294 296
 296 297
 297 298
 298 299
 299 257
 257 256
 256 255
 255 260
 260 258
 258 259
 259 254
 254 247
 247 249
 249 248
 248 251
 251 250
 250 253
 253 252
 252 243
 243 244
 244 245
 245 246
 246 242
 242 238
 238 240
 240 239
 239 241
 241 270
 270 280
 280 279
 279 277
 277 275
 275 276
 276 274
 274 278
 278 272
 272 271
 271 273
 273 305
 305 306
 306 307
 307 308
 308 309
 309 310
 310 311
 311 312
 312 313
 233 231
 231 230
 230 229
 229 228
 228 227
 227 226
 226 225
 225 161
 161 160
 237 236
 234 237
 235 232
 232 233
 234 235
 4 129
 129 127
 127 128
 128 126
 126 124
 124 125
 125 108
 108 106
 106 107
 107 110
 110 109
 109 111
 111 112
 112 113
 113 114
 114 115
 115 118
 118 117
 117 116
 116 119
 119 120
 120 121
 121 123
 123 122
 122 67
 67 69
 69 70
 70 68
 68 72
 72 71
 71 73
 73 75
 75 74
 74 76
 76 77
 77 78
 78 79
 79 80
 80 81
 81 82
 82 83
 83 84
 84 85
 85 86
 86 89
 89 88
 88 87
 87 90
 90 91
 91 92
 92 93
 93 94
 94 95
 95 62
 62 61
 61 66
 66 65
 65 64
 64 63
 47 45
 45 48
 48 49
 49 39
 39 40
 40 42
 42 41
 41 44
 44 43
 43 36
 36 37
 37 38
 38 50
 50 51
 51 52
 52 53
 53 55
 55 56
 56 54
 54 57
 57 58
 58 59
 59 60
 60 2
 2 1
 1 3
 3 4
 17 20
 20 21
 21 19
 19 18
 18 22
 22 23
 23 24
 24 25
 25 26
 26 27
 27 28
 28 29
 29 30
 30 31
 31 32
 32 33
 33 34
 34 96
 96 97
 97 98
 98 99
 99 100
 100 101
 101 105
 105 103
 103 102
 102 104
 104 130
 130 146
 146 144
 144 145
 145 147
 147 142
 142 141
 141 143
 143 140
 140 139
 139 148
 148 149
 149 150
 150 156
 156 155
 155 157
 157 158
 158 153
 153 154
 154 152
 152 151
 151 159
 159 136
 136 135
 135 137
 137 133
 133 132
 132 134
 134 131
 131 35
 35 46
 46 47
 11 138
 5 8
 8 9
 9 12
 12 13
 13 14
 14 15
 15 16
 16 17
 7 6
 6 10
 10 11
 5 7
