TITLE     = "Surface mesh and solution"
VARIABLES = "x" "y" "z" "cfx" "Cp"
DATASETAUXDATA alpha_deg="  0.0000000E+00"
DATASETAUXDATA beta_deg="  0.0000000E+00"
DATASETAUXDATA bref="  0.7500000"
DATASETAUXDATA cref="   1.000000"
DATASETAUXDATA itranflg="           0"
DATASETAUXDATA ivisc="           2"
DATASETAUXDATA mach="  0.2000000"
DATASETAUXDATA reue_mil="   4.600000"
DATASETAUXDATA sref="  0.7500000"
DATASETAUXDATA tinf_r="   521.0000"
DATASETAUXDATA xmc="  0.0000000E+00"
DATASETAUXDATA ymc="  0.0000000E+00"
DATASETAUXDATA zmc="  0.0000000E+00"
ZONE T="COFFE, MIT adapt Y=-0.001"
 STRANDID=0, SOLUTIONTIME=0
 Nodes=167, Elements=162, ZONETYPE=FELineSeg
 DATAPACKING=POINT
 DT=(DOUBLE DOUBLE DOUBLE DOUBLE DOUBLE )
7.38605797E-01 -1.00000005E-03 -1.30236134E-01 5.69251482E-04 4.15091574E-01
7.37655938E-01 -1.00000005E-03 -1.29923418E-01 7.43145865E-05 4.19413477E-01
7.36758351E-01 -9.99999931E-04 -1.29627988E-01 5.03388874E-05 4.21519339E-01
7.35651791E-01 -1.00000016E-03 -1.29264116E-01 5.03388583E-05 4.21588063E-01
7.37606287E-01 -1.00000005E-03 -1.30205184E-01 1.12280215E-03 4.02237087E-01
7.35497475E-01 -1.00000005E-03 -1.30139574E-01 1.39031850E-03 4.11990732E-01
7.33967900E-01 -1.00000005E-03 -1.28710359E-01 5.03388183E-05 4.21692669E-01
7.27809310E-01 -1.00000028E-03 -1.26688719E-01 -1.03415186E-06 4.20141637E-01
7.33725727E-01 -1.00000005E-03 -1.30084082E-01 9.30987473E-04 4.11836177E-01
7.28851676E-01 -1.00000005E-03 -1.29930004E-01 9.23738466E-04 4.11051035E-01
7.24975467E-01 -9.99999698E-04 -1.25759706E-01 -1.03414584E-06 4.18798953E-01
7.26302207E-01 -9.99999931E-04 -1.29848272E-01 9.38435202E-04 4.10851300E-01
7.19415724E-01 -9.99988406E-04 -1.23942085E-01 -9.63512775E-06 4.15799320E-01
7.10589647E-01 -9.99990385E-04 -1.21075831E-01 -9.63516777E-06 4.10031050E-01
7.00675070E-01 -1.00004824E-03 -1.17867202E-01 -9.55724499E-06 4.04123068E-01
7.21301734E-01 -9.99999465E-04 -1.29684061E-01 9.38434852E-04 4.13027763E-01
7.10651040E-01 -9.99999465E-04 -1.29314452E-01 9.47705121E-04 4.06489938E-01
7.01694012E-01 -9.99999349E-04 -1.28995836E-01 1.31943205E-03 4.00605679E-01
6.81994379E-01 -1.00039295E-03 -1.11916296E-01 -3.50534756E-05 3.95196348E-01
6.81887031E-01 -9.99999233E-04 -1.28227800E-01 1.07151247E-03 3.92918050E-01
6.71255291E-01 -9.99993761E-04 -1.27795085E-01 1.07151177E-03 3.89330417E-01
6.46450579E-01 -1.00001891E-03 -1.00685880E-01 -6.00137037E-06 3.74776214E-01
6.32362366E-01 -9.99991316E-04 -9.63095427E-02 -6.00136673E-06 3.64178002E-01
6.21214509E-01 -9.99386539E-04 -9.28766206E-02 -6.89211538E-06 3.57000411E-01
6.25555336E-01 -1.00000040E-03 -1.25719890E-01 1.40291476E-03 3.77812922E-01
6.14115238E-01 -9.99999000E-04 -1.25151634E-01 1.56908168E-03 3.75368893E-01
5.58608294E-01 -9.98842414E-04 -7.39219710E-02 1.78377777E-05 3.13076019E-01
5.52426279E-01 -9.99999233E-04 -1.21747836E-01 1.69037608E-03 3.63174289E-01
5.40521264E-01 -1.00000063E-03 -1.21031456E-01 1.69039553E-03 3.61005157E-01
-2.45145425E-01 -1.00003590E-03 3.41513790E-02 -3.22166685E-04 6.08638406E-01
-2.44714320E-01 -1.00000610E-03 3.30809988E-02 -2.75507977E-04 6.75294578E-01
-2.44932860E-01 -1.00005174E-03 3.36147808E-02 -3.22135253E-04 6.39287651E-01
-2.45440289E-01 -1.00000482E-03 3.49471457E-02 -4.15399030E-04 5.60651660E-01
-2.45778069E-01 -1.00001029E-03 3.60510014E-02 -4.15238610E-04 4.11237389E-01
-2.45984718E-01 -1.00003008E-03 3.68742310E-02 -4.86132689E-04 3.24938625E-01
-2.46212170E-01 -9.99992364E-04 3.80061455E-02 -3.51757859E-04 2.09051862E-01
-2.46107116E-01 -1.00005127E-03 3.74386758E-02 -4.86198172E-04 2.74073958E-01
-2.45239615E-01 -9.99981537E-04 4.66955230E-02 1.90560904E-03 -9.59675312E-01
-2.45002195E-01 -1.00006815E-03 4.72223647E-02 1.90545339E-03 -1.04084456E+00
-2.45995685E-01 -9.99964774E-04 4.43898924E-02 1.44522358E-03 -6.79455280E-01
-2.45537609E-01 -1.00000307E-03 4.59010080E-02 1.90787553E-03 -8.87785494E-01
-2.45823935E-01 -9.99999116E-04 4.50140908E-02 1.39792787E-03 -7.63788879E-01
-2.45722562E-01 -9.99995857E-04 4.53649536E-02 1.53330376E-03 -8.21945548E-01
-2.46330917E-01 -9.99999931E-04 3.88455167E-02 -4.15347982E-04 8.15586224E-02
-2.46419728E-01 -1.00000564E-03 3.99975739E-02 -1.58689945E-05 -5.48903309E-02
-2.46430859E-01 -1.00000121E-03 4.08460088E-02 1.18243384E-04 -2.44112313E-01
-2.46332854E-01 -9.99969197E-04 4.24208231E-02 8.63921712E-04 -3.60314459E-01
-2.46388152E-01 -9.99951619E-04 4.17019762E-02 1.18269098E-04 -2.60729343E-01
-2.46201932E-01 -1.00000005E-03 4.34120446E-02 1.19206531E-03 -5.55818379E-01
-2.44344175E-01 -1.00003893E-03 3.23167294E-02 -2.46622803E-04 7.31565058E-01
-2.43824527E-01 -1.00000354E-03 3.12750228E-02 -2.26194985E-04 7.96654880E-01
-2.44087622E-01 -1.00004638E-03 3.17978226E-02 -2.46626529E-04 7.64655530E-01
-2.43383914E-01 -1.00012182E-03 3.05315852E-02 -2.29820507E-04 8.31218302E-01
-2.42772445E-01 -1.00011693E-03 2.95265205E-02 -2.29815632E-04 8.77188325E-01
-2.43079603E-01 -1.00018643E-03 3.00314017E-02 -2.29817175E-04 8.54096293E-01
-2.42275327E-01 -9.99996322E-04 2.87419390E-02 -2.06166456E-04 9.17420566E-01
-2.41507798E-01 -9.99978627E-04 2.76854187E-02 -2.06144512E-04 9.26564634E-01
-2.41921082E-01 -9.99974087E-04 2.82543171E-02 -2.06155746E-04 9.21641231E-01
-2.40733758E-01 -9.99997370E-04 2.66205911E-02 -1.90614010E-04 9.35403228E-01
-2.40059257E-01 -1.00000808E-03 2.57991944E-02 -4.58886898E-05 9.68591094E-01
-2.39275172E-01 -1.00000331E-03 2.48535704E-02 3.75421291E-06 1.00551856E+00
-2.37971365E-01 -9.99991898E-04 2.34240424E-02 3.75002628E-06 1.00003874E+00
-2.38712251E-01 -1.00001460E-03 2.42350791E-02 3.75021023E-06 1.00354433E+00
-2.36525610E-01 -1.00000086E-03 2.19467022E-02 1.02002077E-05 9.95856464E-01
-2.35312372E-01 -1.00001099E-03 2.07862724E-02 4.49912550E-05 9.91472542E-01
-2.33849198E-01 -1.00000575E-03 1.94439702E-02 4.49914696E-05 9.85789359E-01
-2.32863113E-01 -9.99982003E-04 1.85985304E-02 9.26112698E-05 9.84022856E-01
-2.29346231E-01 -1.00000121E-03 1.57154147E-02 1.75964087E-04 9.79600728E-01
-2.27301270E-01 -1.00002019E-03 1.42229022E-02 1.75963141E-04 9.61470842E-01
-2.31623098E-01 -9.99984681E-04 1.75793879E-02 9.26134453E-05 9.83004928E-01
-2.32863113E-01 -9.99982003E-04 1.85985304E-02 9.26112698E-05 9.84022856E-01
-2.24453747E-01 -1.00000156E-03 1.21544665E-02 3.16817837E-04 9.35984552E-01
-2.20680997E-01 -9.99997486E-04 9.65481997E-03 3.99677694E-04 8.99674356E-01
-2.22739547E-01 -9.99997836E-04 1.10066552E-02 3.16802267E-04 9.15664196E-01
-2.16643304E-01 -1.00000016E-03 7.14273145E-03 4.82807867E-04 8.58063161E-01
-2.12916404E-01 -1.00002205E-03 5.01633575E-03 5.50432014E-04 8.43410373E-01
-2.08573073E-01 -9.99998068E-04 2.57509993E-03 8.07842123E-04 8.25949788E-01
-2.01827273E-01 -9.99978860E-04 -9.20909515E-04 8.07819946E-04 7.84770429E-01
-1.94746539E-01 -9.99998301E-04 -4.33682837E-03 8.04443844E-04 7.51400590E-01
-1.88174695E-01 -9.99996206E-04 -7.32079893E-03 9.13809403E-04 7.29830384E-01
-1.78466633E-01 -9.99993761E-04 -1.14406021E-02 1.14727416E-03 6.83319569E-01
-1.65074795E-01 -1.00002100E-03 -1.66916847E-02 9.79725621E-04 6.53176546E-01
-1.54130429E-01 -9.99995274E-04 -2.06605345E-02 1.43370067E-03 6.20836616E-01
-1.34281218E-01 -9.99978161E-04 -2.73117628E-02 1.52860896E-03 5.81630588E-01
-1.45929441E-01 -1.00000086E-03 -2.34915931E-02 1.93889241E-03 6.10797524E-01
-1.24364480E-01 -1.00000412E-03 -3.03806141E-02 1.52862037E-03 5.77332258E-01
-1.08557470E-01 -9.99975717E-04 -3.50349471E-02 1.63842097E-03 5.37949979E-01
2.54258782E-01 -9.99999465E-04 -9.73433256E-02 1.92993379E-03 3.58781874E-01
2.72353053E-01 -9.99999582E-04 -9.92652550E-02 1.98013359E-03 3.53848606E-01
2.19954595E-01 -9.99999233E-04 -9.35307667E-02 2.22125812E-03 3.61904800E-01
1.99411646E-01 -9.99998651E-04 -9.11128968E-02 1.92278775E-03 3.67447704E-01
1.58127517E-01 -9.99993528E-04 -8.59107897E-02 2.73340172E-03 3.74983102E-01
1.31285325E-01 -9.99999815E-04 -8.22732821E-02 2.07937486E-03 3.80707830E-01
-4.86258604E-02 -1.00000168E-03 -5.02594635E-02 1.51565764E-03 4.69659925E-01
-5.88807426E-02 -9.99997021E-04 -4.78774048E-02 1.48551131E-03 4.79304612E-01
-8.53145123E-03 -9.99994576E-04 -5.88567555E-02 1.13787549E-03 4.40293789E-01
4.26652422E-03 -9.99989104E-04 -6.13794625E-02 1.73728296E-03 4.32684243E-01
5.28727882E-02 -1.00000098E-03 -7.02023506E-02 1.75106723E-03 4.09064442E-01
6.85770288E-02 -9.99998068E-04 -7.28073344E-02 1.65024761E-03 4.06382978E-01
3.16858381E-01 -9.99999465E-04 -1.03690505E-01 1.72414829E-03 3.48742396E-01
3.33750814E-01 -1.00000005E-03 -1.05270050E-01 1.65437488E-03 3.50738287E-01
3.96042436E-01 -9.99996206E-04 -1.10697217E-01 2.30564619E-03 3.53856415E-01
4.10650641E-01 -9.99999582E-04 -1.11874513E-01 1.38002494E-03 3.53556931E-01
4.68018591E-01 -9.99998651E-04 -1.16218232E-01 1.82545173E-03 3.54447156E-01
4.80211377E-01 -9.99998767E-04 -1.17075831E-01 1.82545988E-03 3.55961978E-01
5.40521264E-01 -1.00000063E-03 -1.21031456E-01 1.69039553E-03 3.61005157E-01
-2.42591381E-01 -1.00000587E-03 5.11062145E-02 4.10876563E-03 -1.38157570E+00
-2.43289739E-01 -1.00000005E-03 5.01871891E-02 3.98229714E-03 -1.27559853E+00
-2.42948040E-01 -1.00000703E-03 5.06526418E-02 3.98182124E-03 -1.35295236E+00
-2.42049694E-01 -9.99999116E-04 5.17599471E-02 4.06741025E-03 -1.35152996E+00
-2.41270602E-01 -9.99998185E-04 5.26112542E-02 3.90960462E-03 -1.46848142E+00
-2.43762821E-01 -1.00001961E-03 4.94820699E-02 4.62131947E-03 -1.22097290E+00
-2.44359747E-01 -1.00000866E-03 4.84939478E-02 3.89365596E-03 -1.18353128E+00
-2.40667671E-01 -1.00001809E-03 5.32093383E-02 4.15211776E-03 -1.51952267E+00
-2.39815682E-01 -1.00000447E-03 5.40048443E-02 5.41080767E-03 -1.48940551E+00
-2.39152744E-01 -1.00006093E-03 5.45630753E-02 3.20199202E-03 -1.42283213E+00
-2.38231763E-01 -1.00000249E-03 5.53056486E-02 3.86960292E-03 -1.44549656E+00
-2.37479717E-01 -9.99979326E-04 5.58646247E-02 4.46936768E-03 -1.49087954E+00
-2.36437052E-01 -1.00007677E-03 5.65839596E-02 1.89468358E-03 -1.47356832E+00
-2.35602230E-01 -1.00006023E-03 5.71329109E-02 1.89459522E-03 -1.48056197E+00
-2.34356776E-01 -9.99948476E-04 5.78952581E-02 2.26752809E-03 -1.47343063E+00
-2.33303398E-01 -1.00004440E-03 5.84969930E-02 3.00702476E-03 -1.45203757E+00
-2.31688023E-01 -1.00026000E-03 5.93405180E-02 2.02255184E-03 -1.38619530E+00
-2.30274171E-01 -9.99991666E-04 6.00406379E-02 1.33653136E-03 -1.37559927E+00
-2.28133574E-01 -1.00010389E-03 6.09917529E-02 1.41347095E-03 -1.35999751E+00
-2.26250663E-01 -9.99965589E-04 6.17671721E-02 1.34578277E-03 -1.33409524E+00
-2.23715752E-01 -9.99953481E-04 6.27200678E-02 1.26192183E-03 -1.30171907E+00
-2.21586213E-01 -9.99888638E-04 6.34354502E-02 1.60685612E-03 -1.26364672E+00
-2.18449071E-01 -9.99829033E-04 6.43907636E-02 9.20844264E-04 -1.21837020E+00
-2.44761392E-01 -9.99999349E-04 4.77472916E-02 1.93227676E-03 -1.15234637E+00
-2.45002195E-01 -1.00006815E-03 4.72223647E-02 1.90545339E-03 -1.04084456E+00
-2.18449071E-01 -9.99829033E-04 6.43907636E-02 9.20844264E-04 -1.21837020E+00
-2.14386329E-01 -1.00005383E-03 6.55121654E-02 7.87625089E-04 -1.17862868E+00
-2.10624918E-01 -1.00088702E-03 6.63743913E-02 7.87595985E-04 -1.13735914E+00
-2.12767869E-01 -1.00110692E-03 6.58831820E-02 7.87612284E-04 -1.16088068E+00
-2.06667706E-01 -1.00010913E-03 6.72404096E-02 9.18284582E-04 -1.09665811E+00
-2.01420963E-01 -9.99924028E-04 6.82000443E-02 1.02469616E-03 -1.05967426E+00
-1.96336702E-01 -9.99679207E-04 6.90033883E-02 1.02442468E-03 -9.98944879E-01
-1.89327285E-01 -9.98897129E-04 6.98503181E-02 3.89126712E-04 -9.44948494E-01
-1.83489606E-01 -1.00006734E-03 7.04955012E-02 4.35278926E-04 -9.04606104E-01
-1.73051968E-01 -9.99607262E-04 7.13024884E-02 6.28075970E-04 -8.54105771E-01
-1.60475478E-01 -1.00010878E-03 7.18945712E-02 4.11281624E-04 -7.84610748E-01
-1.48777023E-01 -1.00018398E-03 7.21294582E-02 5.53845952E-04 -7.41657674E-01
-1.36780411E-01 -9.99779091E-04 7.21222386E-02 5.35593135E-04 -6.93341851E-01
-1.19678393E-01 -9.99597483E-04 7.16755763E-02 5.12271479E-04 -6.36550844E-01
-1.09203085E-01 -1.00024138E-03 7.12291896E-02 2.95304548E-04 -6.03551924E-01
-9.32230428E-02 -9.92402202E-04 7.02592432E-02 4.09163418E-04 -5.66223502E-01
2.70510793E-01 -1.00001926E-03 4.92883893E-03 1.34270624E-04 4.28436399E-02
2.83903122E-01 -1.00014557E-03 1.61576178E-03 1.34268324E-04 5.87441996E-02
1.66941345E-01 -1.00235839E-03 2.90847570E-02 2.74121499E-04 -8.65240097E-02
1.44630522E-01 -1.00155594E-03 3.38684060E-02 1.24047816E-04 -1.17218480E-01
2.32915610E-01 -9.99986543E-04 1.40263382E-02 1.61335498E-04 -1.02982530E-03
2.15749353E-01 -9.99917393E-04 1.80491749E-02 2.56546511E-04 -2.23122910E-02
-4.59591523E-02 -1.00287865E-03 6.59226552E-02 1.66365920E-04 -4.44722116E-01
-2.96793468E-02 -1.00073556E-03 6.39889315E-02 1.43597747E-04 -4.13644582E-01
2.77696387E-03 -9.98722739E-04 5.96029349E-02 1.10785921E-04 -3.52480829E-01
2.26156749E-02 -9.99501906E-04 5.65886348E-02 1.10791814E-04 -3.17285419E-01
6.68406188E-02 -9.98535426E-04 4.91109379E-02 8.97658101E-05 -2.40052179E-01
8.56590196E-02 -1.00289297E-03 4.56388108E-02 8.77617422E-05 -2.08548829E-01
3.33209574E-01 -9.99895623E-04 -1.09511632E-02 2.41726681E-04 1.11007333E-01
3.46320629E-01 -1.00071507E-03 -1.43533926E-02 1.72721149E-04 1.24623246E-01
4.07438755E-01 -9.99571872E-04 -3.07342689E-02 7.79555048E-05 1.84013069E-01
4.19197887E-01 -1.00054126E-03 -3.39706354E-02 7.79564361E-05 1.94813237E-01
4.78304058E-01 -9.99017619E-04 -5.05111814E-02 2.79676842E-05 2.46593133E-01
4.89926398E-01 -1.00265467E-03 -5.38801774E-02 2.16149529E-05 2.56345183E-01
5.46724916E-01 -9.99859418E-04 -7.03699216E-02 2.16150529E-05 3.04201603E-01
5.58608294E-01 -9.98842414E-04 -7.39219710E-02 1.78377777E-05 3.13076019E-01
 5 1
 1 2
 2 3
 3 4
 4 7
 7 8
 8 11
 11 13
 13 14
 14 15
 15 19
 19 22
 22 23
 23 24
 24 27
 6 9
 9 10
 10 12
 12 16
 16 17
 17 18
 18 20
 20 21
 21 25
 25 26
 26 28
 28 29
 5 6
 30 33
 33 34
 34 35
 35 37
 37 36
 36 44
 44 45
 45 46
 46 48
 48 47
 47 49
 49 40
 40 42
 42 43
 43 41
 41 38
 38 39
 51 52
 52 50
 50 31
 31 32
 32 30
 61 60
 60 59
 59 57
 57 58
 58 56
 56 54
 54 55
 55 53
 53 51
 65 64
 64 62
 62 63
 63 61
 66 67
 66 65
 68 70
 70 71
 72 69
 69 68
 75 73
 73 74
 74 72
 76 75
 79 78
 78 77
 77 76
 81 82
 82 83
 83 85
 85 84
 84 86
 86 87
 87 95
 95 94
 94 96
 96 97
 97 98
 98 99
 99 93
 93 92
 92 91
 91 90
 90 88
 88 89
 89 100
 100 101
 101 102
 102 103
 103 104
 104 105
 105 106
 81 80
 80 79
 107 110
 110 111
 111 114
 114 115
 115 116
 116 117
 117 118
 118 119
 119 120
 120 121
 121 122
 122 123
 123 124
 124 125
 125 126
 126 127
 127 128
 128 129
 112 108
 108 109
 109 107
 130 113
 113 112
 130 131
 132 133
 133 135
 135 134
 134 136
 136 137
 137 138
 138 139
 139 140
 140 141
 141 142
 142 143
 143 144
 144 145
 145 146
 146 147
 147 154
 154 155
 155 156
 156 157
 157 158
 158 159
 159 151
 151 150
 150 153
 153 152
 152 148
 148 149
 149 160
 160 161
 161 162
 162 163
 163 164
 164 165
 165 166
 166 167
ZONE T="COFFE, MIT adapt Y=-0.035"
 STRANDID=0, SOLUTIONTIME=0
 Nodes=188, Elements=183, ZONETYPE=FELineSeg
 DATAPACKING=POINT
 DT=(DOUBLE DOUBLE DOUBLE DOUBLE DOUBLE )
7.36352086E-01 -3.50000001E-02 -1.30166724E-01 1.39031862E-03 4.19676274E-01
7.38038182E-01 -3.50000001E-02 -1.30218804E-01 1.37901213E-03 4.18881238E-01
7.38605797E-01 -3.50000001E-02 -1.30236134E-01 2.09256262E-03 4.18295681E-01
7.38092363E-01 -3.50000001E-02 -1.30066827E-01 7.43146302E-05 4.18649077E-01
7.33821392E-01 -3.50000001E-02 -1.30089536E-01 1.39238627E-03 4.19794261E-01
7.33305454E-01 -3.50000001E-02 -1.30073339E-01 1.54119625E-03 4.19184506E-01
7.33627558E-01 -3.50000001E-02 -1.30083486E-01 1.38368655E-03 4.19495285E-01
7.10316837E-01 -3.50000001E-02 -1.29305556E-01 1.45977258E-03 4.06584680E-01
7.26765513E-01 -3.50000001E-02 -1.29864916E-01 1.58798438E-03 4.14142936E-01
7.20274448E-01 -3.50000001E-02 -1.29650965E-01 1.24967098E-03 4.11658108E-01
6.90788567E-01 -3.50000001E-02 -1.28587663E-01 1.63935369E-03 3.97085428E-01
6.87476873E-01 -3.50000001E-02 -1.28456846E-01 1.63935218E-03 3.95453125E-01
6.80069685E-01 -3.49999964E-02 -1.28161401E-01 1.07151223E-03 3.92170161E-01
6.43295109E-01 -3.50000001E-02 -1.26569301E-01 1.72342570E-03 3.80862415E-01
6.18261993E-01 -3.50000001E-02 -1.25365153E-01 1.56908366E-03 3.75899106E-01
7.36960888E-01 -3.50000001E-02 -1.29693702E-01 7.17528965E-05 4.18958634E-01
7.34145403E-01 -3.50000001E-02 -1.28765821E-01 4.72966749E-05 4.18943077E-01
7.33882844E-01 -3.50000001E-02 -1.28679350E-01 4.72966822E-05 4.19227004E-01
7.33634770E-01 -3.50000001E-02 -1.28597632E-01 4.72966894E-05 4.19495314E-01
7.16060460E-01 -3.49999964E-02 -1.22853428E-01 2.68327385E-05 4.09788489E-01
7.28249311E-01 -3.50000001E-02 -1.26830742E-01 2.87246075E-05 4.14651871E-01
7.21366644E-01 -3.50000001E-02 -1.24577805E-01 2.68326403E-05 4.11961228E-01
6.91907108E-01 -3.50000262E-02 -1.15073524E-01 -1.66029768E-05 3.98416847E-01
6.88254714E-01 -3.50000411E-02 -1.13905504E-01 -1.66029640E-05 3.96586686E-01
-2.46268764E-01 -3.50000001E-02 3.84056605E-02 -2.23808485E-04 2.31039912E-01
-2.45300606E-01 -3.49999852E-02 3.45458575E-02 -8.63923997E-05 6.23577595E-01
-2.46378258E-01 -3.50000001E-02 4.19552885E-02 4.76957735E-04 -3.72345388E-01
-2.44524062E-01 -3.49999741E-02 3.26975547E-02 -5.55072111E-05 7.93689191E-01
-2.43512705E-01 -3.49999741E-02 3.07389814E-02 -1.30788962E-04 8.75972271E-01
-2.42504373E-01 -3.50000076E-02 2.90956255E-02 -1.18375145E-04 9.30408776E-01
-2.45446786E-01 -3.49999629E-02 3.50176059E-02 -8.64108588E-05 6.02209508E-01
-2.45716318E-01 -3.49999592E-02 3.58874649E-02 -8.64463073E-05 5.62794387E-01
-2.45122135E-01 -3.50000039E-02 3.40852141E-02 -9.87371677E-05 6.70661390E-01
-2.44696215E-01 -3.49999927E-02 3.30545641E-02 -5.55158294E-05 7.74609566E-01
-2.44351730E-01 -3.49999778E-02 3.23401839E-02 -5.55031038E-05 8.12788248E-01
-2.43792400E-01 -3.49999964E-02 3.12238764E-02 -1.27616106E-04 8.61012220E-01
-2.44081646E-01 -3.50000449E-02 3.17947827E-02 -1.27623556E-04 8.38085532E-01
-2.43264228E-01 -3.49999703E-02 3.03227194E-02 -1.30786430E-04 8.87705922E-01
-2.42734164E-01 -3.50000076E-02 2.94569917E-02 -1.18373486E-04 9.16047513E-01
-2.39295736E-01 -3.50000039E-02 2.49059405E-02 1.11138088E-05 1.00537550E+00
-2.46179998E-01 -3.50000001E-02 3.79252210E-02 -2.23911324E-04 3.14398795E-01
-2.46012300E-01 -3.50000001E-02 3.70174721E-02 -2.24237025E-04 4.71912086E-01
-2.42260948E-01 -3.50000001E-02 2.87128277E-02 -1.18376993E-04 9.45622027E-01
-2.41397366E-01 -3.49999517E-02 2.75717843E-02 -3.07094233E-05 9.64885652E-01
-2.41872221E-01 -3.49999666E-02 2.81954389E-02 -3.07106166E-05 9.54894781E-01
-2.46336088E-01 -3.50000001E-02 3.88881043E-02 -2.17575260E-04 1.34144083E-01
-2.46407434E-01 -3.50000001E-02 3.97093557E-02 -5.00284441E-05 -2.93705575E-02
-2.46424764E-01 -3.50000039E-02 4.13134694E-02 1.98696405E-04 -2.97924846E-01
-2.46436328E-01 -3.50000001E-02 4.07028683E-02 1.02304817E-04 -4.59253080E-02
-2.46269390E-01 -3.50000001E-02 4.29494716E-02 3.73274321E-04 -5.29074550E-01
-2.46201932E-01 -3.50000001E-02 4.34120446E-02 3.42295592E-04 -6.40504897E-01
-2.46103555E-01 -3.50000076E-02 4.38670851E-02 9.04891931E-04 -6.88608468E-01
-2.36893147E-01 -3.50000039E-02 2.23125033E-02 6.58125646E-05 9.93059516E-01
-2.38657340E-01 -3.50000039E-02 2.41940022E-02 1.11136051E-05 1.00230181E+00
-2.37450719E-01 -3.50000001E-02 2.28754990E-02 1.12012667E-05 9.94062066E-01
-2.39875227E-01 -3.50000039E-02 2.55578179E-02 -3.26297704E-05 1.00722504E+00
-2.40540296E-01 -3.49999890E-02 2.64404807E-02 -3.26299960E-05 9.86841857E-01
-2.36443803E-01 -3.50000001E-02 2.18656529E-02 6.58126737E-05 9.92885649E-01
-2.35221863E-01 -3.49999964E-02 2.06923187E-02 5.83925903E-05 9.91535306E-01
-2.33794436E-01 -3.50000039E-02 1.93965342E-02 9.26134671E-05 9.88968194E-01
-2.30103195E-01 -3.49999927E-02 1.63271278E-02 1.70043873E-04 9.65973556E-01
-2.32595667E-01 -3.50000672E-02 1.83960292E-02 9.44742351E-05 9.84732330E-01
-2.28546545E-01 -3.50000076E-02 1.51195573E-02 1.70043189E-04 9.52197850E-01
-2.25242227E-01 -3.49999964E-02 1.27147175E-02 3.95383453E-04 9.36645627E-01
-2.45875821E-01 -3.50000001E-02 4.48419191E-02 1.13489432E-03 -7.43345797E-01
-2.45195970E-01 -3.50000001E-02 4.67828289E-02 2.16001575E-03 -1.12188053E+00
-2.44996846E-01 -3.50000001E-02 4.72585410E-02 2.16015987E-03 -1.14579248E+00
-2.45753676E-01 -3.50000001E-02 4.52474728E-02 1.46149180E-03 -8.21210742E-01
-2.45560780E-01 -3.49999964E-02 4.58282456E-02 1.46132975E-03 -9.88145709E-01
-2.22422689E-01 -3.50000039E-02 1.07984664E-02 3.10988398E-04 9.00991619E-01
-2.25242227E-01 -3.49999964E-02 1.27147175E-02 3.95383453E-04 9.36645627E-01
-2.21913517E-01 -3.50000001E-02 1.04596857E-02 3.16791877E-04 8.91853511E-01
-2.19392940E-01 -3.50000001E-02 8.83458182E-03 5.39638917E-04 8.88361573E-01
-2.17967778E-01 -3.50000001E-02 7.95101840E-03 4.84043936E-04 8.84098768E-01
-2.05447242E-01 -3.50000039E-02 9.34191456E-04 8.07837059E-04 7.98925221E-01
-2.00262576E-01 -3.49999964E-02 -1.70024484E-03 8.66347167E-04 7.71101952E-01
-2.13999569E-01 -3.50000039E-02 5.60162636E-03 5.50445518E-04 8.41259837E-01
-2.10207194E-01 -3.50000001E-02 3.46830045E-03 5.14245068E-04 8.25653970E-01
-1.79216430E-01 -3.50000001E-02 -1.11340117E-02 1.38881849E-03 6.81654036E-01
-1.83802143E-01 -3.50000039E-02 -9.22185555E-03 8.55634920E-04 6.94403052E-01
-1.92889154E-01 -3.50000001E-02 -5.18140802E-03 9.27538087E-04 7.38378286E-01
-1.71452567E-01 -3.49999890E-02 -1.42574599E-02 1.47513533E-03 6.61150336E-01
-1.52166501E-01 -3.50000001E-02 -2.13624146E-02 1.61904504E-03 6.10582948E-01
-1.63278461E-01 -3.50000039E-02 -1.73493698E-02 1.26969523E-03 6.41977072E-01
-9.38604325E-02 -3.50000039E-02 -3.90971489E-02 1.70835340E-03 5.13349652E-01
-7.58587122E-02 -3.49999890E-02 -4.37533520E-02 1.31892273E-03 4.94187832E-01
2.96860542E-02 -3.50000076E-02 -6.61367923E-02 1.54250546E-03 4.20838505E-01
1.76313609E-01 -3.49999852E-02 -8.82640556E-02 1.97991193E-03 3.69893909E-01
2.10111827E-01 -3.50000001E-02 -9.23868790E-02 1.90300518E-03 3.63107353E-01
3.58674467E-01 -3.50000001E-02 -1.07517660E-01 1.73975120E-03 3.49514872E-01
2.67548233E-01 -3.50000001E-02 -9.87627953E-02 1.98012264E-03 3.54622066E-01
2.52190888E-01 -3.50000076E-02 -9.71244723E-02 1.82227127E-03 3.58210325E-01
4.87231374E-01 -3.50000001E-02 -1.17567115E-01 1.69318204E-03 3.55371743E-01
3.71238261E-01 -3.50000039E-02 -1.08612739E-01 1.85979414E-03 3.48812670E-01
4.70752656E-01 -3.49999890E-02 -1.16416633E-01 1.82544766E-03 3.52658093E-01
4.28166300E-01 -3.50000001E-02 -1.13256477E-01 1.85830321E-03 3.51894975E-01
4.12146628E-01 -3.50000001E-02 -1.11998752E-01 1.80825160E-03 3.52293432E-01
1.24995261E-02 -3.50000001E-02 -6.29650354E-02 1.88113539E-03 4.31385159E-01
-1.09435178E-01 -3.49999592E-02 -3.47895212E-02 1.63842156E-03 5.36442578E-01
-1.33596152E-01 -3.49999927E-02 -2.75159273E-02 1.34778046E-03 5.73088050E-01
1.46026060E-01 -3.50000001E-02 -8.42942968E-02 2.07741209E-03 3.75250995E-01
4.77741808E-02 -3.49999964E-02 -6.93318397E-02 2.26034923E-03 4.07911450E-01
1.11317538E-01 -3.49999815E-02 -7.94136673E-02 1.91119744E-03 3.88155431E-01
6.84449896E-02 -3.50000001E-02 -7.27872625E-02 2.04950757E-03 4.04438764E-01
-1.82292368E-02 -3.50000486E-02 -5.68723865E-02 1.75271323E-03 4.49549556E-01
4.97679263E-01 -3.50000001E-02 -1.18273102E-01 1.62834744E-03 3.56054485E-01
5.46001673E-01 -3.50000001E-02 -1.21366017E-01 1.69038621E-03 3.60012919E-01
3.48457158E-01 -3.50000001E-02 -1.06610186E-01 1.77996443E-03 3.51205081E-01
3.24761122E-01 -3.50000001E-02 -1.04429267E-01 1.65435590E-03 3.48900467E-01
-5.83525002E-02 -3.49999405E-02 -4.80125099E-02 1.48551643E-03 4.78787810E-01
-3.76523882E-02 -3.50000001E-02 -5.27315550E-02 2.18325760E-03 4.66732472E-01
5.82428336E-01 -3.50000039E-02 -1.23475030E-01 1.54332968E-03 3.67481291E-01
6.18261993E-01 -3.50000001E-02 -1.25365153E-01 1.56908366E-03 3.75899106E-01
-2.43533656E-01 -3.49999964E-02 4.98402119E-02 3.06703034E-03 -1.59135056E+00
-2.42331430E-01 -3.50000001E-02 5.14299683E-02 3.67623218E-03 -1.69381213E+00
-2.43251234E-01 -3.50000001E-02 5.02444096E-02 3.06724571E-03 -1.60788786E+00
-2.42698789E-01 -3.50000001E-02 5.09801731E-02 3.67614673E-03 -1.65785301E+00
-2.43804261E-01 -3.50000001E-02 4.94273342E-02 2.48646480E-03 -1.55086458E+00
-2.44378760E-01 -3.50000076E-02 4.84792255E-02 2.48650974E-03 -1.39416075E+00
-2.44735807E-01 -3.49999964E-02 4.77836989E-02 2.03470537E-03 -1.24738920E+00
-2.44996846E-01 -3.50000001E-02 4.72585410E-02 2.16015987E-03 -1.14579248E+00
-2.41887465E-01 -3.50000001E-02 5.19430116E-02 4.50600265E-03 -1.71335065E+00
-2.41549909E-01 -3.50000001E-02 5.23165204E-02 4.25405521E-03 -1.71307921E+00
-2.40630358E-01 -3.49999964E-02 5.32531068E-02 4.57180757E-03 -1.79413331E+00
-2.39790842E-01 -3.50000001E-02 5.40226586E-02 3.99579434E-03 -1.79740930E+00
-2.40237221E-01 -3.50000076E-02 5.36185764E-02 3.99540318E-03 -1.80330622E+00
-2.39156723E-01 -3.49999964E-02 5.45623191E-02 3.74511140E-03 -1.77866125E+00
-2.38290578E-01 -3.50000001E-02 5.52673079E-02 3.39335972E-03 -1.75795686E+00
-2.33511552E-01 -3.50000001E-02 5.83917238E-02 3.51040927E-03 -1.69299519E+00
-2.37274677E-01 -3.49999964E-02 5.60215823E-02 4.42532822E-03 -1.83634722E+00
-2.36301750E-01 -3.50000001E-02 5.66880144E-02 4.19411249E-03 -1.84793651E+00
-2.29492724E-01 -3.50000113E-02 6.04009889E-02 5.23633463E-03 -1.61020970E+00
-2.34002218E-01 -3.50000001E-02 5.81041500E-02 3.51453060E-03 -1.71353257E+00
-2.35455841E-01 -3.50000001E-02 5.72365262E-02 4.72963508E-03 -1.79319000E+00
-2.32705086E-01 -3.49999964E-02 5.88180423E-02 4.08907747E-03 -1.69431138E+00
-2.30606452E-01 -3.49999964E-02 5.98877817E-02 4.78321081E-03 -1.65811467E+00
-2.32194737E-01 -3.49999964E-02 5.90866767E-02 4.08910541E-03 -1.69443810E+00
-2.29022816E-01 -3.50000188E-02 6.06073402E-02 5.23651950E-03 -1.59409761E+00
-2.28137165E-01 -3.49999629E-02 6.09962642E-02 5.23686828E-03 -1.56372619E+00
-2.20528886E-01 -3.50000001E-02 6.37899041E-02 2.24192115E-03 -1.41420305E+00
-2.20588624E-01 -3.50000001E-02 6.37703985E-02 2.24191952E-03 -1.41614199E+00
-2.24831000E-01 -3.50000039E-02 6.23206384E-02 3.71387694E-03 -1.54983306E+00
-2.20478147E-01 -3.50000001E-02 6.38064817E-02 2.24192254E-03 -1.41255593E+00
-2.15242893E-01 -3.50000262E-02 6.52974844E-02 2.21780292E-03 -1.33194566E+00
-2.12789938E-01 -3.50000076E-02 6.59146160E-02 2.36690859E-03 -1.30851066E+00
-2.10132614E-01 -3.50000374E-02 6.65230006E-02 2.78241304E-03 -1.26365328E+00
-2.04342827E-01 -3.49999927E-02 6.76998869E-02 3.58643429E-03 -1.17614233E+00
-2.01527193E-01 -3.50000039E-02 6.81923628E-02 1.55681756E-03 -1.13308358E+00
-2.01527193E-01 -3.50000039E-02 6.81923628E-02 1.55681756E-03 -1.13308358E+00
-1.93505198E-01 -3.49999666E-02 6.93892390E-02 3.92737007E-03 -1.06714070E+00
-1.84543267E-01 -3.50001007E-02 7.04080313E-02 1.69854017E-03 -9.85146761E-01
-1.71037883E-01 -3.50000262E-02 7.14385659E-02 1.67826598E-03 -8.86649013E-01
-1.59040719E-01 -3.49999778E-02 7.19619468E-02 1.72497937E-03 -8.21783543E-01
-1.51631057E-01 -3.50000560E-02 7.21214861E-02 6.82588725E-04 -7.88812578E-01
-1.27295807E-01 -3.50002907E-02 7.19412714E-02 1.11405831E-03 -6.91397786E-01
-4.75372598E-02 -3.49999294E-02 6.61240295E-02 1.46088074E-03 -4.60794389E-01
6.17232263E-01 -3.49997431E-02 -9.16611478E-02 4.40763288E-05 3.52622211E-01
1.43839478E-01 -3.50000001E-02 3.40309218E-02 8.05550721E-04 -1.22261524E-01
3.82675603E-02 -3.49999443E-02 5.40538579E-02 1.14549359E-03 -2.95587629E-01
4.74891037E-01 -3.49998623E-02 -4.95574921E-02 3.95215291E-04 2.42446706E-01
-1.06985509E-01 -3.49999778E-02 7.11163580E-02 1.64699799E-03 -6.18519723E-01
-8.13694000E-02 -3.50011364E-02 6.93741143E-02 1.14747637E-03 -5.54166138E-01
1.46540299E-01 -3.50000001E-02 3.34648490E-02 8.05548800E-04 -1.18771829E-01
1.81983337E-01 -3.50000188E-02 2.57473867E-02 7.79689697E-04 -7.02156648E-02
3.21290702E-01 -3.49999741E-02 -7.86400773E-03 1.97867717E-04 9.73457918E-02
2.89886236E-01 -3.50001678E-02 1.12408328E-04 3.36799712E-04 6.09208643E-02
3.05087298E-01 -3.49999666E-02 -3.72863514E-03 3.31953430E-04 7.98092559E-02
1.39973253E-01 -3.50000300E-02 3.48412618E-02 8.05553515E-04 -1.27257079E-01
7.07532987E-02 -3.50000449E-02 4.84231040E-02 1.00035372E-03 -2.34176934E-01
8.95022452E-02 -3.49997766E-02 4.49319258E-02 1.48230349E-03 -2.06568867E-01
6.44881785E-01 -3.49999070E-02 -1.00196488E-01 -3.04514961E-05 3.71089637E-01
5.08543015E-01 -3.50001678E-02 -5.91997392E-02 2.06769066E-04 2.70560294E-01
5.35606086E-01 -3.50002162E-02 -6.71215206E-02 2.09376783E-04 2.90941328E-01
3.61123234E-01 -3.50000113E-02 -1.82688050E-02 1.94426917E-04 1.38183892E-01
3.76767933E-01 -3.50000337E-02 -2.24306080E-02 1.94426859E-04 1.53346524E-01
3.70273978E-01 -3.49999480E-02 -2.07030866E-02 1.94426873E-04 1.47052646E-01
5.88473082E-01 -3.50000486E-02 -8.28947425E-02 1.31341105E-04 3.32060695E-01
5.76856196E-01 -3.49999890E-02 -7.93477893E-02 1.31341003E-04 3.24051887E-01
6.85392976E-01 -3.50000188E-02 -1.12990342E-01 -1.66029531E-05 3.95152718E-01
4.34327453E-01 -3.50000635E-02 -3.81504409E-02 4.22125013E-04 2.06065983E-01
4.23325419E-01 -3.49998362E-02 -3.51168402E-02 4.22122423E-04 1.95487484E-01
1.34030478E-02 -3.50000933E-02 5.80360517E-02 1.04803417E-03 -3.40486705E-01
-1.67079121E-02 -3.50008346E-02 6.23317398E-02 2.09492887E-03 -3.95902395E-01
3.23003228E-03 -3.50000001E-02 5.95510341E-02 2.38581793E-03 -3.58309895E-01
2.16958240E-01 -3.49999666E-02 1.77666694E-02 8.99789797E-04 -2.40660533E-02
2.28856295E-01 -3.49999778E-02 1.49857430E-02 7.87482189E-04 -8.83308798E-03
6.87493980E-01 -3.50000374E-02 -1.13662228E-01 -1.66029604E-05 3.96205485E-01
6.88254714E-01 -3.50000411E-02 -1.13905504E-01 -1.66029640E-05 3.96586686E-01
 3 2
 2 1
 1 5
 5 7
 7 6
 6 9
 9 10
 10 8
 8 11
 11 12
 12 13
 13 14
 14 15
 4 3
 16 4
 16 17
 17 18
 18 19
 19 21
 21 22
 22 20
 20 23
 23 24
 25 41
 41 42
 42 32
 32 31
 31 26
 26 33
 33 34
 34 28
 28 35
 35 37
 37 36
 36 29
 29 38
 38 39
 39 30
 30 43
 43 45
 45 44
 44 57
 57 56
 56 40
 40 54
 54 55
 55 53
 53 58
 58 59
 59 60
 60 62
 62 61
 61 63
 63 64
 46 47
 47 49
 49 48
 48 27
 27 50
 50 51
 51 52
 52 65
 65 68
 68 69
 69 66
 66 67
 46 25
 70 71
 72 70
 72 73
 73 74
 74 77
 77 78
 78 75
 75 76
 76 81
 81 80
 80 79
 79 82
 82 84
 84 83
 83 100
 100 99
 99 85
 85 86
 86 110
 110 111
 111 105
 105 98
 98 87
 87 102
 102 104
 104 103
 103 101
 101 88
 88 89
 89 92
 92 91
 91 109
 109 108
 108 90
 90 94
 94 97
 97 96
 96 95
 95 93
 93 106
 106 107
 107 112
 112 113
 114 118
 118 119
 119 120
 120 121
 116 117
 117 115
 115 122
 122 123
 123 124
 124 126
 126 125
 125 127
 127 128
 128 130
 130 131
 131 134
 134 133
 133 129
 129 135
 135 137
 137 136
 136 132
 132 138
 138 139
 139 142
 142 141
 141 140
 140 143
 143 144
 144 145
 145 146
 146 147
 147 148
 116 114
 149 150
 150 151
 151 152
 152 153
 153 154
 154 155
 155 161
 161 162
 162 156
 156 183
 183 184
 184 182
 182 159
 159 169
 169 170
 170 168
 168 158
 158 163
 163 164
 164 185
 185 186
 186 166
 166 167
 167 165
 165 174
 174 176
 176 175
 175 181
 181 180
 180 160
 160 172
 172 173
 173 178
 178 177
 177 157
 157 171
 171 179
 179 187
 187 188
ZONE T="COFFE, MIT adapt Y=-0.73"
 STRANDID=0, SOLUTIONTIME=0
 Nodes=197, Elements=191, ZONETYPE=FELineSeg
 DATAPACKING=POINT
 DT=(DOUBLE DOUBLE DOUBLE DOUBLE DOUBLE )
-2.34015897E-01 -7.30000019E-01 1.96015090E-02 4.92294668E-04 7.98161924E-01
-2.33731702E-01 -7.30000019E-01 1.93450693E-02 4.92291234E-04 7.92401433E-01
-2.30457693E-01 -7.30000019E-01 1.65877379E-02 5.63998416E-04 7.34224319E-01
-2.36712724E-01 -7.30000138E-01 2.21750736E-02 2.11027524E-04 8.57081950E-01
-2.34410748E-01 -7.30000019E-01 1.99577920E-02 4.92299790E-04 8.06165576E-01
-2.36422047E-01 -7.30000079E-01 2.18599122E-02 2.11029110E-04 8.52215171E-01
-2.24852443E-01 -7.29999959E-01 1.24631738E-02 7.00806384E-04 6.69445753E-01
-2.20804214E-01 -7.30000019E-01 9.75006726E-03 9.24926833E-04 6.39395893E-01
-2.28659853E-01 -7.30000019E-01 1.52039872E-02 6.79975084E-04 7.04384983E-01
-2.25944892E-01 -7.29999959E-01 1.32270092E-02 7.00800272E-04 6.76285803E-01
-2.18707308E-01 -7.30000019E-01 8.42194725E-03 9.44976637E-04 6.14268601E-01
-2.12763101E-01 -7.30000019E-01 4.90091089E-03 6.38508005E-04 5.69682062E-01
-2.08064288E-01 -7.30000019E-01 2.31401599E-03 9.44182742E-04 5.40736198E-01
-2.01640397E-01 -7.30000019E-01 -1.00134290E-03 1.17951306E-03 5.08797228E-01
-1.94800884E-01 -7.29999959E-01 -4.31786058E-03 1.10221538E-03 4.60689545E-01
-1.88375652E-01 -7.29999959E-01 -7.23285647E-03 1.65160629E-03 4.51439917E-01
-1.74015820E-01 -7.30000019E-01 -1.32411160E-02 1.71094644E-03 4.06662405E-01
-1.66589037E-01 -7.30000019E-01 -1.61254108E-02 1.86871982E-03 3.86805356E-01
-1.49363399E-01 -7.30000019E-01 -2.23330241E-02 1.97412982E-03 3.42281520E-01
-4.42790985E-02 -7.30000019E-01 -5.12548909E-02 2.62379018E-03 2.30833218E-01
3.22971828E-02 -7.29999959E-01 -6.66125342E-02 2.38045095E-03 1.87138334E-01
6.24170080E-02 -7.30000019E-01 -7.17903674E-02 1.84177444E-03 1.76257685E-01
-1.43008485E-01 -7.30000019E-01 -2.44689956E-02 2.58474983E-03 3.44479650E-01
-2.40988899E-02 -7.30000019E-01 -5.56529760E-02 2.40529794E-03 2.18753651E-01
1.61521602E-02 -7.29999959E-01 -6.36509433E-02 1.90909824E-03 2.01595068E-01
-8.75410736E-02 -7.30000019E-01 -4.07745354E-02 2.34691170E-03 2.67445177E-01
-9.70337838E-02 -7.30000019E-01 -3.82419415E-02 2.16843118E-03 2.79383212E-01
-1.87656522E-01 -7.30000019E-01 7.00878873E-02 2.99570221E-03 -3.84964138E-01
-1.95083871E-01 -7.30000019E-01 6.91786408E-02 2.62733456E-03 -4.19956744E-01
-1.80112377E-01 -7.30000019E-01 7.08080307E-02 2.29446380E-03 -3.60479712E-01
-1.75579801E-01 -7.30000019E-01 7.11507574E-02 2.14648037E-03 -3.36561114E-01
-1.59286067E-01 -7.30000019E-01 7.19439015E-02 3.07583879E-03 -3.01137626E-01
-1.51761159E-01 -7.30000019E-01 7.21184611E-02 3.47824092E-03 -2.92051226E-01
-1.39354095E-01 -7.30000019E-01 7.21407458E-02 2.26359093E-03 -2.58008212E-01
-1.13282807E-01 -7.30000019E-01 7.14361817E-02 2.46378686E-03 -2.27319703E-01
4.52525243E-02 -7.30000019E-01 5.29033951E-02 2.79583922E-03 -9.41050723E-02
-5.17072827E-02 -7.30000019E-01 6.65777773E-02 1.98794738E-03 -1.59362033E-01
-5.32113872E-02 -7.30000019E-01 6.67381436E-02 1.52655609E-03 -1.59301683E-01
-5.22783585E-02 -7.30000019E-01 6.66386187E-02 1.52655621E-03 -1.59085482E-01
2.01436356E-01 -7.30000019E-01 2.13729665E-02 1.80566998E-03 -6.34369627E-02
1.91162795E-01 -7.30000019E-01 2.36975402E-02 2.19598389E-03 -6.25163615E-02
1.27471864E-01 -7.30000019E-01 3.74339372E-02 1.95327355E-03 -6.35601878E-02
3.72264422E-02 -7.30000079E-01 5.42457588E-02 2.03041336E-03 -9.92071405E-02
1.88592658E-03 -7.30000019E-01 5.97384870E-02 1.94570306E-03 -1.21659070E-01
5.34240529E-02 -7.30000019E-01 5.14937751E-02 2.04243348E-03 -9.11691487E-02
1.13889538E-01 -7.30000019E-01 4.01857160E-02 2.07868172E-03 -6.89786747E-02
-1.10298239E-01 -7.30000019E-01 7.12937117E-02 3.19859828E-03 -2.19806910E-01
2.60009080E-01 -7.30000079E-01 7.51799857E-03 2.22184509E-03 -8.91347378E-02
2.80937016E-01 -7.30000019E-01 2.35762005E-03 3.15158209E-03 -1.08045168E-01
4.98095244E-01 -7.30000019E-01 -1.18302584E-01 1.67367619E-03 8.77538547E-02
5.11682987E-01 -7.30000019E-01 -1.19204976E-01 2.14416068E-03 8.28986019E-02
4.88675863E-01 -7.30000019E-01 -1.17664784E-01 2.75326497E-03 8.65041763E-02
4.59169775E-01 -7.30000019E-01 -1.15584783E-01 1.96126732E-03 8.59695747E-02
3.89892280E-01 -7.30000019E-01 -1.10188127E-01 2.09590304E-03 9.35398042E-02
3.05271089E-01 -7.30000019E-01 -1.02576584E-01 2.59388424E-03 1.14388965E-01
1.76210865E-01 -7.30000019E-01 -8.82489011E-02 2.60441517E-03 1.36573777E-01
1.81704849E-01 -7.30000019E-01 -8.89415219E-02 2.11552298E-03 1.35769889E-01
2.18436405E-01 -7.30000019E-01 -9.33470428E-02 2.58133234E-03 1.26517430E-01
9.98793319E-02 -7.30000019E-01 -7.77173787E-02 2.11953954E-03 1.56479761E-01
1.71218902E-01 -7.30000019E-01 -8.76094401E-02 2.47530569E-03 1.36075318E-01
1.06719948E-01 -7.29999959E-01 -7.87338540E-02 2.11948226E-03 1.59204572E-01
1.36657402E-01 -7.30000019E-01 -8.30188096E-02 2.27768417E-03 1.49233773E-01
5.25996983E-01 -7.30000019E-01 -1.20125592E-01 2.43316847E-03 8.28101411E-02
4.33557034E-01 -7.30000019E-01 -1.13670610E-01 2.52091582E-03 8.90508741E-02
4.18151438E-01 -7.30000019E-01 -1.12476468E-01 2.52102618E-03 8.84183571E-02
3.60605955E-01 -7.29999959E-01 -1.07687220E-01 2.74690893E-03 9.73069146E-02
3.42144907E-01 -7.30000019E-01 -1.06041081E-01 3.14993993E-03 9.61753726E-02
3.48377734E-01 -7.30000019E-01 -1.06600396E-01 3.14990152E-03 9.63379964E-02
2.65546262E-01 -7.30000019E-01 -9.85528156E-02 1.80277112E-03 1.21917829E-01
2.62905657E-01 -7.30000019E-01 -9.82722640E-02 1.80276937E-03 1.21642694E-01
2.63988256E-01 -7.30000019E-01 -9.83872861E-02 1.80277007E-03 1.21755488E-01
9.30032581E-02 -7.30000019E-01 -7.66711608E-02 2.32796092E-03 1.61875248E-01
6.24170080E-02 -7.30000019E-01 -7.17903674E-02 1.84177444E-03 1.76257685E-01
6.10308945E-01 -7.30000019E-01 -1.24957658E-01 1.82261085E-03 1.18794836E-01
6.55691803E-01 -7.29999959E-01 -1.27123639E-01 1.86375785E-03 1.46814495E-01
6.59609377E-01 -7.30000019E-01 -1.27299190E-01 1.99197233E-03 1.51334673E-01
6.60678029E-01 -7.30000019E-01 -1.27346009E-01 1.99197722E-03 1.52333304E-01
5.80467165E-01 -7.30000019E-01 -1.23364545E-01 2.33015046E-03 1.14081778E-01
5.55911183E-01 -7.30000019E-01 -1.21962816E-01 2.62560672E-03 1.02181196E-01
-2.46348873E-01 -7.29999959E-01 3.94037552E-02 -3.10974174E-05 7.18221188E-01
-2.46417344E-01 -7.30000019E-01 4.12209406E-02 1.39128329E-04 5.94398141E-01
-2.46030465E-01 -7.30000019E-01 3.71699743E-02 -3.94344461E-05 8.55997980E-01
-2.45666578E-01 -7.30000019E-01 3.56970057E-02 1.48931235E-06 9.01904523E-01
-2.45899320E-01 -7.30000019E-01 3.64689976E-02 -4.43930330E-05 8.81549120E-01
-2.46359751E-01 -7.30000019E-01 3.95987704E-02 -2.02134433E-05 7.00190187E-01
-2.46429503E-01 -7.30000019E-01 4.10158113E-02 1.39122858E-04 5.99733174E-01
-2.46404335E-01 -7.30000019E-01 4.03431430E-02 -2.02053070E-05 6.44129992E-01
-2.46405602E-01 -7.30000019E-01 4.14190032E-02 1.39133190E-04 5.89246631E-01
-2.46298328E-01 -7.30000019E-01 4.27345708E-02 8.81855958E-05 5.19702554E-01
-2.46366128E-01 -7.30000019E-01 4.20850478E-02 1.39147218E-04 5.71920753E-01
-2.45549470E-01 -7.30000019E-01 3.53151448E-02 1.49095081E-06 9.07860398E-01
-2.44989172E-01 -7.30000019E-01 3.38186324E-02 3.63810636E-06 9.38906193E-01
-2.46339321E-01 -7.29999959E-01 3.92053314E-02 -3.10973446E-05 7.42963791E-01
-2.46206149E-01 -7.30000019E-01 3.80888656E-02 -3.93988375E-05 8.29159558E-01
-2.44832084E-01 -7.30000019E-01 3.34512927E-02 3.63868526E-06 9.48012590E-01
-2.44193435E-01 -7.30000019E-01 3.19849551E-02 2.68773856E-05 9.66420949E-01
-2.43992060E-01 -7.30000019E-01 3.16400193E-02 2.68774202E-05 9.68706250E-01
-2.43277118E-01 -7.29999959E-01 3.04154530E-02 2.68775439E-05 9.76819575E-01
-2.40602866E-01 -7.30000079E-01 2.65369304E-02 8.93800025E-05 9.22934234E-01
-2.42843315E-01 -7.29999959E-01 2.96724029E-02 2.68776203E-05 9.81742620E-01
-2.42284775E-01 -7.30000019E-01 2.87601966E-02 8.74807083E-05 9.84709084E-01
-2.42573276E-01 -7.30000019E-01 2.92098764E-02 2.68776676E-05 9.84807134E-01
-2.40366533E-01 -7.30000019E-01 2.62237210E-02 8.93785473E-05 9.13836539E-01
-2.39153445E-01 -7.29999959E-01 2.47752629E-02 2.10949234E-04 8.84760499E-01
-2.46201932E-01 -7.30000019E-01 4.34120446E-02 8.80680018E-05 4.09823447E-01
-2.40948394E-01 -7.30000079E-01 2.69948374E-02 8.93821343E-05 9.36235607E-01
-2.41727203E-01 -7.30000019E-01 2.80269440E-02 8.93869656E-05 9.66219246E-01
-2.46060878E-01 -7.30000019E-01 4.40816581E-02 5.86931477E-04 2.94943213E-01
-2.38754243E-01 -7.29999959E-01 2.43536625E-02 2.10948478E-04 8.81284475E-01
-2.36712724E-01 -7.30000138E-01 2.21750736E-02 2.11027524E-04 8.57081950E-01
-2.45758370E-01 -7.30000019E-01 4.52538356E-02 7.60531111E-04 3.12937111E-01
-2.45906502E-01 -7.30000019E-01 4.47168313E-02 1.08724134E-03 2.64994174E-01
7.36874580E-01 -7.30000019E-01 -1.30183518E-01 2.26161047E-03 1.78173691E-01
7.37307727E-01 -7.30000019E-01 -1.30196735E-01 2.24163849E-03 1.73418120E-01
7.38605797E-01 -7.30000019E-01 -1.30236134E-01 4.18835320E-03 9.50893313E-02
7.37474859E-01 -7.30000019E-01 -1.29862964E-01 3.75415693E-04 7.80530348E-02
7.35796750E-01 -7.30000019E-01 -1.30150452E-01 1.87064463E-03 1.87737346E-01
7.33644009E-01 -7.30000019E-01 -1.30083382E-01 1.87064847E-03 1.95538446E-01
7.30873883E-01 -7.30000019E-01 -1.29996985E-01 1.86642841E-03 2.06482857E-01
7.24792540E-01 -7.30000019E-01 -1.29794553E-01 1.71248964E-03 2.07862094E-01
7.29187131E-01 -7.30000019E-01 -1.29942134E-01 1.90939568E-03 2.07826540E-01
7.18032300E-01 -7.30000019E-01 -1.29570395E-01 1.71250105E-03 2.08001629E-01
7.04602301E-01 -7.30000019E-01 -1.29091874E-01 1.49090402E-03 2.03866735E-01
7.00166523E-01 -7.30000019E-01 -1.28927544E-01 1.49089738E-03 2.01056480E-01
6.68069124E-01 -7.29999959E-01 -1.27668440E-01 1.66915939E-03 1.59422845E-01
6.60678029E-01 -7.30000019E-01 -1.27346009E-01 1.99197722E-03 1.52333304E-01
7.36447811E-01 -7.30000019E-01 -1.29524410E-01 4.22055193E-04 6.72070235E-02
7.34845400E-01 -7.30000019E-01 -1.28997058E-01 4.22058947E-04 4.98893000E-02
7.34057486E-01 -7.30000019E-01 -1.28737748E-01 4.22060781E-04 4.13737893E-02
7.31257498E-01 -7.30000019E-01 -1.27816260E-01 4.22067358E-04 1.11108655E-02
7.29652703E-01 -7.30000019E-01 -1.27289325E-01 1.09448761E-03 -5.58221154E-03
7.25570738E-01 -7.30000019E-01 -1.25953481E-01 1.12056674E-03 -4.73895893E-02
7.20729887E-01 -7.30000019E-01 -1.24370307E-01 1.12789636E-03 -9.40053314E-02
7.06731081E-01 -7.30000019E-01 -1.19822018E-01 2.20819749E-03 -2.07550600E-01
7.02808619E-01 -7.30000019E-01 -1.18551977E-01 2.33129715E-03 -2.31023937E-01
6.81148529E-01 -7.30000019E-01 -1.11607693E-01 2.90000439E-03 -3.57389987E-01
6.65544331E-01 -7.30000019E-01 -1.06657706E-01 3.48707917E-03 -4.29881096E-01
6.53464913E-01 -7.29999959E-01 -1.02857113E-01 4.12250217E-03 -4.97176349E-01
5.21785736E-01 -7.30000019E-01 -6.30422160E-02 4.88354964E-03 -6.51148558E-01
6.02595806E-01 -7.30000019E-01 -8.71354342E-02 4.92298324E-03 -6.69915378E-01
4.99685019E-01 -7.30000019E-01 -5.66335618E-02 4.05777711E-03 -5.97309828E-01
4.71277624E-01 -7.30000019E-01 -4.85106669E-02 4.51225601E-03 -5.22978127E-01
6.23913825E-01 -7.30000019E-01 -9.36697945E-02 4.13310854E-03 -6.06566012E-01
5.35469592E-01 -7.30000019E-01 -6.70477822E-02 4.62887855E-03 -6.69762611E-01
5.87715805E-01 -7.30000019E-01 -8.26205313E-02 5.10258880E-03 -6.99279666E-01
4.46572095E-01 -7.30000019E-01 -4.15471420E-02 3.79019720E-03 -4.36660647E-01
4.31664884E-01 -7.30000019E-01 -3.73973846E-02 3.89228342E-03 -3.94652307E-01
3.76028091E-01 -7.30000019E-01 -2.22323053E-02 3.20334453E-03 -2.47519612E-01
3.58050823E-01 -7.30000019E-01 -1.74559560E-02 2.85883434E-03 -2.14314982E-01
2.83564180E-01 -7.30000019E-01 1.69907522E-03 3.15159815E-03 -1.11696646E-01
2.80937016E-01 -7.30000019E-01 2.35762005E-03 3.15158209E-03 -1.08045168E-01
-2.40262836E-01 -7.30000019E-01 5.36026098E-02 4.29451745E-03 -5.10107696E-01
-2.44075671E-01 -7.30000019E-01 4.89933454E-02 2.51036836E-03 -1.87811077E-01
-2.42955074E-01 -7.30000019E-01 5.06499000E-02 2.93704658E-03 -3.69718283E-01
-2.38736466E-01 -7.30000019E-01 5.49041107E-02 4.75014932E-03 -5.95586360E-01
-2.37094060E-01 -7.30000019E-01 5.61416149E-02 4.70710965E-03 -6.41030967E-01
-2.41663456E-01 -7.30000019E-01 5.21761216E-02 4.08877991E-03 -4.30409551E-01
-2.44178489E-01 -7.30000019E-01 4.88221720E-02 2.51056184E-03 -1.60761252E-01
-2.44807124E-01 -7.30000019E-01 4.76626195E-02 2.60426314E-03 -3.29696499E-02
-2.44561955E-01 -7.30000019E-01 4.81285043E-02 2.03005201E-03 -8.48444849E-02
-2.42832541E-01 -7.30000019E-01 5.08075617E-02 3.08863865E-03 -3.79115015E-01
-2.41796628E-01 -7.30000019E-01 5.20271659E-02 4.08885861E-03 -4.12632883E-01
-2.42286995E-01 -7.30000019E-01 5.14786877E-02 4.08914732E-03 -3.47169131E-01
-2.45758370E-01 -7.30000019E-01 4.52538356E-02 7.60531111E-04 3.12937111E-01
-2.41532221E-01 -7.30000019E-01 5.23268022E-02 2.40886887E-03 -4.46160048E-01
-2.40407571E-01 -7.30000019E-01 5.34646064E-02 4.05604672E-03 -5.04804730E-01
-2.40979388E-01 -7.30000019E-01 5.29048257E-02 3.84135963E-03 -4.87373829E-01
-2.40112975E-01 -7.30000019E-01 5.37351072E-02 4.29452676E-03 -5.20878077E-01
-2.38893494E-01 -7.30000019E-01 5.47795780E-02 4.75013489E-03 -5.91538906E-01
-2.39463285E-01 -7.30000019E-01 5.43094873E-02 4.29456774E-03 -5.67568362E-01
-2.38577858E-01 -7.30000019E-01 5.50298877E-02 4.75016423E-03 -5.99674404E-01
-2.37261757E-01 -7.30000019E-01 5.60214706E-02 4.63977922E-03 -6.42976284E-01
-2.37940624E-01 -7.30000019E-01 5.55337518E-02 4.63996036E-03 -6.16364896E-01
-2.43072614E-01 -7.30000019E-01 5.04883714E-02 2.93714995E-03 -3.65323007E-01
-2.43972883E-01 -7.30000019E-01 4.91644517E-02 2.51017488E-03 -2.14845255E-01
-2.45169714E-01 -7.30000019E-01 4.68417853E-02 1.86892971E-03 1.72931403E-02
-2.45430082E-01 -7.30000019E-01 4.62106727E-02 8.29192519E-04 8.15896988E-02
-2.33205095E-01 -7.30000019E-01 5.85552156E-02 3.13758082E-03 -6.20901763E-01
-2.35018015E-01 -7.30000019E-01 5.75051866E-02 5.97778382E-03 -5.93855619E-01
-2.34176338E-01 -7.30000019E-01 5.80128022E-02 5.18062152E-03 -6.15546107E-01
-2.36784860E-01 -7.30000019E-01 5.63629530E-02 4.70692851E-03 -6.32698119E-01
-2.35370204E-01 -7.30000019E-01 5.72920851E-02 5.97781781E-03 -5.83793104E-01
-2.25238636E-01 -7.30000019E-01 6.21664114E-02 4.51029977E-03 -5.88990033E-01
-2.22082555E-01 -7.30000019E-01 6.32829294E-02 3.63508263E-03 -5.61561763E-01
-2.32545882E-01 -7.30000019E-01 5.89138940E-02 3.61848716E-03 -6.43947124E-01
-2.29939923E-01 -7.30000019E-01 6.02020398E-02 3.05958488E-03 -6.36964619E-01
-2.29385629E-01 -7.30000019E-01 6.04550950E-02 3.05967242E-03 -6.33500040E-01
-2.26583481E-01 -7.30000019E-01 6.16447963E-02 5.26374811E-03 -5.88661909E-01
-2.09648341E-01 -7.30000019E-01 6.66378066E-02 4.65592369E-03 -4.77192104E-01
-2.10765466E-01 -7.30000019E-01 6.63896874E-02 4.49194759E-03 -4.91379559E-01
-2.15729058E-01 -7.30000019E-01 6.51725307E-02 5.39137656E-03 -5.28776586E-01
-2.20574677E-01 -7.30000019E-01 6.37674853E-02 4.06207051E-03 -5.36246598E-01
-2.16434225E-01 -7.30000019E-01 6.49866909E-02 5.39131369E-03 -5.27803659E-01
-2.08329916E-01 -7.30000019E-01 6.69103861E-02 4.65590833E-03 -4.79622036E-01
-2.01085582E-01 -7.30000019E-01 6.82712793E-02 3.69585282E-03 -4.67072099E-01
-1.99352831E-01 -7.30000019E-01 6.85445219E-02 2.62287678E-03 -4.51853067E-01
-1.95083871E-01 -7.30000019E-01 6.91786408E-02 2.62733456E-03 -4.19956744E-01
 2 1
 1 5
 5 6
 6 4
 2 3
 3 9
 9 10
 10 7
 7 8
 8 11
 11 12
 12 13
 13 14
 14 15
 15 16
 16 17
 17 18
 18 19
 19 23
 23 27
 27 26
 26 20
 20 24
 24 25
 25 21
 21 22
 29 28
 28 30
 30 31
 31 32
 32 33
 33 34
 34 35
 35 47
 47 38
 38 39
 39 37
 37 44
 44 43
 43 36
 36 45
 45 46
 46 42
 42 41
 41 40
 40 48
 48 49
 50 52
 52 53
 53 64
 64 65
 65 54
 54 66
 66 68
 68 67
 67 55
 55 69
 69 71
 71 70
 70 58
 58 57
 57 56
 56 60
 60 62
 62 61
 61 59
 59 72
 72 73
 75 76
 76 77
 63 51
 51 50
 74 75
 78 79
 79 63
 78 74
 80 85
 85 87
 87 86
 86 81
 81 88
 88 90
 90 89
 89 105
 105 108
 108 112
 112 111
 96 97
 97 98
 98 100
 100 102
 102 101
 101 107
 107 106
 106 99
 99 103
 103 104
 104 109
 109 110
 95 96
 92 95
 83 91
 91 92
 83 84
 84 82
 82 94
 94 93
 93 80
 114 115
 115 116
 116 127
 127 128
 128 129
 129 130
 130 131
 131 132
 132 133
 133 134
 134 135
 135 136
 136 137
 137 138
 138 143
 143 140
 140 145
 145 144
 144 139
 139 141
 141 142
 142 146
 146 147
 147 148
 148 149
 149 150
 150 151
 120 121
 121 119
 119 118
 118 117
 117 113
 113 114
 124 125
 125 126
 120 122
 122 123
 123 124
 154 161
 161 163
 163 162
 162 157
 157 165
 165 167
 167 166
 166 152
 152 168
 168 170
 170 169
 169 155
 155 171
 171 173
 173 172
 172 156
 156 181
 181 182
 182 179
 179 180
 180 178
 178 185
 185 186
 186 187
 187 188
 188 183
 183 184
 184 192
 192 193
 193 191
 191 190
 190 189
 189 194
 194 195
 195 196
 196 197
 174 154
 159 176
 176 177
 177 164
 158 160
 160 159
 153 175
 175 174
 158 153
