TITLE     = "Translation of CGNS file naca0012Flow00000202.cgns"
VARIABLES = "x"
"y"
"z"
"Cp"
DATASETAUXDATA Common.DensityVar="4"
DATASETAUXDATA Common.PressureVar="10"
DATASETAUXDATA Common.TemperatureVar="9"
DATASETAUXDATA Common.UVar="5"
DATASETAUXDATA Common.VectorVarsAreVelocity="TRUE"
DATASETAUXDATA Common.VVar="6"
DATASETAUXDATA Common.WVar="7"
ZONE T="COFFE, MIT adapt Y=-0.001"
 STRANDID=6, SOLUTIONTIME=202
 Nodes=196, Elements=196, ZONETYPE=FELineSeg
 DATAPACKING=POINT
 AUXDATA CGNS.CGNSBase_t="Base"
 AUXDATA CGNS.Zone_t="Zone"
 DT=(DOUBLE DOUBLE DOUBLE DOUBLE )
 -2.431496679E-01 -1.000000000E-03 3.009939461E-02 8.569308979E-01
 -2.431912671E-01 -1.000000000E-03 3.016405035E-02 8.545653035E-01
 -2.212614736E-01 -1.000000000E-03 1.002142111E-02 8.672014245E-01
 -2.267313768E-01 -1.000000000E-03 1.376069182E-02 9.554190753E-01
 -2.303249623E-01 -1.000000000E-03 1.648081400E-02 9.504231118E-01
 -2.212308514E-01 -1.000000000E-03 1.000073422E-02 8.670490873E-01
 -2.211803827E-01 -1.000000000E-03 9.970425589E-03 8.667649934E-01
 -2.303493777E-01 -1.000000000E-03 1.649991591E-02 9.506796093E-01
 -2.361104758E-01 -1.000000000E-03 2.152901187E-02 1.008226619E+00
 -2.414930512E-01 -1.000000000E-03 2.761931997E-02 9.710763242E-01
 -2.394129371E-01 -1.000000000E-03 2.501532800E-02 9.957720001E-01
 -2.361310888E-01 -1.000000000E-03 2.154787677E-02 1.008392469E+00
 -2.361607713E-01 -1.000000000E-03 2.158024513E-02 1.008380879E+00
 -2.393735636E-01 -1.000000000E-03 2.496538408E-02 9.961640191E-01
 -2.402242568E-01 -1.000000000E-03 5.361973645E-02 -1.662588269E+00
 -2.422835111E-01 -1.000000000E-03 5.148265504E-02 -1.631000747E+00
 -2.372485271E-01 -1.000000000E-03 5.601247273E-02 -1.660624468E+00
 -2.399005622E-01 -1.000000000E-03 5.393016692E-02 -1.713956948E+00
 -2.368072117E-01 -1.000000000E-03 5.634786488E-02 -1.651866129E+00
 -2.342323305E-01 -1.000000000E-03 5.796317663E-02 -1.518021493E+00
 -2.251857279E-01 -1.000000000E-03 6.218814426E-02 -1.444731718E+00
 -2.297475574E-01 -1.000000000E-03 6.028992481E-02 -1.587830844E+00
 -2.130086528E-01 -1.000000000E-03 6.586745287E-02 -1.217729587E+00
 -2.082292671E-01 -1.000000000E-03 6.693316729E-02 -1.210816515E+00
 -2.243517283E-01 -1.000000000E-03 6.248251882E-02 -1.417787401E+00
 -2.194816333E-01 -1.000000000E-03 6.411171526E-02 -1.257264305E+00
 -2.142045373E-01 -1.000000000E-03 6.554022658E-02 -1.235281623E+00
 -2.257579443E-01 -1.000000000E-03 6.193976261E-02 -1.442911423E+00
 -2.334199163E-01 -1.000000000E-03 5.842525092E-02 -1.482437547E+00
 -2.069537157E-01 -1.000000000E-03 6.719253994E-02 -1.196675954E+00
 -2.012376756E-01 -1.000000000E-03 6.824599557E-02 -1.027562361E+00
 -2.002233718E-01 -1.000000000E-03 6.840334704E-02 -1.015158588E+00
 -1.947249861E-01 -1.000000000E-03 6.922930960E-02 -1.006046147E+00
 -1.934222801E-01 -1.000000000E-03 6.937836263E-02 -9.942958909E-01
 -1.784567530E-01 -1.000000000E-03 7.093867948E-02 -8.873168429E-01
 -1.870565353E-01 -1.000000000E-03 7.015644002E-02 -9.626531177E-01
 -1.770781214E-01 -1.000000000E-03 7.104768477E-02 -8.806391526E-01
 -1.690997535E-01 -1.000000000E-03 7.155028174E-02 -8.380893319E-01
 2.514515245E-01 -1.000000000E-03 -9.705089586E-02 3.373573650E-01
 2.980882731E-01 -1.000000000E-03 -1.018700672E-01 3.190336863E-01
 2.953947994E-01 -1.000000000E-03 -1.015919189E-01 3.201932899E-01
 2.998144549E-01 -1.000000000E-03 -1.020367788E-01 3.188867148E-01
 1.648993806E-01 -1.000000000E-03 -8.679967136E-02 3.569104240E-01
 1.641715665E-01 -1.000000000E-03 -8.670836950E-02 3.570546977E-01
 1.989366436E-01 -1.000000000E-03 -9.105555680E-02 3.469826928E-01
 1.979380333E-01 -1.000000000E-03 -9.093758390E-02 3.470910242E-01
 2.021078901E-01 -1.000000000E-03 -9.141298118E-02 3.465434779E-01
 1.265536244E-01 -1.000000000E-03 -8.161444221E-02 3.617303506E-01
 1.276320753E-01 -1.000000000E-03 -8.176073380E-02 3.615132286E-01
 1.010985167E-01 -1.000000000E-03 -7.789834144E-02 3.953437435E-01
 9.987630148E-02 -1.000000000E-03 -7.771641418E-02 3.957699547E-01
 5.264472631E-02 -1.000000000E-03 -7.015470120E-02 3.868887561E-01
 5.134612827E-02 -1.000000000E-03 -6.994537408E-02 3.874969437E-01
 5.035089840E-02 -1.000000000E-03 -6.977238505E-02 3.874319498E-01
 7.830220945E-03 -1.000000000E-03 -6.207660727E-02 4.219442492E-01
 7.315094898E-03 -1.000000000E-03 -6.198058731E-02 4.225961256E-01
 6.793147680E-03 -1.000000000E-03 -6.187792651E-02 4.227034427E-01
 -2.852828633E-02 -1.000000000E-03 -5.470484112E-02 4.359359998E-01
 -2.766893895E-02 -1.000000000E-03 -5.489738018E-02 4.347234800E-01
 -2.718194422E-02 -1.000000000E-03 -5.499980251E-02 4.343000221E-01
 -7.117188390E-02 -1.000000000E-03 -4.492530465E-02 4.903378740E-01
 -5.399907927E-02 -1.000000000E-03 -4.903779517E-02 4.708122300E-01
 -7.225145053E-02 -1.000000000E-03 -4.465882150E-02 4.908767579E-01
 -7.174004437E-02 -1.000000000E-03 -4.478907357E-02 4.910615919E-01
 -1.002040505E-01 -1.000000000E-03 -3.737796960E-02 5.096177665E-01
 -2.100457328E-01 -1.000000000E-03 3.361350621E-03 8.475115127E-01
 -2.099920711E-01 -1.000000000E-03 3.332346369E-03 8.469599759E-01
 -1.985340276E-01 -1.000000000E-03 -2.547205273E-03 7.386316706E-01
 -1.665992310E-01 -1.000000000E-03 -1.612367855E-02 5.848721753E-01
 -1.555447136E-01 -1.000000000E-03 -2.017585301E-02 6.017136200E-01
 -1.744868441E-01 -1.000000000E-03 -1.305909540E-02 6.793959729E-01
 -1.666685449E-01 -1.000000000E-03 -1.609708391E-02 5.845914110E-01
 -1.452267254E-01 -1.000000000E-03 -2.374079432E-02 6.017996438E-01
 -1.552561501E-01 -1.000000000E-03 -2.027704514E-02 6.008508454E-01
 -1.554558792E-01 -1.000000000E-03 -2.020820948E-02 6.011943877E-01
 -1.746118335E-01 -1.000000000E-03 -1.300700046E-02 6.798258356E-01
 -1.007699010E-01 -1.000000000E-03 -3.722288575E-02 5.107419478E-01
 -1.231772479E-01 -1.000000000E-03 -3.075870887E-02 5.577280991E-01
 -1.236357250E-01 -1.000000000E-03 -3.062426151E-02 5.581748306E-01
 -1.894937647E-01 -1.000000000E-03 -6.741145413E-03 6.933968786E-01
 -1.894053872E-01 -1.000000000E-03 -6.781657527E-03 6.928406611E-01
 -1.239741459E-01 -1.000000000E-03 -3.051928857E-02 5.588307960E-01
 -1.984729289E-01 -1.000000000E-03 -2.577529910E-03 7.386229133E-01
 -1.449116580E-01 -1.000000000E-03 -2.384371966E-02 6.009240701E-01
 6.802765232E-01 -1.000000000E-03 -1.281716827E-01 3.507126684E-01
 6.570880134E-01 -1.000000000E-03 -1.271943016E-01 3.482502437E-01
 6.804640621E-01 -1.000000000E-03 -1.281790009E-01 3.507513524E-01
 7.233117386E-01 -1.000000000E-03 -1.297524161E-01 3.558826958E-01
 7.234950576E-01 -1.000000000E-03 -1.297584746E-01 3.558808810E-01
 7.013772156E-01 -1.000000000E-03 -1.289850295E-01 3.547847756E-01
 7.011594655E-01 -1.000000000E-03 -1.289772786E-01 3.547465525E-01
 7.349060130E-01 -1.000000000E-03 -1.301211209E-01 3.539609594E-01
 7.349402230E-01 -1.000000000E-03 -1.301221802E-01 3.540097115E-01
 7.371229154E-01 -1.000000000E-03 -1.301901759E-01 3.471693593E-01
 7.371333646E-01 -1.000000000E-03 -1.301904941E-01 3.471791001E-01
 7.380735706E-01 -1.000000000E-03 -1.302196554E-01 3.420284952E-01
 7.380770623E-01 -1.000000000E-03 -1.302197614E-01 3.420265451E-01
 7.384137788E-01 -1.000000000E-03 -1.302301893E-01 3.413124085E-01
 3.680780608E-02 -1.000000000E-03 5.431181992E-02 -2.751286229E-01
 2.240291363E-01 -1.000000000E-03 1.607607922E-02 -2.063892162E-03
 1.851412855E-01 -1.000000000E-03 2.505906885E-02 -5.313105994E-02
 1.485586824E-01 -1.000000000E-03 3.292665874E-02 -1.003618975E-01
 1.279909175E-01 -1.000000000E-03 3.732908242E-02 -1.288298816E-01
 1.003188705E-01 -1.000000000E-03 4.282282916E-02 -1.772208860E-01
 8.263002356E-02 -1.000000000E-03 4.621154243E-02 -2.078914713E-01
 4.750454403E-02 -1.000000000E-03 5.244638843E-02 -2.585303016E-01
 2.465340881E-01 -1.000000000E-03 1.075321487E-02 2.612828271E-02
 2.915784861E-01 -1.000000000E-03 -3.094865047E-04 7.885840236E-02
 3.555399815E-01 -1.000000000E-03 -1.679171550E-02 1.487346192E-01
 3.956732034E-01 -1.000000000E-03 -2.752453010E-02 1.856524819E-01
 3.037168704E-01 -1.000000000E-03 -3.369362741E-03 9.193845478E-02
 3.444940197E-01 -1.000000000E-03 -1.388794241E-02 1.377607823E-01
 4.089860508E-01 -1.000000000E-03 -3.116828087E-02 1.971533429E-01
 4.519941491E-01 -1.000000000E-03 -4.307420838E-02 2.328736161E-01
 4.646720368E-01 -1.000000000E-03 -4.665267286E-02 2.419193312E-01
 5.186549119E-01 -1.000000000E-03 -6.213360699E-02 2.727202220E-01
 6.094945798E-01 -1.000000000E-03 -8.924217758E-02 3.117291804E-01
 5.307796089E-01 -1.000000000E-03 -6.569485021E-02 2.784689868E-01
 5.643165088E-01 -1.000000000E-03 -7.559164364E-02 2.934671205E-01
 6.007954642E-01 -1.000000000E-03 -8.661365171E-02 3.084095276E-01
 6.161615467E-01 -1.000000000E-03 -9.129903421E-02 3.134679466E-01
 6.553154863E-01 -1.000000000E-03 -1.034419053E-01 3.255257460E-01
 -2.457819697E-01 -1.000000000E-03 4.516781479E-02 -8.999100990E-01
 -2.451766730E-01 -1.000000000E-03 4.682437821E-02 -1.200023421E+00
 -2.451395857E-01 -1.000000000E-03 4.693237136E-02 -1.219159183E+00
 -2.462255480E-01 -1.000000000E-03 3.803991566E-02 1.038515707E-01
 -2.464337278E-01 -1.000000000E-03 4.087547144E-02 -1.884988830E-01
 -2.464191054E-01 -1.000000000E-03 4.066474440E-02 -1.536947471E-01
 -2.462019380E-01 -1.000000000E-03 4.341204442E-02 -6.140454053E-01
 -2.462126254E-01 -1.000000000E-03 4.330210845E-02 -6.000367622E-01
 -2.458005234E-01 -1.000000000E-03 4.508567274E-02 -8.862308581E-01
 -2.450877134E-01 -1.000000000E-03 4.703975604E-02 -1.233886519E+00
 -2.444214301E-01 -1.000000000E-03 3.244524997E-02 7.097093204E-01
 -2.438658190E-01 -1.000000000E-03 4.933757089E-02 -1.350993023E+00
 -2.437744950E-01 -1.000000000E-03 4.947749497E-02 -1.382081813E+00
 -2.444606245E-01 -1.000000000E-03 3.253418856E-02 7.039135004E-01
 -2.457634235E-01 -1.000000000E-03 3.600147709E-02 4.742070764E-01
 -2.457089223E-01 -1.000000000E-03 3.578260574E-02 4.948267801E-01
 -2.424914115E-01 -1.000000000E-03 5.123397044E-02 -1.660721088E+00
 7.314187728E-01 -1.000000000E-03 -1.278722675E-01 3.491714562E-01
 7.173638323E-01 -1.000000000E-03 -1.232736464E-01 3.482776651E-01
 7.311343168E-01 -1.000000000E-03 -1.277790582E-01 3.490479944E-01
 6.915539220E-01 -1.000000000E-03 -1.149379653E-01 3.371889427E-01
 6.603319208E-01 -1.000000000E-03 -1.050159067E-01 3.272402989E-01
 6.948045643E-01 -1.000000000E-03 -1.159768297E-01 3.385326774E-01
 7.160934522E-01 -1.000000000E-03 -1.228614634E-01 3.478974399E-01
 7.314741462E-01 -1.000000000E-03 -1.278904635E-01 3.491741894E-01
 7.357813387E-01 -1.000000000E-03 -1.293064631E-01 3.508997777E-01
 7.378978199E-01 -1.000000000E-03 -1.300030311E-01 3.435603968E-01
 7.379080730E-01 -1.000000000E-03 -1.300064084E-01 3.435777006E-01
 7.358019164E-01 -1.000000000E-03 -1.293132521E-01 3.509484129E-01
 7.384783655E-01 -1.000000000E-03 -1.301941645E-01 3.471409954E-01
 7.384855808E-01 -1.000000000E-03 -1.301965450E-01 3.470810303E-01
 7.384840718E-01 -1.000000000E-03 -1.301960484E-01 3.471955533E-01
 7.384828999E-01 -1.000000000E-03 -1.301956617E-01 3.471330184E-01
 7.386048416E-01 -1.000000000E-03 -1.302358117E-01 3.387343972E-01
 7.386058150E-01 -1.000000000E-03 -1.302361330E-01 3.385895708E-01
 7.385331281E-01 -1.000000000E-03 -1.302338830E-01 3.418795989E-01
 7.385324698E-01 -1.000000000E-03 -1.302338629E-01 3.419355002E-01
 7.384148451E-01 -1.000000000E-03 -1.302302215E-01 3.413036364E-01
 2.530004705E-02 -1.000000000E-03 5.615994457E-02 -2.934278772E-01
 3.500084411E-03 -1.000000000E-03 5.948982157E-02 -3.390596245E-01
 -1.279831198E-02 -1.000000000E-03 6.178278302E-02 -3.727677626E-01
 -5.842707144E-02 -1.000000000E-03 6.726810861E-02 -4.615531213E-01
 -5.276929495E-02 -1.000000000E-03 6.669434551E-02 -4.481321429E-01
 -3.146300111E-02 -1.000000000E-03 6.423755701E-02 -4.109974324E-01
 -3.919582207E-02 -1.000000000E-03 6.515515917E-02 -4.270052537E-01
 -7.235705611E-02 -1.000000000E-03 6.862613767E-02 -4.979486519E-01
 -7.841851491E-02 -1.000000000E-03 6.912510299E-02 -5.129213701E-01
 -9.619285402E-02 -1.000000000E-03 7.047136931E-02 -5.582013274E-01
 -1.066020776E-01 -1.000000000E-03 7.107316840E-02 -5.848789614E-01
 -1.156121898E-01 -1.000000000E-03 7.154510954E-02 -6.083704152E-01
 -1.229187439E-01 -1.000000000E-03 7.181148560E-02 -6.436920455E-01
 -1.385440129E-01 -1.000000000E-03 7.215225846E-02 -6.880029760E-01
 -1.275773710E-01 -1.000000000E-03 7.194797510E-02 -6.656982549E-01
 -1.416951776E-01 -1.000000000E-03 7.215573697E-02 -7.006839114E-01
 -1.546713256E-01 -1.000000000E-03 7.206436243E-02 -7.712936478E-01
 -1.568043530E-01 -1.000000000E-03 7.202146893E-02 -7.813459954E-01
 -1.673246077E-01 -1.000000000E-03 7.163505188E-02 -8.257301869E-01
 4.098748523E-01 -1.000000000E-03 -1.118201575E-01 3.187587636E-01
 5.437204770E-01 -1.000000000E-03 -1.212301997E-01 3.331468257E-01
 3.581774008E-01 -1.000000000E-03 -1.074765885E-01 3.329923625E-01
 4.103980487E-01 -1.000000000E-03 -1.118616372E-01 3.189029297E-01
 4.088174164E-01 -1.000000000E-03 -1.117320766E-01 3.187025012E-01
 4.511546393E-01 -1.000000000E-03 -1.149970761E-01 3.255772079E-01
 3.595022179E-01 -1.000000000E-03 -1.075950239E-01 3.328365126E-01
 6.568588889E-01 -1.000000000E-03 -1.271840432E-01 3.481641466E-01
 6.235295345E-01 -1.000000000E-03 -1.256276023E-01 3.362045057E-01
 6.232971723E-01 -1.000000000E-03 -1.256159092E-01 3.362255424E-01
 5.434006405E-01 -1.000000000E-03 -1.212099423E-01 3.331423772E-01
 4.906419343E-01 -1.000000000E-03 -1.178026926E-01 3.213531927E-01
 4.902838208E-01 -1.000000000E-03 -1.177782837E-01 3.212862747E-01
 4.517094696E-01 -1.000000000E-03 -1.150382365E-01 3.255255762E-01
 5.822392534E-01 -1.000000000E-03 -1.234678709E-01 3.352224397E-01
 5.440291526E-01 -1.000000000E-03 -1.212485119E-01 3.331946784E-01
 5.825776280E-01 -1.000000000E-03 -1.234865464E-01 3.352743749E-01
 1 10
 10 11
 11 14
 14 13
 13 12
 12 9
 9 8
 8 5
 5 4
 4 3
 3 6
 6 7
 7 66
 66 67
 67 68
 68 83
 83 80
 80 81
 81 76
 76 71
 71 72
 72 69
 69 70
 70 75
 75 74
 74 73
 73 84
 84 82
 82 79
 79 78
 78 77
 77 65
 65 63
 63 64
 64 61
 61 62
 62 58
 58 59
 59 60
 60 57
 57 56
 56 55
 55 54
 54 53
 53 52
 52 51
 51 50
 50 48
 48 49
 49 44
 44 43
 43 46
 46 45
 45 47
 47 39
 39 41
 41 40
 40 42
 42 182
 182 186
 186 184
 184 180
 180 183
 183 185
 185 193
 193 192
 192 191
 191 190
 190 181
 181 195
 195 194
 194 196
 196 189
 189 188
 188 187
 187 86
 86 85
 85 87
 87 91
 91 90
 90 88
 88 89
 89 92
 92 93
 93 94
 94 95
 95 96
 96 97
 97 98
 98 160
 160 159
 159 158
 158 157
 157 156
 156 153
 153 154
 154 155
 155 152
 152 150
 150 149
 149 151
 151 148
 148 147
 147 140
 140 142
 142 141
 141 146
 146 145
 145 143
 143 144
 144 122
 122 121
 121 117
 117 120
 120 119
 119 118
 118 116
 116 115
 115 114
 114 113
 113 110
 110 109
 109 112
 112 111
 111 108
 108 107
 107 100
 100 101
 101 102
 102 103
 103 104
 104 105
 105 106
 106 99
 99 161
 161 162
 162 163
 163 166
 166 167
 167 165
 165 164
 164 168
 168 169
 169 170
 170 171
 171 172
 172 173
 173 175
 175 174
 174 176
 176 177
 177 178
 178 179
 179 38
 38 37
 37 35
 35 36
 36 34
 34 33
 33 32
 32 31
 31 30
 30 24
 24 23
 23 27
 27 26
 26 25
 25 21
 21 28
 28 22
 22 29
 29 20
 20 19
 19 17
 17 18
 18 15
 15 16
 16 139
 139 135
 135 134
 134 132
 132 125
 125 124
 124 123
 123 131
 131 129
 129 130
 130 127
 127 128
 128 126
 126 137
 137 138
 138 136
 136 133
 133 2
 2 1
ZONE T="COFFE, MIT adapt Y=-0.035"
 STRANDID=7, SOLUTIONTIME=202
 Nodes=200, Elements=200, ZONETYPE=FELineSeg
 DATAPACKING=POINT
 AUXDATA CGNS.CGNSBase_t="Base"
 AUXDATA CGNS.Zone_t="Zone"
 DT=(DOUBLE DOUBLE DOUBLE DOUBLE )
 -2.420275990E-01 -3.500000000E-02 2.841046704E-02 9.461892032E-01
 -2.434854872E-01 -3.500000000E-02 3.067639900E-02 8.632843308E-01
 -2.220932265E-01 -3.500000000E-02 1.059087037E-02 8.741892723E-01
 -2.267621816E-01 -3.500000000E-02 1.378260636E-02 9.494893705E-01
 -2.298295648E-01 -3.500000000E-02 1.610442592E-02 9.452249570E-01
 -2.210199750E-01 -3.500000000E-02 9.865834014E-03 8.688501437E-01
 -2.192511436E-01 -3.500000000E-02 8.803574292E-03 8.588931945E-01
 -2.306852563E-01 -3.500000000E-02 1.677389590E-02 9.542144958E-01
 -2.355039837E-01 -3.500000000E-02 2.098035829E-02 1.002348263E+00
 -2.415627762E-01 -3.500000000E-02 2.771459375E-02 9.782167689E-01
 -2.409791260E-01 -3.500000000E-02 2.698395104E-02 9.851460206E-01
 -2.362264038E-01 -3.500000000E-02 2.164151168E-02 1.008160752E+00
 -2.372666775E-01 -3.500000000E-02 2.277591733E-02 1.007754571E+00
 -2.395992269E-01 -3.500000000E-02 2.523359373E-02 9.988848938E-01
 -2.399183948E-01 -3.500000000E-02 5.391463662E-02 -1.865475733E+00
 -2.418620464E-01 -3.500000000E-02 5.198029086E-02 -1.609107870E+00
 -2.412182964E-01 -3.500000000E-02 5.262754484E-02 -1.684436882E+00
 -2.423058427E-01 -3.500000000E-02 5.143245289E-02 -1.554516679E+00
 -2.373126084E-01 -3.500000000E-02 5.599108132E-02 -1.787239769E+00
 -2.333988726E-01 -3.500000000E-02 5.844070032E-02 -1.617611267E+00
 -2.371592551E-01 -3.500000000E-02 5.609368044E-02 -1.781738783E+00
 -2.372617583E-01 -3.500000000E-02 5.603094585E-02 -1.785010149E+00
 -2.290907038E-01 -3.500000000E-02 6.058623900E-02 -1.633529786E+00
 -2.271751164E-01 -3.500000000E-02 6.138837451E-02 -1.526418751E+00
 -2.329133656E-01 -3.500000000E-02 5.872070831E-02 -1.622686586E+00
 -2.322577597E-01 -3.500000000E-02 5.905122860E-02 -1.644795757E+00
 -2.225245807E-01 -3.500000000E-02 6.312643980E-02 -1.416014663E+00
 -2.205915443E-01 -3.500000000E-02 6.375519008E-02 -1.384205784E+00
 -2.118646913E-01 -3.500000000E-02 6.612732643E-02 -1.276009232E+00
 -1.991720043E-01 -3.500000000E-02 6.857091097E-02 -1.086469352E+00
 -2.076943049E-01 -3.500000000E-02 6.702588720E-02 -1.190002075E+00
 -2.155076075E-01 -3.500000000E-02 6.521806144E-02 -1.317676103E+00
 -1.987703950E-01 -3.500000000E-02 6.864474190E-02 -1.080524383E+00
 -1.910729372E-01 -3.500000000E-02 6.966953912E-02 -9.954875885E-01
 -1.875108418E-01 -3.500000000E-02 7.010627944E-02 -9.726746750E-01
 -1.700049464E-01 -3.500000000E-02 7.150780695E-02 -8.593966858E-01
 -1.742457318E-01 -3.500000000E-02 7.122416127E-02 -8.944573387E-01
 -1.798436580E-01 -3.500000000E-02 7.082794742E-02 -9.435459575E-01
 -1.664930265E-01 -3.500000000E-02 7.166436376E-02 -8.331412638E-01
 2.846250811E-01 -3.500000000E-02 -1.005228972E-01 3.308448647E-01
 1.911509869E-01 -3.500000000E-02 -9.010232884E-02 3.491823000E-01
 1.656170370E-01 -3.500000000E-02 -8.689917985E-02 3.542438652E-01
 1.947417810E-01 -3.500000000E-02 -9.055205638E-02 3.481150821E-01
 1.621601679E-01 -3.500000000E-02 -8.643110194E-02 3.546656707E-01
 1.228477360E-01 -3.500000000E-02 -8.108227160E-02 3.625440769E-01
 9.244481417E-02 -3.500000000E-02 -7.658441498E-02 3.772355052E-01
 1.381560341E-01 -3.500000000E-02 -8.317494715E-02 3.594983684E-01
 1.246433482E-01 -3.500000000E-02 -8.134354591E-02 3.620486115E-01
 1.253191960E-01 -3.500000000E-02 -8.143633454E-02 3.619384912E-01
 1.242274942E-01 -3.500000000E-02 -8.128446647E-02 3.621107189E-01
 2.026090996E-01 -3.500000000E-02 -9.148147842E-02 3.472616187E-01
 2.231293499E-01 -3.500000000E-02 -9.390017611E-02 3.448522669E-01
 2.760326101E-01 -3.500000000E-02 -9.963557420E-02 3.345441250E-01
 3.028449433E-01 -3.500000000E-02 -1.022825393E-01 3.292935789E-01
 8.492565758E-02 -3.500000000E-02 -7.541546509E-02 3.813922392E-01
 5.968515074E-02 -3.500000000E-02 -7.134915298E-02 4.004270585E-01
 6.091318545E-02 -3.500000000E-02 -7.155564938E-02 3.992561238E-01
 2.452775847E-01 -3.500000000E-02 -9.636484026E-02 3.414938252E-01
 2.557841317E-01 -3.500000000E-02 -9.752027722E-02 3.384781964E-01
 2.757143977E-02 -3.500000000E-02 -6.576498700E-02 3.985804004E-01
 2.664871464E-02 -3.500000000E-02 -6.559662026E-02 3.991750767E-01
 9.955084594E-03 -3.500000000E-02 -6.248491254E-02 4.203003612E-01
 -8.348988588E-03 -3.500000000E-02 -5.888471936E-02 4.240638444E-01
 -3.210620167E-02 -3.500000000E-02 -5.394078745E-02 4.411928768E-01
 -1.502940806E-02 -3.500000000E-02 -5.753229466E-02 4.263440447E-01
 -5.459849370E-02 -3.500000000E-02 -4.889878341E-02 4.731901968E-01
 -5.037759122E-02 -3.500000000E-02 -4.984703431E-02 4.669733972E-01
 -6.013262458E-02 -3.500000000E-02 -4.757822403E-02 4.810049756E-01
 -8.895538606E-02 -3.500000000E-02 -4.039973025E-02 4.883985468E-01
 -7.102464135E-02 -3.500000000E-02 -4.496658293E-02 4.948791335E-01
 -9.444468172E-02 -3.500000000E-02 -3.890886931E-02 4.979878204E-01
 -8.995547396E-02 -3.500000000E-02 -4.013923599E-02 4.890690624E-01
 -2.106395870E-01 -3.500000000E-02 3.692104796E-03 8.440025208E-01
 -2.087587905E-01 -3.500000000E-02 2.675531520E-03 8.246716470E-01
 -2.002380687E-01 -3.500000000E-02 -1.696770298E-03 7.441137958E-01
 -1.658639983E-01 -3.500000000E-02 -1.640112137E-02 6.083513313E-01
 -1.585895337E-01 -3.500000000E-02 -1.906766923E-02 6.194339041E-01
 -1.741671050E-01 -3.500000000E-02 -1.318663044E-02 6.697309513E-01
 -1.682936625E-01 -3.500000000E-02 -1.546889801E-02 5.985096885E-01
 -1.352475697E-01 -3.500000000E-02 -2.700491881E-02 5.630796823E-01
 -1.447693100E-01 -3.500000000E-02 -2.389438355E-02 5.895406386E-01
 -1.484742096E-01 -3.500000000E-02 -2.261486421E-02 5.891901496E-01
 -1.554755248E-01 -3.500000000E-02 -2.020189484E-02 6.012327029E-01
 -1.785482737E-01 -3.500000000E-02 -1.136058128E-02 6.847986424E-01
 -1.343331953E-01 -3.500000000E-02 -2.730318583E-02 5.613776317E-01
 -1.113801248E-01 -3.500000000E-02 -3.422380021E-02 5.269367819E-01
 -1.086798771E-01 -3.500000000E-02 -3.501380309E-02 5.251145533E-01
 -1.231129970E-01 -3.500000000E-02 -3.078316215E-02 5.383690731E-01
 -1.331640339E-01 -3.500000000E-02 -2.766548572E-02 5.578511228E-01
 -1.920730777E-01 -3.500000000E-02 -5.552722049E-03 7.134679771E-01
 -1.889753602E-01 -3.500000000E-02 -6.972711397E-03 6.939720102E-01
 -1.980965493E-01 -3.500000000E-02 -2.759653652E-03 7.438068516E-01
 6.788510488E-01 -3.500000000E-02 -1.281137806E-01 3.505449262E-01
 6.600608215E-01 -3.500000000E-02 -1.273217843E-01 3.485495621E-01
 6.854392958E-01 -3.500000000E-02 -1.283708682E-01 3.519038968E-01
 7.194347973E-01 -3.500000000E-02 -1.296224054E-01 3.568585332E-01
 7.258755161E-01 -3.500000000E-02 -1.298352640E-01 3.567947712E-01
 7.091255205E-01 -3.500000000E-02 -1.292617319E-01 3.563425082E-01
 7.014755447E-01 -3.500000000E-02 -1.289894298E-01 3.549996578E-01
 7.339961723E-01 -3.500000000E-02 -1.300933428E-01 3.554284506E-01
 7.351981416E-01 -3.500000000E-02 -1.301305618E-01 3.571413555E-01
 7.369013373E-01 -3.500000000E-02 -1.301836201E-01 3.518037005E-01
 7.372684714E-01 -3.500000000E-02 -1.301947979E-01 3.521459443E-01
 7.380160956E-01 -3.500000000E-02 -1.302179861E-01 3.480503352E-01
 7.381387763E-01 -3.500000000E-02 -1.302217108E-01 3.479818178E-01
 7.384008057E-01 -3.500000000E-02 -1.302298256E-01 3.474260839E-01
 3.090146825E-02 -3.500000000E-02 5.523662559E-02 -2.910465292E-01
 -2.163041151E-04 -3.500000000E-02 5.999744469E-02 -3.636667790E-01
 4.520001968E-02 -3.500000000E-02 5.291522913E-02 -2.694690518E-01
 8.633190714E-02 -3.500000000E-02 4.554027000E-02 -1.984033250E-01
 6.943808531E-02 -3.500000000E-02 4.856250437E-02 -2.255703357E-01
 1.017726630E-01 -3.500000000E-02 4.249360914E-02 -1.741796202E-01
 1.339026255E-01 -3.500000000E-02 3.611645933E-02 -1.269261795E-01
 1.936171467E-01 -3.500000000E-02 2.315204390E-02 -4.165122380E-02
 1.752272233E-01 -3.500000000E-02 2.714604137E-02 -6.757804492E-02
 2.293553385E-01 -3.500000000E-02 1.486855640E-02 -1.494342646E-03
 2.408854862E-01 -3.500000000E-02 1.211075409E-02 1.300493949E-02
 2.937709964E-01 -3.500000000E-02 -9.419817950E-04 7.820996622E-02
 3.276836351E-01 -3.500000000E-02 -9.500826795E-03 1.158944507E-01
 2.694982026E-01 -3.500000000E-02 5.195121845E-03 5.011528862E-02
 4.224689153E-01 -3.500000000E-02 -3.494357470E-02 2.064587545E-01
 4.103938223E-01 -3.500000000E-02 -3.153430460E-02 1.980116574E-01
 4.034258209E-01 -3.500000000E-02 -2.967200814E-02 1.912225308E-01
 4.077872330E-01 -3.500000000E-02 -3.082442352E-02 1.956357608E-01
 5.055705092E-01 -3.500000000E-02 -5.833216927E-02 2.671326056E-01
 5.373817375E-01 -3.500000000E-02 -6.765291633E-02 2.802700856E-01
 5.781276932E-01 -3.500000000E-02 -7.977806255E-02 2.960690308E-01
 6.070425464E-01 -3.500000000E-02 -8.849159372E-02 3.080974488E-01
 -2.450859127E-01 -3.500000000E-02 4.705937880E-02 -1.122765897E+00
 -2.448622229E-01 -3.500000000E-02 4.752567217E-02 -1.189443492E+00
 -2.458010386E-01 -3.500000000E-02 4.511556543E-02 -9.383500625E-01
 -2.457549805E-01 -3.500000000E-02 4.525040050E-02 -9.590787409E-01
 -2.458246119E-01 -3.500000000E-02 4.501196072E-02 -9.202623983E-01
 -2.462019380E-01 -3.500000000E-02 4.341204442E-02 -5.278075637E-01
 -2.462903814E-01 -3.500000000E-02 4.250226762E-02 -4.046530724E-01
 -2.436492985E-01 -3.500000000E-02 4.965556565E-02 -1.465329256E+00
 -2.441252917E-01 -3.500000000E-02 3.186284492E-02 7.879451148E-01
 -2.450173744E-01 -3.500000000E-02 3.388712428E-02 6.560298304E-01
 -2.452526596E-01 -3.500000000E-02 3.439591195E-02 6.226887099E-01
 -2.464196151E-01 -3.500000000E-02 4.049565064E-02 -1.295656085E-01
 -2.462980263E-01 -3.500000000E-02 3.861355197E-02 1.778981859E-01
 -2.464334246E-01 -3.500000000E-02 4.107782687E-02 -1.729317693E-01
 -2.440877503E-01 -3.500000000E-02 4.897637377E-02 -1.394999257E+00
 -2.461259504E-01 -3.500000000E-02 3.752422947E-02 3.518282208E-01
 -2.454666022E-01 -3.500000000E-02 3.510466832E-02 5.633558174E-01
 7.207262527E-01 -3.500000000E-02 -1.243671843E-01 3.481502142E-01
 7.208530651E-01 -3.500000000E-02 -1.244085549E-01 3.482135846E-01
 7.306278450E-01 -3.500000000E-02 -1.276115135E-01 3.524561094E-01
 7.185643722E-01 -3.500000000E-02 -1.236680891E-01 3.471765995E-01
 6.874512436E-01 -3.500000000E-02 -1.136229270E-01 3.344329030E-01
 6.937477267E-01 -3.500000000E-02 -1.156369004E-01 3.372444100E-01
 6.661070511E-01 -3.500000000E-02 -1.068658597E-01 3.241450917E-01
 6.529571588E-01 -3.500000000E-02 -1.026975532E-01 3.186587679E-01
 6.430244640E-01 -3.500000000E-02 -9.962132583E-02 3.155919471E-01
 7.325733692E-01 -3.500000000E-02 -1.282508222E-01 3.525521407E-01
 7.353185943E-01 -3.500000000E-02 -1.291533215E-01 3.536519588E-01
 7.376922084E-01 -3.500000000E-02 -1.299350818E-01 3.495423863E-01
 7.380524545E-01 -3.500000000E-02 -1.300537441E-01 3.501503582E-01
 7.360415963E-01 -3.500000000E-02 -1.293918518E-01 3.553607597E-01
 7.383019749E-01 -3.500000000E-02 -1.301358932E-01 3.517094086E-01
 7.385554846E-01 -3.500000000E-02 -1.302195336E-01 3.496025166E-01
 7.385024682E-01 -3.500000000E-02 -1.302020841E-01 3.536263187E-01
 7.384612906E-01 -3.500000000E-02 -1.301884988E-01 3.514291335E-01
 7.385716810E-01 -3.500000000E-02 -1.302248663E-01 3.484689912E-01
 7.386058150E-01 -3.500000000E-02 -1.302361330E-01 3.433902880E-01
 7.385556669E-01 -3.500000000E-02 -1.302345807E-01 3.456601449E-01
 7.385325346E-01 -3.500000000E-02 -1.302338749E-01 3.476242553E-01
 7.384382690E-01 -3.500000000E-02 -1.302309566E-01 3.471178734E-01
 -6.258728858E-02 -3.500000000E-02 6.769739539E-02 -4.890936581E-01
 -4.165912626E-02 -3.500000000E-02 6.542833947E-02 -4.321142802E-01
 -7.631119201E-02 -3.500000000E-02 6.894207522E-02 -5.200066825E-01
 -8.902463375E-02 -3.500000000E-02 6.996261681E-02 -5.479705769E-01
 -1.142879186E-01 -3.500000000E-02 7.148452767E-02 -6.226803281E-01
 -1.222908074E-01 -3.500000000E-02 7.173065728E-02 -6.529264489E-01
 -1.153595894E-01 -3.500000000E-02 7.153295900E-02 -6.265316761E-01
 -1.352991523E-01 -3.500000000E-02 7.211317901E-02 -7.017379094E-01
 -1.373278752E-01 -3.500000000E-02 7.213092659E-02 -7.109241720E-01
 -1.504726097E-01 -3.500000000E-02 7.213624738E-02 -7.707176713E-01
 -1.572424504E-01 -3.500000000E-02 7.199659425E-02 -7.866023658E-01
 -1.502796700E-02 -3.500000000E-02 6.211147133E-02 -3.943220352E-01
 -3.271577511E-02 -3.500000000E-02 6.438605203E-02 -4.100470860E-01
 3.697255537E-01 -3.500000000E-02 -1.084866796E-01 3.162294146E-01
 4.044280167E-01 -3.500000000E-02 -1.113783715E-01 3.179834763E-01
 3.705159706E-01 -3.500000000E-02 -1.085536124E-01 3.161791368E-01
 5.429650700E-01 -3.500000000E-02 -1.211842209E-01 3.313265559E-01
 3.301066909E-01 -3.500000000E-02 -1.049350556E-01 3.241438679E-01
 3.341385405E-01 -3.500000000E-02 -1.053123006E-01 3.233874393E-01
 4.227950443E-01 -3.500000000E-02 -1.128345365E-01 3.230444875E-01
 4.393398784E-01 -3.500000000E-02 -1.141073445E-01 3.257538610E-01
 3.688702471E-01 -3.500000000E-02 -1.084106878E-01 3.163056240E-01
 6.520121602E-01 -3.500000000E-02 -1.269614283E-01 3.455251499E-01
 6.253525753E-01 -3.500000000E-02 -1.257164576E-01 3.359588361E-01
 6.171908909E-01 -3.500000000E-02 -1.253057396E-01 3.366977472E-01
 5.317331826E-01 -3.500000000E-02 -1.204728299E-01 3.311703323E-01
 4.972029325E-01 -3.500000000E-02 -1.182428058E-01 3.234543832E-01
 4.846285874E-01 -3.500000000E-02 -1.173857444E-01 3.211047098E-01
 4.588195211E-01 -3.500000000E-02 -1.155524521E-01 3.239411130E-01
 5.761434358E-01 -3.500000000E-02 -1.231247837E-01 3.341924975E-01
 5.538050111E-01 -3.500000000E-02 -1.218273000E-01 3.330070258E-01
 5.880275239E-01 -3.500000000E-02 -1.237806885E-01 3.360165204E-01
 1 10
 10 11
 11 14
 14 13
 13 12
 12 9
 9 8
 8 5
 5 4
 4 3
 3 6
 6 7
 7 73
 73 74
 74 75
 75 92
 92 90
 90 91
 91 84
 84 78
 78 79
 79 76
 76 77
 77 83
 83 82
 82 81
 81 80
 80 85
 85 89
 89 88
 88 86
 86 87
 87 71
 71 72
 72 69
 69 70
 70 68
 68 66
 66 67
 67 64
 64 65
 65 63
 63 62
 62 61
 61 60
 60 56
 56 57
 57 55
 55 46
 46 45
 45 50
 50 48
 48 49
 49 47
 47 44
 44 42
 42 41
 41 43
 43 51
 51 52
 52 58
 58 59
 59 53
 53 40
 40 54
 54 186
 186 187
 187 190
 190 182
 182 184
 184 183
 183 188
 188 189
 189 197
 197 196
 196 195
 195 194
 194 185
 185 199
 199 198
 198 200
 200 193
 193 192
 192 191
 191 94
 94 93
 93 95
 95 99
 99 98
 98 96
 96 97
 97 100
 100 101
 101 102
 102 103
 103 104
 104 105
 105 106
 106 168
 168 167
 167 166
 166 165
 165 164
 164 161
 161 162
 162 163
 163 160
 160 158
 158 157
 157 159
 159 156
 156 155
 155 148
 148 147
 147 146
 146 149
 149 151
 151 150
 150 152
 152 153
 153 154
 154 128
 128 127
 127 126
 126 125
 125 121
 121 122
 122 124
 124 123
 123 119
 119 118
 118 120
 120 117
 117 116
 116 114
 114 115
 115 113
 113 112
 112 110
 110 111
 111 109
 109 107
 107 108
 108 180
 180 181
 181 170
 170 169
 169 171
 171 172
 172 173
 173 175
 175 174
 174 176
 176 177
 177 178
 178 179
 179 39
 39 36
 36 37
 37 38
 38 35
 35 34
 34 33
 33 30
 30 31
 31 29
 29 32
 32 28
 28 27
 27 24
 24 23
 23 26
 26 25
 25 20
 20 21
 21 22
 22 19
 19 15
 15 17
 17 16
 16 18
 18 136
 136 143
 143 130
 130 129
 129 132
 132 131
 131 133
 133 134
 134 135
 135 142
 142 140
 140 141
 141 144
 144 145
 145 139
 139 138
 138 137
 137 2
 2 1
ZONE T="COFFE, MIT adapt Y=-0.73"
 STRANDID=8, SOLUTIONTIME=202
 Nodes=168, Elements=168, ZONETYPE=FELineSeg
 DATAPACKING=POINT
 AUXDATA CGNS.CGNSBase_t="Base"
 AUXDATA CGNS.Zone_t="Zone"
 DT=(DOUBLE DOUBLE DOUBLE DOUBLE )
 -2.443426928E-01 -7.300000000E-01 3.229345527E-02 9.805576799E-01
 -2.435703856E-01 -7.300000000E-01 3.087132776E-02 9.712942955E-01
 -2.453729493E-01 -7.300000000E-01 3.532633221E-02 9.368220020E-01
 -2.418476338E-01 -7.300000000E-01 2.819708271E-02 9.344779967E-01
 -2.273609549E-01 -7.300000000E-01 1.421688276E-02 6.877951229E-01
 -2.372071723E-01 -7.300000000E-01 2.263309053E-02 8.560239165E-01
 -2.361877127E-01 -7.300000000E-01 2.163653557E-02 8.400672604E-01
 -2.398711056E-01 -7.300000000E-01 2.558603164E-02 8.946277135E-01
 -2.330671300E-01 -7.300000000E-01 1.874205742E-02 7.726102009E-01
 -2.283792074E-01 -7.300000000E-01 1.502520201E-02 7.033800806E-01
 -2.202470860E-01 -7.300000000E-01 9.386453581E-03 6.448347969E-01
 -2.178353829E-01 -7.300000000E-01 7.990046028E-03 6.250684096E-01
 -2.095140160E-01 -7.300000000E-01 3.070005700E-03 5.472925464E-01
 -2.119856771E-01 -7.300000000E-01 4.502250916E-03 5.810618271E-01
 -2.241300382E-01 -7.300000000E-01 1.199526324E-02 6.685039979E-01
 -2.459101290E-01 -7.300000000E-01 3.672635932E-02 9.026340679E-01
 -2.026494561E-01 -7.300000000E-01 -4.647617733E-04 4.982607758E-01
 -1.994400123E-01 -7.300000000E-01 -2.111457026E-03 4.883710244E-01
 -1.957140755E-01 -7.300000000E-01 -3.797170540E-03 4.766235991E-01
 -2.394543397E-01 -7.300000000E-01 5.429060431E-02 -4.770461943E-01
 -2.399887580E-01 -7.300000000E-01 5.385499546E-02 -4.109430461E-01
 -2.405150018E-01 -7.300000000E-01 5.329201368E-02 -3.843011107E-01
 -2.377301173E-01 -7.300000000E-01 5.569107825E-02 -6.609991726E-01
 -2.368214965E-01 -7.300000000E-01 5.631124962E-02 -5.690474740E-01
 -2.352049091E-01 -7.300000000E-01 5.739265604E-02 -4.701797687E-01
 1.005538890E-01 -7.300000000E-01 -7.781882079E-02 1.554572158E-01
 -2.302683403E-01 -7.300000000E-01 6.005290839E-02 -5.904155062E-01
 -2.337534326E-01 -7.300000000E-01 5.825170406E-02 -6.705206520E-01
 -2.312973806E-01 -7.300000000E-01 5.952871507E-02 -6.319925882E-01
 -2.304131319E-01 -7.300000000E-01 5.998301258E-02 -5.863465718E-01
 -2.298326035E-01 -7.300000000E-01 6.024288316E-02 -5.775344014E-01
 -2.249586789E-01 -7.300000000E-01 6.227015701E-02 -5.956344805E-01
 -2.228823200E-01 -7.300000000E-01 6.297497927E-02 -5.978332204E-01
 -2.244861343E-01 -7.300000000E-01 6.244978105E-02 -6.063430958E-01
 -2.131880428E-01 -7.300000000E-01 6.579543941E-02 -4.922179686E-01
 -2.191862900E-01 -7.300000000E-01 6.420203263E-02 -5.421178201E-01
 -2.120111261E-01 -7.300000000E-01 6.610651880E-02 -4.738050605E-01
 -2.048098514E-01 -7.300000000E-01 6.760006787E-02 -4.947340619E-01
 -2.116891248E-01 -7.300000000E-01 6.617706797E-02 -4.697408487E-01
 -2.040854384E-01 -7.300000000E-01 6.775068462E-02 -4.959273543E-01
 -2.039084011E-01 -7.300000000E-01 6.777879808E-02 -4.959607289E-01
 -1.859217232E-01 -7.300000000E-01 7.024580520E-02 -3.655097485E-01
 -1.681047347E-01 -7.300000000E-01 7.160621493E-02 -2.946142489E-01
 -1.876172186E-01 -7.300000000E-01 7.009560405E-02 -3.724721720E-01
 -1.622654772E-01 -7.300000000E-01 7.178651209E-02 -2.995935676E-01
 -1.502948927E-01 -7.300000000E-01 7.214220210E-02 -2.991196818E-01
 -1.454063750E-01 -7.300000000E-01 7.213506642E-02 -2.956257390E-01
 -1.175265723E-01 -7.300000000E-01 7.158051900E-02 -2.018202433E-01
 -1.040644493E-01 -7.300000000E-01 7.090590066E-02 -1.894629254E-01
 -1.134548355E-01 -7.300000000E-01 7.145300823E-02 -1.846536381E-01
 -8.529491102E-02 -7.300000000E-01 6.967475647E-02 -1.883071709E-01
 -6.739160825E-02 -7.300000000E-01 6.815277002E-02 -1.756873902E-01
 -5.713941484E-02 -7.300000000E-01 6.714612572E-02 -1.708630550E-01
 -2.068136696E-02 -7.300000000E-01 6.286890046E-02 -1.434327354E-01
 -3.630655704E-02 -7.300000000E-01 6.481644563E-02 -1.467866421E-01
 1.322637750E-02 -7.300000000E-01 5.803182132E-02 -1.232631727E-01
 -4.283450118E-02 -7.300000000E-01 6.558704796E-02 -1.482522774E-01
 6.943748785E-02 -7.300000000E-01 4.864967084E-02 -7.759885819E-02
 2.017176124E-02 -7.300000000E-01 5.695077902E-02 -1.196127260E-01
 9.396934341E-02 -7.300000000E-01 4.401416529E-02 -7.876916668E-02
 1.145353940E-01 -7.300000000E-01 4.005979325E-02 -8.915094411E-02
 1.364019286E-01 -7.300000000E-01 3.548965767E-02 -7.572419147E-02
 1.937091438E-01 -7.300000000E-01 2.311554053E-02 -5.464603102E-02
 2.004972834E-01 -7.300000000E-01 2.157506169E-02 -5.254714916E-02
 2.485535464E-01 -7.300000000E-01 1.029739827E-02 -7.492729896E-02
 2.497978399E-01 -7.300000000E-01 9.994861013E-03 -7.568276456E-02
 2.925007581E-01 -7.300000000E-01 -5.273348618E-04 -9.677936252E-02
 3.038100893E-01 -7.300000000E-01 -3.419920915E-03 -1.085305634E-01
 3.258200186E-01 -7.300000000E-01 -9.148256712E-03 -1.375463457E-01
 1.570477065E-02 -7.300000000E-01 5.768501547E-02 -1.216528632E-01
 7.386058150E-01 -7.300000000E-01 -1.302361330E-01 5.854986893E-02
 7.351015155E-01 -7.300000000E-01 -1.290808730E-01 7.878978957E-02
 7.259556835E-01 -7.300000000E-01 -1.298395123E-01 2.399104413E-01
 7.272028140E-01 -7.300000000E-01 -1.298791406E-01 2.336721505E-01
 7.197742149E-01 -7.300000000E-01 -1.296301706E-01 2.363317613E-01
 7.341241454E-01 -7.300000000E-01 -1.300989349E-01 2.496094860E-01
 7.353308927E-01 -7.300000000E-01 -1.301359499E-01 2.133681823E-01
 7.083479966E-01 -7.300000000E-01 -1.292389496E-01 2.077630942E-01
 3.602961473E-01 -7.300000000E-01 -1.804833603E-02 -1.742884627E-01
 3.878571607E-01 -7.300000000E-01 -2.541841648E-02 -2.407179019E-01
 4.384708886E-01 -7.300000000E-01 -3.928381272E-02 -3.385282845E-01
 4.380455557E-01 -7.300000000E-01 -3.916699056E-02 -3.377408283E-01
 3.997743356E-01 -7.300000000E-01 -2.864973347E-02 -2.626108122E-01
 4.385438308E-01 -7.300000000E-01 -3.930415547E-02 -3.386240741E-01
 4.750788804E-01 -7.300000000E-01 -4.959586831E-02 -4.010126910E-01
 4.866628700E-01 -7.300000000E-01 -5.289236837E-02 -4.284554171E-01
 5.067151023E-01 -7.300000000E-01 -5.866415483E-02 -4.841318015E-01
 5.138874835E-01 -7.300000000E-01 -6.074281692E-02 -4.965458865E-01
 5.319919612E-01 -7.300000000E-01 -6.604184485E-02 -5.206478404E-01
 6.105209526E-01 -7.300000000E-01 -8.955611829E-02 -4.890674654E-01
 6.614903181E-01 -7.300000000E-01 -1.053836850E-01 -3.672721151E-01
 6.697838211E-01 -7.300000000E-01 -1.079982657E-01 -3.341326327E-01
 5.658236131E-01 -7.300000000E-01 -7.604234560E-02 -5.512226141E-01
 5.673445665E-01 -7.300000000E-01 -7.649459716E-02 -5.520952103E-01
 5.991646317E-01 -7.300000000E-01 -8.610241118E-02 -5.217164418E-01
 5.886185001E-01 -7.300000000E-01 -8.289163618E-02 -5.328311753E-01
 5.845852720E-01 -7.300000000E-01 -8.167726826E-02 -5.401811060E-01
 6.209142521E-01 -7.300000000E-01 -9.275468112E-02 -4.630634569E-01
 6.398275418E-01 -7.300000000E-01 -9.860256565E-02 -4.181691902E-01
 5.422823695E-01 -7.300000000E-01 -6.905208284E-02 -5.316453155E-01
 7.052301207E-01 -7.300000000E-01 -1.193337502E-01 -1.368979404E-01
 7.082520231E-01 -7.300000000E-01 -1.203130262E-01 -1.145819485E-01
 7.213646658E-01 -7.300000000E-01 -1.245760411E-01 -1.434118699E-02
 6.983855837E-01 -7.300000000E-01 -1.171322414E-01 -1.857802801E-01
 6.900669486E-01 -7.300000000E-01 -1.144546117E-01 -2.401897463E-01
 6.836049148E-01 -7.300000000E-01 -1.123934171E-01 -2.740163652E-01
 7.342795832E-01 -7.300000000E-01 -1.288098618E-01 7.451623589E-02
 7.333092462E-01 -7.300000000E-01 -1.284908845E-01 8.642806861E-02
 7.228589939E-01 -7.300000000E-01 -1.250641556E-01 -5.782682058E-04
 -2.462791671E-01 -7.300000000E-01 4.270917082E-02 5.343100353E-01
 -2.464081060E-01 -7.300000000E-01 4.040108515E-02 7.119477696E-01
 -2.460967838E-01 -7.300000000E-01 4.384136564E-02 3.774122618E-01
 -2.449434700E-01 -7.300000000E-01 4.709556464E-02 2.477534294E-01
 -2.462019380E-01 -7.300000000E-01 4.341204442E-02 4.614590288E-01
 -2.462106192E-01 -7.300000000E-01 3.810013443E-02 8.689447261E-01
 -2.425699600E-01 -7.300000000E-01 5.113554298E-02 -3.514566140E-01
 -2.429785486E-01 -7.300000000E-01 5.061262731E-02 -2.513978200E-01
 -2.443616530E-01 -7.300000000E-01 4.843430581E-02 1.335085706E-01
 -2.446463015E-01 -7.300000000E-01 4.798350909E-02 1.822240451E-01
 -1.750167058E-01 -7.300000000E-01 -1.280060070E-02 4.235956657E-01
 -1.840654959E-01 -7.300000000E-01 -9.111398781E-03 4.413984967E-01
 -1.592053224E-01 -7.300000000E-01 -1.885331283E-02 3.681025418E-01
 -1.683951293E-01 -7.300000000E-01 -1.542526774E-02 4.020209076E-01
 -1.266357767E-01 -7.300000000E-01 -2.968747663E-02 3.192259514E-01
 -1.146637339E-01 -7.300000000E-01 -3.328503612E-02 2.789264063E-01
 -1.465622127E-01 -7.300000000E-01 -2.323072208E-02 3.379584846E-01
 -1.344080098E-01 -7.300000000E-01 -2.726563647E-02 3.267847809E-01
 -6.638721359E-02 -7.300000000E-01 -4.609271867E-02 2.494177488E-01
 -9.712555376E-02 -7.300000000E-01 -3.820918756E-02 2.760695804E-01
 -9.446505880E-02 -7.300000000E-01 -3.893265614E-02 2.766324312E-01
 -8.913313246E-02 -7.300000000E-01 -4.028251950E-02 2.709708490E-01
 -6.143281572E-02 -7.300000000E-01 -4.727952103E-02 2.439845695E-01
 -5.179399816E-02 -7.300000000E-01 -4.947864268E-02 2.333155870E-01
 -8.279627784E-03 -7.300000000E-01 -5.891202764E-02 2.189672508E-01
 -1.359548152E-03 -7.300000000E-01 -6.026848909E-02 2.130625401E-01
 3.006641923E-02 -7.300000000E-01 -6.620356875E-02 2.026314488E-01
 -2.301105892E-02 -7.300000000E-01 -5.581086708E-02 2.195566936E-01
 -3.941238138E-02 -7.300000000E-01 -5.234083826E-02 2.166331974E-01
 5.799716879E-02 -7.300000000E-01 -7.106963076E-02 1.660561419E-01
 4.386317610E-02 -7.300000000E-01 -6.863308590E-02 1.904511264E-01
 9.479858337E-02 -7.300000000E-01 -7.689926459E-02 1.570689407E-01
 1.076429012E-01 -7.300000000E-01 -7.884507727E-02 1.562782022E-01
 1.975556285E-01 -7.300000000E-01 -9.089312750E-02 1.342421504E-01
 1.430294530E-01 -7.300000000E-01 -8.390063923E-02 1.443897651E-01
 1.699432455E-01 -7.300000000E-01 -8.735206809E-02 1.322706865E-01
 2.198175230E-01 -7.300000000E-01 -9.346051035E-02 1.188909595E-01
 3.409015153E-01 -7.300000000E-01 -1.059300801E-01 1.078587875E-01
 2.801588640E-01 -7.300000000E-01 -1.000673395E-01 9.884612357E-02
 2.744908312E-01 -7.300000000E-01 -9.948161060E-02 9.910849896E-02
 3.328843980E-01 -7.300000000E-01 -1.051530712E-01 1.065919910E-01
 2.472561846E-01 -7.300000000E-01 -9.659696779E-02 1.066284275E-01
 4.171858493E-01 -7.300000000E-01 -1.123911820E-01 1.054434345E-01
 3.890121716E-01 -7.300000000E-01 -1.100952184E-01 9.920069407E-02
 3.436649953E-01 -7.300000000E-01 -1.061742754E-01 1.074352554E-01
 4.379534669E-01 -7.300000000E-01 -1.139909479E-01 9.878799124E-02
 3.421593964E-01 -7.300000000E-01 -1.060461838E-01 1.074306442E-01
 5.751735922E-01 -7.300000000E-01 -1.230719822E-01 1.150167593E-01
 5.411108633E-01 -7.300000000E-01 -1.210468763E-01 1.141571921E-01
 5.984781582E-01 -7.300000000E-01 -1.242778830E-01 1.340778969E-01
 5.149031510E-01 -7.300000000E-01 -1.193832880E-01 1.074851254E-01
 5.267133556E-01 -7.300000000E-01 -1.201728337E-01 1.083264580E-01
 5.291566520E-01 -7.300000000E-01 -1.203308125E-01 1.090609201E-01
 4.730195716E-01 -7.300000000E-01 -1.165769127E-01 9.643607286E-02
 6.536197900E-01 -7.300000000E-01 -1.270352481E-01 1.436096207E-01
 6.861804825E-01 -7.300000000E-01 -1.284089254E-01 2.002241270E-01
 6.368810465E-01 -7.300000000E-01 -1.262708930E-01 1.488343590E-01
 6.255832244E-01 -7.300000000E-01 -1.257167026E-01 1.410057615E-01
 6.864114106E-01 -7.300000000E-01 -1.284181690E-01 2.003735990E-01
 10 9
 9 7
 7 6
 6 8
 8 4
 4 2
 2 1
 1 3
 3 16
 16 115
 115 111
 111 110
 110 114
 114 112
 112 113
 113 119
 119 118
 118 117
 117 116
 116 22
 22 21
 21 20
 20 23
 23 24
 24 25
 25 28
 28 29
 29 30
 30 27
 27 31
 31 32
 32 34
 34 33
 33 36
 36 35
 35 37
 37 39
 39 38
 38 40
 40 41
 41 44
 44 42
 42 43
 43 45
 45 46
 46 47
 47 48
 48 50
 50 49
 49 51
 51 52
 52 53
 53 57
 57 55
 55 54
 54 56
 56 70
 70 59
 59 58
 58 60
 60 61
 61 62
 62 63
 63 64
 64 65
 65 66
 66 67
 67 68
 68 69
 69 79
 79 80
 80 83
 83 82
 82 81
 81 84
 84 85
 85 86
 86 87
 87 88
 88 89
 89 100
 100 93
 93 94
 94 97
 97 96
 96 95
 95 90
 90 98
 98 99
 99 91
 91 92
 92 106
 106 105
 105 104
 104 101
 101 102
 102 103
 103 109
 109 108
 108 107
 107 72
 72 71
 71 77
 77 76
 76 74
 74 73
 73 75
 75 78
 78 168
 168 165
 165 164
 164 166
 166 167
 167 159
 159 157
 157 158
 158 162
 162 161
 161 160
 160 163
 163 155
 155 152
 152 153
 153 154
 154 156
 156 147
 147 150
 150 148
 148 149
 149 151
 151 146
 146 143
 143 145
 145 144
 144 142
 142 26
 26 141
 141 139
 139 140
 140 136
 136 135
 135 134
 134 137
 137 138
 138 133
 133 132
 132 128
 128 131
 131 130
 130 129
 129 125
 125 124
 124 127
 127 126
 126 122
 122 123
 123 120
 120 121
 121 19
 19 18
 18 17
 17 13
 13 14
 14 12
 12 11
 11 15
 15 5
 5 10
