TITLE     = "Translation of CGNS file naca0012Flow00000163.cgns"
VARIABLES = "x"
"y"
"z"
"Cp"
DATASETAUXDATA Common.DensityVar="4"
DATASETAUXDATA Common.PressureVar="10"
DATASETAUXDATA Common.TemperatureVar="9"
DATASETAUXDATA Common.UVar="5"
DATASETAUXDATA Common.VectorVarsAreVelocity="TRUE"
DATASETAUXDATA Common.VVar="6"
DATASETAUXDATA Common.WVar="7"
ZONE T="COFFE, MIT adapt Y=-0.001"
 STRANDID=6, SOLUTIONTIME=163
 Nodes=242, Elements=242, ZONETYPE=FELineSeg
 DATAPACKING=POINT
 AUXDATA CGNS.CGNSBase_t="Base"
 AUXDATA CGNS.Zone_t="Zone"
 DT=(DOUBLE DOUBLE DOUBLE DOUBLE )
 3.583055571E-01 -1.000000000E-03 -1.755777810E-02 1.424900433E-01
 3.260402607E-01 -1.000000000E-03 -9.086463730E-03 1.099884901E-01
 4.036925918E-01 -1.000000000E-03 -2.974460642E-02 1.843728346E-01
 4.318538332E-01 -1.000000000E-03 -3.745036863E-02 2.084867351E-01
 4.742945493E-01 -1.000000000E-03 -4.940974302E-02 2.436625780E-01
 4.981910155E-01 -1.000000000E-03 -5.620854423E-02 2.622176877E-01
 5.392202151E-01 -1.000000000E-03 -6.817189930E-02 2.920624181E-01
 5.519442662E-01 -1.000000000E-03 -7.191318087E-02 3.012217293E-01
 5.983969807E-01 -1.000000000E-03 -8.588138781E-02 3.280988776E-01
 6.100126900E-01 -1.000000000E-03 -8.940608964E-02 3.342927607E-01
 6.577032941E-01 -1.000000000E-03 -1.042096001E-01 3.620560807E-01
 -2.038013375E-01 -1.000000000E-03 6.240042027E-05 7.816608561E-01
 -2.104900620E-01 -1.000000000E-03 3.606683677E-03 8.192568671E-01
 -2.037471857E-01 -1.000000000E-03 3.566573317E-05 7.813923333E-01
 -1.937292998E-01 -1.000000000E-03 -4.818768572E-03 7.398007583E-01
 -1.936808829E-01 -1.000000000E-03 -4.840997515E-03 7.395117597E-01
 -1.842331955E-01 -1.000000000E-03 -9.038333093E-03 6.867761755E-01
 -1.841391053E-01 -1.000000000E-03 -9.078420559E-03 6.863996040E-01
 -1.841892650E-01 -1.000000000E-03 -9.057494960E-03 6.866098249E-01
 -1.748757968E-01 -1.000000000E-03 -1.290358695E-02 6.892368686E-01
 -1.748017573E-01 -1.000000000E-03 -1.293294969E-02 6.891649374E-01
 -1.662320235E-01 -1.000000000E-03 -1.626287663E-02 6.477771911E-01
 -1.660573191E-01 -1.000000000E-03 -1.632747670E-02 6.471055865E-01
 -1.661711789E-01 -1.000000000E-03 -1.628589015E-02 6.474296723E-01
 -1.561090015E-01 -1.000000000E-03 -1.997644282E-02 6.191847909E-01
 -1.425401058E-01 -1.000000000E-03 -2.463353681E-02 6.022553114E-01
 -1.423746930E-01 -1.000000000E-03 -2.469074671E-02 6.020514249E-01
 -1.422921142E-01 -1.000000000E-03 -2.471816712E-02 6.019675103E-01
 -1.331327340E-01 -1.000000000E-03 -2.768380312E-02 5.636239253E-01
 -1.330594043E-01 -1.000000000E-03 -2.770730710E-02 5.633376901E-01
 -1.329711229E-01 -1.000000000E-03 -2.773479309E-02 5.632188919E-01
 -1.181606138E-01 -1.000000000E-03 -3.226334872E-02 5.586579691E-01
 -1.182211436E-01 -1.000000000E-03 -3.224562171E-02 5.586940978E-01
 -1.183207986E-01 -1.000000000E-03 -3.221555525E-02 5.587216493E-01
 -1.180383897E-01 -1.000000000E-03 -3.229848490E-02 5.583606928E-01
 -5.808701366E-02 -1.000000000E-03 -4.808031520E-02 4.790084144E-01
 -7.444301386E-02 -1.000000000E-03 -4.411834079E-02 4.848175444E-01
 -1.077548747E-01 -1.000000000E-03 -3.526941698E-02 5.313784214E-01
 -9.015516485E-02 -1.000000000E-03 -4.008657711E-02 5.215573018E-01
 -1.079716502E-01 -1.000000000E-03 -3.521011432E-02 5.315396433E-01
 -8.991359285E-02 -1.000000000E-03 -4.014911048E-02 5.213026230E-01
 -7.466979974E-02 -1.000000000E-03 -4.406238443E-02 4.853606230E-01
 -4.334765321E-02 -1.000000000E-03 -5.146845304E-02 4.740482686E-01
 -2.723174789E-02 -1.000000000E-03 -5.499075558E-02 4.357832818E-01
 -4.355274184E-02 -1.000000000E-03 -5.142283785E-02 4.742668281E-01
 -5.774475087E-02 -1.000000000E-03 -4.816077228E-02 4.790149867E-01
 8.237706003E-03 -1.000000000E-03 -6.215811390E-02 4.226022988E-01
 -5.933247587E-03 -1.000000000E-03 -5.938335194E-02 4.424329173E-01
 -6.201312569E-03 -1.000000000E-03 -5.933155396E-02 4.427696909E-01
 -6.446032247E-03 -1.000000000E-03 -5.928227049E-02 4.427950020E-01
 3.508494614E-02 -1.000000000E-03 -6.711494912E-02 4.132794019E-01
 3.479837664E-02 -1.000000000E-03 -6.706223899E-02 4.133618570E-01
 -2.706281683E-02 -1.000000000E-03 -5.502658836E-02 4.355667363E-01
 3.533277208E-02 -1.000000000E-03 -6.715866629E-02 4.132171861E-01
 -2.434306766E-01 -1.000000000E-03 4.999287535E-02 -1.622554329E+00
 -2.442037457E-01 -1.000000000E-03 4.877954627E-02 -1.439730548E+00
 -2.433873307E-01 -1.000000000E-03 5.005494955E-02 -1.631194608E+00
 -2.424844005E-01 -1.000000000E-03 5.124606361E-02 -1.500710800E+00
 -2.424192645E-01 -1.000000000E-03 5.132636348E-02 -1.509834020E+00
 -2.418298727E-01 -1.000000000E-03 5.201333178E-02 -1.560284046E+00
 -2.417106723E-01 -1.000000000E-03 5.213943797E-02 -1.550712588E+00
 -2.405944006E-01 -1.000000000E-03 5.329082126E-02 -1.601826360E+00
 -2.404383034E-01 -1.000000000E-03 5.343574653E-02 -1.638826734E+00
 -2.393253511E-01 -1.000000000E-03 5.442910436E-02 -1.677051737E+00
 2.093606077E-01 -1.000000000E-03 1.955018646E-02 -2.499808077E-02
 1.795482343E-01 -1.000000000E-03 2.617505179E-02 -6.346426504E-02
 1.476847604E-01 -1.000000000E-03 3.322783007E-02 -1.065011462E-01
 2.916116867E-01 -1.000000000E-03 -3.521879282E-04 7.327989562E-02
 2.684399366E-01 -1.000000000E-03 5.451844581E-03 4.850115819E-02
 2.418655696E-01 -1.000000000E-03 1.178997401E-02 1.474153024E-02
 1.206257780E-01 -1.000000000E-03 3.871303114E-02 -1.468264463E-01
 9.987812027E-02 -1.000000000E-03 4.294516130E-02 -1.783378639E-01
 7.794624221E-02 -1.000000000E-03 4.707547973E-02 -2.141208722E-01
 6.484598037E-02 -1.000000000E-03 4.947166411E-02 -2.358222087E-01
 3.583956188E-02 -1.000000000E-03 5.446014637E-02 -2.822453188E-01
 7.308468437E-01 -1.000000000E-03 -1.276843687E-01 3.918813947E-01
 6.652980521E-01 -1.000000000E-03 -1.065817702E-01 3.660764081E-01
 6.995493699E-01 -1.000000000E-03 -1.175058149E-01 3.789641635E-01
 6.950492770E-01 -1.000000000E-03 -1.160627597E-01 3.767427374E-01
 7.293263693E-01 -1.000000000E-03 -1.271872516E-01 3.913987010E-01
 7.310041643E-01 -1.000000000E-03 -1.277360703E-01 3.918330787E-01
 2.750335529E-02 -1.000000000E-03 5.582144421E-02 -2.969345483E-01
 4.490599980E-04 -1.000000000E-03 5.992547030E-02 -3.514807009E-01
 -1.221235676E-02 -1.000000000E-03 6.172308007E-02 -3.757188224E-01
 -4.472913244E-02 -1.000000000E-03 6.578783617E-02 -4.364780284E-01
 -4.891162624E-02 -1.000000000E-03 6.627597048E-02 -4.443492798E-01
 -6.448932514E-02 -1.000000000E-03 6.787887023E-02 -4.793788438E-01
 -7.451834500E-02 -1.000000000E-03 6.879662303E-02 -5.074483467E-01
 -8.891343327E-02 -1.000000000E-03 6.996556209E-02 -5.485142197E-01
 -9.847729812E-02 -1.000000000E-03 7.062582922E-02 -5.663246100E-01
 -1.125007277E-01 -1.000000000E-03 7.139082487E-02 -6.069461746E-01
 -1.178521388E-01 -1.000000000E-03 7.162735191E-02 -6.274020068E-01
 -1.285870580E-01 -1.000000000E-03 7.197860854E-02 -6.521158434E-01
 -1.362428010E-01 -1.000000000E-03 7.210797868E-02 -6.684657135E-01
 -1.513456285E-01 -1.000000000E-03 7.208516964E-02 -7.417668911E-01
 -1.594339146E-01 -1.000000000E-03 7.193027556E-02 -7.887788377E-01
 -1.666524138E-01 -1.000000000E-03 7.167624278E-02 -8.256872909E-01
 -1.737096829E-01 -1.000000000E-03 7.125602879E-02 -8.471013960E-01
 -1.776636314E-01 -1.000000000E-03 7.100681007E-02 -8.738751848E-01
 -1.856210416E-01 -1.000000000E-03 7.026084373E-02 -9.441966680E-01
 -1.901802338E-01 -1.000000000E-03 6.979900002E-02 -9.775190554E-01
 -1.882744397E-01 -1.000000000E-03 7.001715832E-02 -9.560404107E-01
 -1.969833866E-01 -1.000000000E-03 6.890843044E-02 -9.737803537E-01
 -1.984619142E-01 -1.000000000E-03 6.868336066E-02 -9.824923080E-01
 -2.000449551E-01 -1.000000000E-03 6.838879048E-02 -1.001551928E+00
 -2.104308985E-01 -1.000000000E-03 6.646432440E-02 -1.142459941E+00
 -2.065974734E-01 -1.000000000E-03 6.726913537E-02 -1.106576848E+00
 -2.119800249E-01 -1.000000000E-03 6.610283142E-02 -1.163128163E+00
 -2.164991798E-01 -1.000000000E-03 6.496328273E-02 -1.219686737E+00
 -2.174125234E-01 -1.000000000E-03 6.471654309E-02 -1.231487425E+00
 -2.181751504E-01 -1.000000000E-03 6.447610443E-02 -1.244166291E+00
 -2.216542952E-01 -1.000000000E-03 6.342581757E-02 -1.314662769E+00
 -2.256528108E-01 -1.000000000E-03 6.200131934E-02 -1.370398433E+00
 -2.264594666E-01 -1.000000000E-03 6.168955460E-02 -1.384369979E+00
 -2.300963487E-01 -1.000000000E-03 6.012728359E-02 -1.360944925E+00
 -2.308431506E-01 -1.000000000E-03 5.975888865E-02 -1.386184560E+00
 -2.349209159E-01 -1.000000000E-03 5.755917040E-02 -1.588850756E+00
 -2.355061746E-01 -1.000000000E-03 5.720227788E-02 -1.601366409E+00
 -2.376271259E-01 -1.000000000E-03 5.576160500E-02 -1.549195561E+00
 -2.378922492E-01 -1.000000000E-03 5.556608569E-02 -1.563318238E+00
 -2.391616103E-01 -1.000000000E-03 5.456629911E-02 -1.665282225E+00
 7.378476350E-01 -1.000000000E-03 -1.302126526E-01 3.822203076E-01
 7.378419577E-01 -1.000000000E-03 -1.302124798E-01 3.822004633E-01
 7.385463104E-01 -1.000000000E-03 -1.302342922E-01 3.824255703E-01
 7.385473611E-01 -1.000000000E-03 -1.302343239E-01 3.823644324E-01
 7.385477226E-01 -1.000000000E-03 -1.302343349E-01 3.824120372E-01
 7.383238550E-01 -1.000000000E-03 -1.302274049E-01 3.778394109E-01
 3.791496182E-01 -1.000000000E-03 -1.092900125E-01 3.499765325E-01
 3.789366593E-01 -1.000000000E-03 -1.092716815E-01 3.500253708E-01
 3.793763889E-01 -1.000000000E-03 -1.093089251E-01 3.499461062E-01
 3.139168383E-01 -1.000000000E-03 -1.034101508E-01 3.383104439E-01
 2.933255903E-01 -1.000000000E-03 -1.014004441E-01 3.426164445E-01
 3.476007868E-01 -1.000000000E-03 -1.065357912E-01 3.382516420E-01
 3.140743149E-01 -1.000000000E-03 -1.034250443E-01 3.383010495E-01
 3.479285389E-01 -1.000000000E-03 -1.065651363E-01 3.383824643E-01
 2.580090027E-01 -1.000000000E-03 -9.775584754E-02 3.420306461E-01
 2.277711940E-01 -1.000000000E-03 -9.442871099E-02 3.563594729E-01
 2.275285222E-01 -1.000000000E-03 -9.440128763E-02 3.563743126E-01
 2.583052965E-01 -1.000000000E-03 -9.778729085E-02 3.419817147E-01
 2.930804820E-01 -1.000000000E-03 -1.013759691E-01 3.426296015E-01
 2.271531382E-01 -1.000000000E-03 -9.435718939E-02 3.564720120E-01
 7.366546074E-01 -1.000000000E-03 -1.295937876E-01 3.922908849E-01
 7.366896887E-01 -1.000000000E-03 -1.296053674E-01 3.924401864E-01
 7.377169950E-01 -1.000000000E-03 -1.299435080E-01 3.844004450E-01
 7.382783021E-01 -1.000000000E-03 -1.301282979E-01 3.771776504E-01
 7.377099844E-01 -1.000000000E-03 -1.299411935E-01 3.843750668E-01
 7.382801291E-01 -1.000000000E-03 -1.301289022E-01 3.771971530E-01
 7.384650385E-01 -1.000000000E-03 -1.301897817E-01 3.795861783E-01
 7.384654441E-01 -1.000000000E-03 -1.301899157E-01 3.795654695E-01
 7.385591571E-01 -1.000000000E-03 -1.302207705E-01 3.853550315E-01
 7.385593634E-01 -1.000000000E-03 -1.302208386E-01 3.853550389E-01
 7.385860919E-01 -1.000000000E-03 -1.302296390E-01 3.853615139E-01
 7.385862401E-01 -1.000000000E-03 -1.302296879E-01 3.853339273E-01
 7.386058150E-01 -1.000000000E-03 -1.302361330E-01 3.732739814E-01
 7.386056572E-01 -1.000000000E-03 -1.302361282E-01 3.733042797E-01
 6.081505618E-02 -1.000000000E-03 -7.154003346E-02 3.923066530E-01
 8.504252057E-02 -1.000000000E-03 -7.544225295E-02 3.945147246E-01
 1.098103448E-01 -1.000000000E-03 -7.919699733E-02 3.874629618E-01
 8.563400216E-02 -1.000000000E-03 -7.553438548E-02 3.943695541E-01
 1.309413583E-01 -1.000000000E-03 -8.222506785E-02 3.719567494E-01
 1.314529926E-01 -1.000000000E-03 -8.229948458E-02 3.716232607E-01
 8.529489964E-02 -1.000000000E-03 -7.548246918E-02 3.944845333E-01
 6.054519593E-02 -1.000000000E-03 -7.149494800E-02 3.923635853E-01
 1.674857522E-01 -1.000000000E-03 -8.713814517E-02 3.607573216E-01
 1.317648323E-01 -1.000000000E-03 -8.234325344E-02 3.715397287E-01
 1.669730431E-01 -1.000000000E-03 -8.707005676E-02 3.608697172E-01
 2.038485174E-01 -1.000000000E-03 -9.164618960E-02 3.575738818E-01
 1.677965779E-01 -1.000000000E-03 -8.717762530E-02 3.605468932E-01
 2.034489336E-01 -1.000000000E-03 -9.159725245E-02 3.574921026E-01
 -2.378777369E-01 -1.000000000E-03 2.331427362E-02 9.739595175E-01
 -2.404561789E-01 -1.000000000E-03 2.626763025E-02 9.743017203E-01
 -2.378621758E-01 -1.000000000E-03 2.329683997E-02 9.741596004E-01
 -2.404719475E-01 -1.000000000E-03 2.628917328E-02 9.742246654E-01
 -2.344234468E-01 -1.000000000E-03 1.994479665E-02 1.008840901E+00
 -2.343959801E-01 -1.000000000E-03 1.991857383E-02 1.008683232E+00
 -2.304294394E-01 -1.000000000E-03 1.656374202E-02 9.432778625E-01
 -2.303916203E-01 -1.000000000E-03 1.653393100E-02 9.429746205E-01
 -2.221172776E-01 -1.000000000E-03 1.057909062E-02 9.270235807E-01
 -2.220915064E-01 -1.000000000E-03 1.056160658E-02 9.268827842E-01
 -2.176394356E-01 -1.000000000E-03 7.745394338E-03 8.594653538E-01
 -2.105254061E-01 -1.000000000E-03 3.625456511E-03 8.194082675E-01
 -2.176146570E-01 -1.000000000E-03 7.730449433E-03 8.594191924E-01
 -2.105437789E-01 -1.000000000E-03 3.635758127E-03 8.195718795E-01
 4.039626745E-01 -1.000000000E-03 -1.113465900E-01 3.393162790E-01
 4.041336694E-01 -1.000000000E-03 -1.113603040E-01 3.393319272E-01
 4.504132459E-01 -1.000000000E-03 -1.149421582E-01 3.435232193E-01
 4.043502718E-01 -1.000000000E-03 -1.113770912E-01 3.393661600E-01
 4.507128655E-01 -1.000000000E-03 -1.149642733E-01 3.435012315E-01
 6.375275183E-01 -1.000000000E-03 -1.263014425E-01 3.646636282E-01
 6.373774736E-01 -1.000000000E-03 -1.262943664E-01 3.645932507E-01
 6.889472981E-01 -1.000000000E-03 -1.285162378E-01 3.723706596E-01
 6.892007937E-01 -1.000000000E-03 -1.285260219E-01 3.724425829E-01
 6.890779032E-01 -1.000000000E-03 -1.285214603E-01 3.724079934E-01
 6.637862819E-01 -1.000000000E-03 -1.274848204E-01 3.692620532E-01
 6.639234856E-01 -1.000000000E-03 -1.274907464E-01 3.692809607E-01
 7.096539243E-01 -1.000000000E-03 -1.292846779E-01 3.802255394E-01
 7.097666626E-01 -1.000000000E-03 -1.292885276E-01 3.803258668E-01
 7.328204104E-01 -1.000000000E-03 -1.300557118E-01 3.835246473E-01
 7.328470958E-01 -1.000000000E-03 -1.300565277E-01 3.835325914E-01
 7.253237516E-01 -1.000000000E-03 -1.298173678E-01 3.843797456E-01
 7.253816601E-01 -1.000000000E-03 -1.298192232E-01 3.844008300E-01
 7.366359088E-01 -1.000000000E-03 -1.301750457E-01 3.843572976E-01
 5.387214998E-01 -1.000000000E-03 -1.209238124E-01 3.474770278E-01
 4.842648913E-01 -1.000000000E-03 -1.173660938E-01 3.400403890E-01
 4.845393014E-01 -1.000000000E-03 -1.173854150E-01 3.400401739E-01
 5.387954885E-01 -1.000000000E-03 -1.209282586E-01 3.474844658E-01
 5.385239662E-01 -1.000000000E-03 -1.209113664E-01 3.474975109E-01
 5.735313096E-01 -1.000000000E-03 -1.229799768E-01 3.542419117E-01
 5.129043274E-01 -1.000000000E-03 -1.192892004E-01 3.457497139E-01
 4.847953315E-01 -1.000000000E-03 -1.174024932E-01 3.400971379E-01
 5.737043206E-01 -1.000000000E-03 -1.229897045E-01 3.542889481E-01
 6.050540559E-01 -1.000000000E-03 -1.246916145E-01 3.597402271E-01
 6.048383975E-01 -1.000000000E-03 -1.246804250E-01 3.597136093E-01
 -2.442327985E-01 -1.000000000E-03 4.873063879E-02 -1.441970713E+00
 -2.448272881E-01 -1.000000000E-03 4.761784367E-02 -1.208972042E+00
 -2.448430413E-01 -1.000000000E-03 4.758630954E-02 -1.199447652E+00
 -2.455014107E-01 -1.000000000E-03 4.601211489E-02 -1.015826472E+00
 -2.455173537E-01 -1.000000000E-03 4.597262694E-02 -1.011323353E+00
 -2.458781528E-01 -1.000000000E-03 4.482819097E-02 -9.440950417E-01
 -2.458863374E-01 -1.000000000E-03 4.479983065E-02 -9.419965207E-01
 -2.458827055E-01 -1.000000000E-03 4.481374388E-02 -9.434386078E-01
 -2.462005457E-01 -1.000000000E-03 4.341912432E-02 -5.533306954E-01
 -2.462019380E-01 -1.000000000E-03 4.341204442E-02 -5.523729356E-01
 -2.462026741E-01 -1.000000000E-03 4.340723326E-02 -5.498265915E-01
 -2.463391656E-01 -1.000000000E-03 4.244860192E-02 -2.912620970E-01
 -2.463401336E-01 -1.000000000E-03 4.243767233E-02 -2.905786330E-01
 -2.463835774E-01 -1.000000000E-03 3.935736243E-02 8.879944832E-02
 -2.462842173E-01 -1.000000000E-03 3.845543229E-02 1.213743232E-01
 -2.462870457E-01 -1.000000000E-03 3.847417942E-02 1.185240033E-01
 -2.464335737E-01 -1.000000000E-03 4.030041170E-02 -1.629868657E-01
 -2.464334158E-01 -1.000000000E-03 4.028315507E-02 -1.598644535E-01
 -2.464337430E-01 -1.000000000E-03 4.029063132E-02 -1.611828091E-01
 -2.459872603E-01 -1.000000000E-03 3.683755595E-02 3.368334110E-01
 -2.459826090E-01 -1.000000000E-03 3.681884341E-02 3.391105495E-01
 -2.456971813E-01 -1.000000000E-03 3.573849605E-02 4.205094868E-01
 -2.453408055E-01 -1.000000000E-03 3.464607393E-02 5.718642362E-01
 -2.446662567E-01 -1.000000000E-03 3.296863242E-02 7.762449429E-01
 -2.453450034E-01 -1.000000000E-03 3.465882048E-02 5.711006711E-01
 -2.436584337E-01 -1.000000000E-03 3.097083648E-02 8.008519894E-01
 -2.436483805E-01 -1.000000000E-03 3.095327681E-02 8.017845534E-01
 -2.446619974E-01 -1.000000000E-03 3.295834849E-02 7.767421220E-01
 -2.417841281E-01 -1.000000000E-03 2.802542726E-02 9.258457502E-01
 7 8
 8 9
 9 10
 10 11
 11 77
 77 79
 79 78
 78 80
 80 76
 76 81
 81 142
 142 143
 143 146
 146 144
 144 145
 145 147
 147 148
 148 149
 149 150
 150 151
 151 152
 152 153
 153 154
 154 155
 155 126
 126 125
 125 124
 124 127
 127 122
 122 123
 123 202
 202 199
 199 198
 198 201
 201 200
 200 197
 197 196
 196 192
 192 193
 193 191
 191 195
 195 194
 194 189
 189 190
 190 212
 212 213
 213 211
 211 208
 208 206
 206 203
 203 207
 207 209
 209 210
 210 205
 205 204
 204 188
 188 186
 186 187
 187 185
 185 184
 184 130
 130 128
 128 129
 129 135
 135 133
 133 134
 134 131
 131 132
 132 140
 140 139
 139 136
 136 137
 137 138
 138 141
 141 167
 167 169
 169 168
 168 164
 164 166
 166 165
 165 161
 161 160
 160 158
 158 159
 159 162
 162 157
 157 156
 156 163
 163 54
 54 51
 51 52
 52 47
 47 48
 48 49
 49 50
 50 53
 53 44
 44 43
 43 45
 45 46
 46 36
 36 37
 37 42
 42 41
 41 39
 39 38
 38 40
 40 35
 35 32
 32 33
 33 34
 34 31
 31 30
 30 29
 29 28
 28 27
 27 26
 26 25
 25 23
 23 24
 24 22
 22 21
 21 20
 20 18
 18 19
 19 17
 17 16
 16 15
 15 14
 14 12
 12 13
 13 181
 181 183
 183 182
 182 180
 180 179
 179 178
 178 177
 177 176
 176 175
 175 174
 174 172
 172 170
 170 171
 171 173
 173 242
 242 240
 240 239
 239 241
 241 237
 237 236
 236 238
 238 235
 235 234
 234 233
 233 228
 228 229
 229 227
 227 231
 231 232
 232 230
 230 226
 226 225
 225 224
 224 223
 223 222
 222 220
 220 221
 221 219
 219 218
 218 217
 217 216
 216 215
 215 214
 214 56
 56 55
 55 57
 57 58
 58 59
 59 60
 60 61
 61 62
 62 63
 63 64
 64 121
 121 120
 120 119
 119 118
 118 117
 117 116
 116 115
 115 114
 114 113
 113 112
 112 111
 111 110
 110 109
 109 108
 108 106
 106 107
 107 105
 105 104
 104 103
 103 101
 101 102
 102 100
 100 99
 99 98
 98 97
 97 96
 96 95
 95 94
 94 93
 93 92
 92 91
 91 90
 90 89
 89 88
 88 87
 87 86
 86 85
 85 84
 84 83
 83 82
 82 75
 75 74
 74 73
 73 72
 72 71
 71 67
 67 66
 66 65
 65 70
 70 69
 69 68
 68 2
 2 1
 1 3
 3 4
 4 5
 5 6
 6 7
ZONE T="COFFE, MIT adapt Y=-0.035"
 STRANDID=7, SOLUTIONTIME=163
 Nodes=264, Elements=264, ZONETYPE=FELineSeg
 DATAPACKING=POINT
 AUXDATA CGNS.CGNSBase_t="Base"
 AUXDATA CGNS.Zone_t="Zone"
 DT=(DOUBLE DOUBLE DOUBLE DOUBLE )
 -2.040308134E-01 -3.500000000E-02 1.797716163E-04 7.831907576E-01
 -2.091583981E-01 -3.500000000E-02 2.896823621E-03 8.120119071E-01
 -2.021328108E-01 -3.500000000E-02 -7.572705457E-04 7.737791230E-01
 -1.943209099E-01 -3.500000000E-02 -4.542735871E-03 7.413462060E-01
 -1.926238706E-01 -3.500000000E-02 -5.321873507E-03 7.312166319E-01
 -1.856580428E-01 -3.500000000E-02 -8.416590279E-03 6.923344186E-01
 -1.823600453E-01 -3.500000000E-02 -9.821714305E-03 6.791350412E-01
 -1.841182160E-01 -3.500000000E-02 -9.088241613E-03 6.865035884E-01
 -1.757506204E-01 -3.500000000E-02 -1.255099295E-02 6.811594462E-01
 -1.731553642E-01 -3.500000000E-02 -1.358022461E-02 6.786380893E-01
 -1.672642213E-01 -3.500000000E-02 -1.586933604E-02 6.501866655E-01
 -1.611402926E-01 -3.500000000E-02 -1.813376781E-02 6.266448513E-01
 -1.651314312E-01 -3.500000000E-02 -1.667603086E-02 6.380050569E-01
 -1.563053609E-01 -3.500000000E-02 -1.990718348E-02 6.130752059E-01
 -1.497108101E-01 -3.500000000E-02 -2.217055429E-02 6.048473948E-01
 -1.439122227E-01 -3.500000000E-02 -2.417606200E-02 5.977001016E-01
 -1.410174034E-01 -3.500000000E-02 -2.513729130E-02 5.947584537E-01
 -1.354098573E-01 -3.500000000E-02 -2.695290983E-02 5.712837846E-01
 -1.328392065E-01 -3.500000000E-02 -2.777686745E-02 5.612494969E-01
 -1.297444057E-01 -3.500000000E-02 -2.874041868E-02 5.570848987E-01
 -1.167383770E-01 -3.500000000E-02 -3.267625682E-02 5.525837973E-01
 -1.188603988E-01 -3.500000000E-02 -3.205479334E-02 5.538503781E-01
 -1.223540467E-01 -3.500000000E-02 -3.100074000E-02 5.548162638E-01
 -1.124535146E-01 -3.500000000E-02 -3.390804114E-02 5.421620526E-01
 -6.399475520E-02 -3.500000000E-02 -4.667170346E-02 4.722668330E-01
 -6.825470411E-02 -3.500000000E-02 -4.563980028E-02 4.737798311E-01
 -9.927976548E-02 -3.500000000E-02 -3.759926436E-02 5.216590639E-01
 -9.120954012E-02 -3.500000000E-02 -3.980813986E-02 5.171556574E-01
 -1.068795618E-01 -3.500000000E-02 -3.552021011E-02 5.273112398E-01
 -8.274002892E-02 -3.500000000E-02 -4.200055877E-02 5.082266221E-01
 -7.620613289E-02 -3.500000000E-02 -4.367789229E-02 4.928209229E-01
 -3.885107057E-02 -3.500000000E-02 -5.246023140E-02 4.628424333E-01
 -2.948221760E-02 -3.500000000E-02 -5.450789388E-02 4.405973885E-01
 -4.604234287E-02 -3.500000000E-02 -5.086077049E-02 4.705060489E-01
 -5.199402627E-02 -3.500000000E-02 -4.949276252E-02 4.724972777E-01
 1.179089012E-02 -3.500000000E-02 -6.283432519E-02 4.165537724E-01
 6.166930935E-03 -3.500000000E-02 -6.173311856E-02 4.244238560E-01
 -3.233462624E-03 -3.500000000E-02 -5.991668791E-02 4.362336934E-01
 -1.181519258E-02 -3.500000000E-02 -5.818843550E-02 4.371212958E-01
 3.238227851E-02 -3.500000000E-02 -6.662921775E-02 4.099947522E-01
 2.233189758E-02 -3.500000000E-02 -6.478060207E-02 4.128865621E-01
 -2.355853199E-02 -3.500000000E-02 -5.576439505E-02 4.330040691E-01
 4.107386991E-02 -3.500000000E-02 -6.816243806E-02 4.078127582E-01
 3.824244696E-01 -3.500000000E-02 -2.395202431E-02 1.590708795E-01
 1.801859922E-01 -3.500000000E-02 2.616282002E-02 -6.905990946E-02
 3.401005990E-01 -3.500000000E-02 -1.277751362E-02 1.217223406E-01
 3.300457707E-01 -3.500000000E-02 -1.011517301E-02 1.132041467E-01
 3.231899646E-01 -3.500000000E-02 -8.358284552E-03 1.052702118E-01
 4.068038187E-01 -3.500000000E-02 -3.058843530E-02 1.823249997E-01
 4.720165343E-01 -3.500000000E-02 -4.884191334E-02 2.369116682E-01
 4.360061242E-01 -3.500000000E-02 -3.860449940E-02 2.105330940E-01
 5.027974041E-01 -3.500000000E-02 -5.753994169E-02 2.592927760E-01
 5.408731513E-01 -3.500000000E-02 -6.867356553E-02 2.896265915E-01
 6.341195251E-01 -3.500000000E-02 -9.685643814E-02 3.459035812E-01
 5.741381909E-01 -3.500000000E-02 -7.865030349E-02 3.119522400E-01
 5.614439920E-01 -3.500000000E-02 -7.475383979E-02 3.050165743E-01
 -2.437897860E-01 -3.500000000E-02 4.946130180E-02 -1.413494468E+00
 -2.442843118E-01 -3.500000000E-02 4.862549307E-02 -1.422375870E+00
 -2.433037271E-01 -3.500000000E-02 5.015913409E-02 -1.438704085E+00
 -2.427298884E-01 -3.500000000E-02 5.093960626E-02 -1.577323950E+00
 -2.430198221E-01 -3.500000000E-02 5.056750819E-02 -1.504659712E+00
 -2.424924813E-01 -3.500000000E-02 5.124168975E-02 -1.648895539E+00
 -2.417819833E-01 -3.500000000E-02 5.206668202E-02 -1.673063117E+00
 -2.416900100E-01 -3.500000000E-02 5.217063763E-02 -1.680215784E+00
 -2.405658431E-01 -3.500000000E-02 5.331765205E-02 -1.812319649E+00
 -2.404924271E-01 -3.500000000E-02 5.338861929E-02 -1.809209683E+00
 -2.390321013E-01 -3.500000000E-02 5.467207407E-02 -1.804462991E+00
 -2.387405952E-01 -3.500000000E-02 5.491253053E-02 -1.811529638E+00
 -2.370773952E-01 -3.500000000E-02 5.615126227E-02 -1.680428075E+00
 -2.365844906E-01 -3.500000000E-02 5.650050558E-02 -1.686178431E+00
 -2.346752007E-01 -3.500000000E-02 5.771140355E-02 -1.654459817E+00
 -2.319184613E-01 -3.500000000E-02 5.923754003E-02 -1.762422342E+00
 -2.275213088E-01 -3.500000000E-02 6.126353172E-02 -1.456281672E+00
 -2.301429631E-01 -3.500000000E-02 6.011061566E-02 -1.616359277E+00
 -2.324675581E-01 -3.500000000E-02 5.895452795E-02 -1.775133862E+00
 -2.342439294E-01 -3.500000000E-02 5.797360860E-02 -1.645493913E+00
 -2.241464429E-01 -3.500000000E-02 6.256248235E-02 -1.447931019E+00
 -2.273423406E-01 -3.500000000E-02 6.134243642E-02 -1.447422295E+00
 -1.971302436E-01 -3.500000000E-02 6.888903872E-02 -1.079050333E+00
 -2.105191864E-01 -3.500000000E-02 6.643977842E-02 -1.258461502E+00
 -2.116872586E-01 -3.500000000E-02 6.618022588E-02 -1.274137195E+00
 -1.968539548E-01 -3.500000000E-02 6.893259626E-02 -1.074827312E+00
 -2.027851506E-01 -3.500000000E-02 6.798353160E-02 -1.164229947E+00
 -2.030253480E-01 -3.500000000E-02 6.793810803E-02 -1.167139620E+00
 -2.017214337E-01 -3.500000000E-02 6.815380075E-02 -1.149566672E+00
 -2.076032373E-01 -3.500000000E-02 6.707154529E-02 -1.182557276E+00
 -2.145387973E-01 -3.500000000E-02 6.548237890E-02 -1.303550644E+00
 -2.170360488E-01 -3.500000000E-02 6.481560937E-02 -1.340940091E+00
 -1.601063372E-01 -3.500000000E-02 7.193299808E-02 -8.259377999E-01
 -1.364461830E-01 -3.500000000E-02 7.211703005E-02 -7.205955514E-01
 -1.706418483E-01 -3.500000000E-02 7.146987349E-02 -8.826672721E-01
 -1.601199585E-01 -3.500000000E-02 7.193262916E-02 -8.260068954E-01
 -1.601139408E-01 -3.500000000E-02 7.193287144E-02 -8.259761839E-01
 7.287122193E-01 -3.500000000E-02 -1.269814713E-01 3.866675125E-01
 7.230067481E-01 -3.500000000E-02 -1.251160754E-01 3.848562389E-01
 7.342396200E-01 -3.500000000E-02 -1.287979895E-01 3.849699490E-01
 7.028619946E-01 -3.500000000E-02 -1.185693335E-01 3.778684170E-01
 7.014796333E-01 -3.500000000E-02 -1.181235045E-01 3.773326687E-01
 6.980425606E-01 -3.500000000E-02 -1.170314773E-01 3.759594467E-01
 6.566662211E-01 -3.500000000E-02 -1.038611939E-01 3.588174716E-01
 1.637856595E-01 -3.500000000E-02 2.971861788E-02 -9.357430968E-02
 1.461851167E-01 -3.500000000E-02 3.354633650E-02 -1.168954262E-01
 1.207914579E-01 -3.500000000E-02 3.877809253E-02 -1.510301135E-01
 1.110086859E-01 -3.500000000E-02 4.074279868E-02 -1.662389308E-01
 1.153101460E-01 -3.500000000E-02 3.990487609E-02 -1.599744919E-01
 8.063433425E-02 -3.500000000E-02 4.660710116E-02 -2.134331414E-01
 7.788552660E-02 -3.500000000E-02 4.710972376E-02 -2.183159438E-01
 2.087810427E-02 -3.500000000E-02 5.688204558E-02 -3.195488550E-01
 1.587957048E-02 -3.500000000E-02 5.763415270E-02 -3.313008943E-01
 -6.962303666E-03 -3.500000000E-02 6.100630856E-02 -3.804619198E-01
 3.059587534E-02 -3.500000000E-02 5.529680652E-02 -3.062053906E-01
 4.402374932E-02 -3.500000000E-02 5.311303423E-02 -2.852588084E-01
 4.573407177E-02 -3.500000000E-02 5.282176713E-02 -2.825453897E-01
 2.710746806E-01 -3.500000000E-02 4.771692296E-03 4.526691475E-02
 2.215839357E-01 -3.500000000E-02 1.669534984E-02 -1.163747982E-02
 1.974846510E-01 -3.500000000E-02 2.224437697E-02 -4.588618446E-02
 2.402133260E-01 -3.500000000E-02 1.229172706E-02 1.246722756E-02
 -2.196149190E-01 -3.500000000E-02 6.406954286E-02 -1.393175636E+00
 -2.218149050E-01 -3.500000000E-02 6.336019894E-02 -1.425095190E+00
 -2.234340835E-01 -3.500000000E-02 6.282650080E-02 -1.432849944E+00
 -1.954266823E-01 -3.500000000E-02 6.912070309E-02 -1.055755953E+00
 -1.905191247E-01 -3.500000000E-02 6.976940873E-02 -1.008108886E+00
 -1.856698488E-01 -3.500000000E-02 7.027648962E-02 -9.586407648E-01
 -1.818364777E-01 -3.500000000E-02 7.066555537E-02 -9.505601393E-01
 -1.750849347E-01 -3.500000000E-02 7.116486011E-02 -9.179713221E-01
 -1.576441455E-01 -3.500000000E-02 7.198018237E-02 -8.096633380E-01
 -1.480237405E-01 -3.500000000E-02 7.216442409E-02 -7.461572421E-01
 -1.478815596E-01 -3.500000000E-02 7.216375140E-02 -7.458014889E-01
 -9.900232604E-02 -3.500000000E-02 7.067049550E-02 -6.020039917E-01
 -1.116046544E-01 -3.500000000E-02 7.134249434E-02 -6.281600455E-01
 -1.140472457E-01 -3.500000000E-02 7.147605465E-02 -6.313558345E-01
 -6.909901266E-02 -3.500000000E-02 6.831310982E-02 -5.094748451E-01
 -5.268083508E-02 -3.500000000E-02 6.667306073E-02 -4.637805196E-01
 -7.279400248E-02 -3.500000000E-02 6.866714404E-02 -5.184016014E-01
 -8.560571000E-02 -3.500000000E-02 6.973388806E-02 -5.552201947E-01
 -7.700177897E-02 -3.500000000E-02 6.901736712E-02 -5.305374536E-01
 -8.867305802E-02 -3.500000000E-02 6.994777644E-02 -5.614385348E-01
 -1.242393004E-01 -3.500000000E-02 7.185660820E-02 -6.604489065E-01
 -1.324069064E-01 -3.500000000E-02 7.206244474E-02 -7.019590018E-01
 -1.159544954E-01 -3.500000000E-02 7.155813264E-02 -6.362563040E-01
 7.379424069E-01 -3.500000000E-02 -1.302156252E-01 3.868652972E-01
 7.377429339E-01 -3.500000000E-02 -1.302095559E-01 3.861680644E-01
 7.385041103E-01 -3.500000000E-02 -1.302330225E-01 3.870303191E-01
 7.385410243E-01 -3.500000000E-02 -1.302341362E-01 3.848822201E-01
 7.385537260E-01 -3.500000000E-02 -1.302345245E-01 3.865548303E-01
 7.383252662E-01 -3.500000000E-02 -1.302274855E-01 3.833432548E-01
 3.783063670E-01 -3.500000000E-02 -1.092188650E-01 3.457810481E-01
 3.708309522E-01 -3.500000000E-02 -1.085753991E-01 3.474953984E-01
 3.862666105E-01 -3.500000000E-02 -1.098827473E-01 3.447130039E-01
 3.128395763E-01 -3.500000000E-02 -1.033070301E-01 3.374775523E-01
 2.969412010E-01 -3.500000000E-02 -1.017553480E-01 3.408021887E-01
 3.438977113E-01 -3.500000000E-02 -1.061986532E-01 3.371102160E-01
 3.183664834E-01 -3.500000000E-02 -1.038297434E-01 3.371478410E-01
 3.554017274E-01 -3.500000000E-02 -1.072286585E-01 3.417020443E-01
 2.539501409E-01 -3.500000000E-02 -9.731715684E-02 3.425340313E-01
 2.324294482E-01 -3.500000000E-02 -9.494918487E-02 3.527320679E-01
 2.239143781E-01 -3.500000000E-02 -9.398693135E-02 3.532527749E-01
 2.643475666E-01 -3.500000000E-02 -9.842055317E-02 3.408169504E-01
 2.883391754E-01 -3.500000000E-02 -1.008964038E-01 3.412639314E-01
 2.107425891E-01 -3.500000000E-02 -9.243957530E-02 3.566809341E-01
 7.357284352E-01 -3.500000000E-02 -1.292874728E-01 3.850905747E-01
 7.369610234E-01 -3.500000000E-02 -1.296943297E-01 3.903363076E-01
 7.378467696E-01 -3.500000000E-02 -1.299861144E-01 3.861735201E-01
 7.382340815E-01 -3.500000000E-02 -1.301136227E-01 3.811896632E-01
 7.376004485E-01 -3.500000000E-02 -1.299047938E-01 3.852818516E-01
 7.382982723E-01 -3.500000000E-02 -1.301348544E-01 3.818748912E-01
 7.384580449E-01 -3.500000000E-02 -1.301874579E-01 3.839391492E-01
 7.384722964E-01 -3.500000000E-02 -1.301921645E-01 3.832115389E-01
 7.385554843E-01 -3.500000000E-02 -1.302195540E-01 3.883508666E-01
 7.385627328E-01 -3.500000000E-02 -1.302219453E-01 3.883511241E-01
 7.385856504E-01 -3.500000000E-02 -1.302294910E-01 3.883566759E-01
 7.385908592E-01 -3.500000000E-02 -1.302312088E-01 3.873874099E-01
 7.386058150E-01 -3.500000000E-02 -1.302361330E-01 3.781732538E-01
 7.386002829E-01 -3.500000000E-02 -1.302359656E-01 3.792357396E-01
 6.470097055E-02 -3.500000000E-02 -7.217949020E-02 3.941022238E-01
 7.675094045E-02 -3.500000000E-02 -7.412033001E-02 3.952004484E-01
 1.034253703E-01 -3.500000000E-02 -7.824997937E-02 3.884150692E-01
 9.749769323E-02 -3.500000000E-02 -7.735196181E-02 3.901084622E-01
 1.086063782E-01 -3.500000000E-02 -7.899241689E-02 3.846131782E-01
 1.265545634E-01 -3.500000000E-02 -8.160296405E-02 3.729143577E-01
 8.560336513E-02 -3.500000000E-02 -7.553095062E-02 3.941414606E-01
 5.523598027E-02 -3.500000000E-02 -7.059817771E-02 3.960990492E-01
 1.675422723E-01 -3.500000000E-02 -8.714634490E-02 3.623857575E-01
 1.374939368E-01 -3.500000000E-02 -8.313838076E-02 3.699840462E-01
 1.495547089E-01 -3.500000000E-02 -8.475757401E-02 3.663289733E-01
 2.009970614E-01 -3.500000000E-02 -9.130588925E-02 3.571417140E-01
 1.784470822E-01 -3.500000000E-02 -8.853144120E-02 3.550032213E-01
 1.869769902E-01 -3.500000000E-02 -8.958884716E-02 3.542723556E-01
 -3.349475221E-02 -3.500000000E-02 6.446629982E-02 -4.240734559E-01
 -2.474777013E-02 -3.500000000E-02 6.338915105E-02 -4.112592102E-01
 -2.383202758E-01 -3.500000000E-02 2.381610978E-02 9.743298176E-01
 -2.404072773E-01 -3.500000000E-02 2.620656875E-02 9.746067980E-01
 -2.377749124E-01 -3.500000000E-02 2.320511971E-02 9.813420411E-01
 -2.409599108E-01 -3.500000000E-02 2.696157355E-02 9.719063053E-01
 -2.352088025E-01 -3.500000000E-02 2.070369790E-02 1.007222542E+00
 -2.342458283E-01 -3.500000000E-02 1.978433401E-02 1.001694722E+00
 -2.309902629E-01 -3.500000000E-02 1.703083287E-02 9.480128182E-01
 -2.296648042E-01 -3.500000000E-02 1.598603819E-02 9.373850177E-01
 -2.228342276E-01 -3.500000000E-02 1.107024068E-02 9.242172286E-01
 -2.219309956E-01 -3.500000000E-02 1.045745968E-02 9.192825926E-01
 -2.179197431E-01 -3.500000000E-02 7.920092387E-03 8.585404438E-01
 -2.103971734E-01 -3.500000000E-02 3.554793954E-03 8.173183492E-01
 -2.170512902E-01 -3.500000000E-02 7.396297061E-03 8.569225580E-01
 -2.110411242E-01 -3.500000000E-02 3.915855968E-03 8.230527947E-01
 4.023358490E-01 -3.500000000E-02 -1.112145354E-01 3.377655035E-01
 4.083386001E-01 -3.500000000E-02 -1.116959659E-01 3.383148318E-01
 4.461018001E-01 -3.500000000E-02 -1.146194794E-01 3.422383746E-01
 4.159424004E-01 -3.500000000E-02 -1.122852776E-01 3.395165700E-01
 4.566211744E-01 -3.500000000E-02 -1.153959224E-01 3.414664027E-01
 6.400037779E-01 -3.500000000E-02 -1.264159842E-01 3.651103942E-01
 6.347332900E-01 -3.500000000E-02 -1.261674294E-01 3.626383056E-01
 6.850338682E-01 -3.500000000E-02 -1.283592258E-01 3.718420850E-01
 6.939393756E-01 -3.500000000E-02 -1.287029478E-01 3.743688095E-01
 6.896221322E-01 -3.500000000E-02 -1.285426957E-01 3.731536524E-01
 6.613537986E-01 -3.500000000E-02 -1.273781446E-01 3.688492019E-01
 6.661735587E-01 -3.500000000E-02 -1.275863186E-01 3.695133960E-01
 7.091811644E-01 -3.500000000E-02 -1.292683026E-01 3.801687128E-01
 7.131419664E-01 -3.500000000E-02 -1.294035539E-01 3.836934875E-01
 7.326339656E-01 -3.500000000E-02 -1.300506476E-01 3.870014546E-01
 7.335715540E-01 -3.500000000E-02 -1.300793150E-01 3.872805701E-01
 7.253614019E-01 -3.500000000E-02 -1.298189355E-01 3.868776379E-01
 7.273959663E-01 -3.500000000E-02 -1.298841241E-01 3.876184190E-01
 7.367357212E-01 -3.500000000E-02 -1.301782935E-01 3.879693104E-01
 5.388262131E-01 -3.500000000E-02 -1.209305130E-01 3.459278166E-01
 4.757742617E-01 -3.500000000E-02 -1.167669954E-01 3.394907897E-01
 4.854094011E-01 -3.500000000E-02 -1.174454046E-01 3.394832373E-01
 5.414244857E-01 -3.500000000E-02 -1.210866515E-01 3.461890176E-01
 5.318894029E-01 -3.500000000E-02 -1.204934447E-01 3.466471237E-01
 5.715211388E-01 -3.500000000E-02 -1.228643509E-01 3.520439678E-01
 5.140127910E-01 -3.500000000E-02 -1.193615462E-01 3.454275637E-01
 4.943991807E-01 -3.500000000E-02 -1.180450588E-01 3.414833664E-01
 5.775973361E-01 -3.500000000E-02 -1.232059899E-01 3.536959014E-01
 6.086773005E-01 -3.500000000E-02 -1.248754470E-01 3.587262708E-01
 6.011026985E-01 -3.500000000E-02 -1.244824369E-01 3.577913698E-01
 -2.444888474E-01 -3.500000000E-02 4.828198006E-02 -1.414495778E+00
 -2.455355234E-01 -3.500000000E-02 4.592902940E-02 -9.604712862E-01
 -2.449776541E-01 -3.500000000E-02 4.730353019E-02 -1.123018750E+00
 -2.449893595E-01 -3.500000000E-02 4.728074225E-02 -1.116525763E+00
 -2.449974639E-01 -3.500000000E-02 4.726264578E-02 -1.115158193E+00
 -2.450146596E-01 -3.500000000E-02 4.721910781E-02 -1.107588988E+00
 -2.456816165E-01 -3.500000000E-02 4.546562972E-02 -9.332495114E-01
 -2.459684521E-01 -3.500000000E-02 4.447171792E-02 -8.597050318E-01
 -2.458411692E-01 -3.500000000E-02 4.495931921E-02 -9.102442196E-01
 -2.461531747E-01 -3.500000000E-02 4.366000294E-02 -6.312090335E-01
 -2.462019380E-01 -3.500000000E-02 4.341204442E-02 -5.976655052E-01
 -2.462277166E-01 -3.500000000E-02 4.324354375E-02 -5.084851462E-01
 -2.463315531E-01 -3.500000000E-02 4.251426084E-02 -3.117810954E-01
 -2.463654787E-01 -3.500000000E-02 4.213122424E-02 -2.878285376E-01
 -2.463835418E-01 -3.500000000E-02 3.935077838E-02 1.046460580E-01
 -2.462079678E-01 -3.500000000E-02 3.799431995E-02 2.280786664E-01
 -2.463070922E-01 -3.500000000E-02 3.865132869E-02 1.281868537E-01
 -2.464285432E-01 -3.500000000E-02 4.068874632E-02 -2.017144229E-01
 -2.464230121E-01 -3.500000000E-02 4.008397339E-02 -9.228695262E-02
 -2.464344791E-01 -3.500000000E-02 4.034598476E-02 -1.384897954E-01
 -2.460350104E-01 -3.500000000E-02 3.705201665E-02 3.535689803E-01
 -2.458720003E-01 -3.500000000E-02 3.639621974E-02 4.333732415E-01
 -2.456970888E-01 -3.500000000E-02 3.573417754E-02 4.832549129E-01
 -2.453341530E-01 -3.500000000E-02 3.462583256E-02 6.022977701E-01
 -2.447886959E-01 -3.500000000E-02 3.326941131E-02 7.675651314E-01
 -2.454812725E-01 -3.500000000E-02 3.507254701E-02 5.755379354E-01
 -2.437674096E-01 -3.500000000E-02 3.118201599E-02 8.059387540E-01
 -2.434150844E-01 -3.500000000E-02 3.056661851E-02 8.386214515E-01
 -2.446394241E-01 -3.500000000E-02 3.290900094E-02 7.849892564E-01
 -2.419741400E-01 -3.500000000E-02 2.830358357E-02 9.345125889E-01
 11 10
 10 9
 9 7
 7 8
 8 6
 6 5
 5 4
 4 3
 3 1
 1 2
 2 202
 202 204
 204 203
 203 201
 201 200
 200 199
 199 198
 198 197
 197 196
 196 195
 195 193
 193 191
 191 192
 192 194
 194 264
 264 262
 262 261
 261 263
 263 259
 259 258
 258 260
 260 257
 257 256
 256 255
 255 250
 250 251
 251 249
 249 253
 253 254
 254 252
 252 248
 248 247
 247 246
 246 245
 245 244
 244 242
 242 243
 243 241
 241 236
 236 240
 240 239
 239 238
 238 237
 237 235
 235 58
 58 57
 57 59
 59 61
 61 60
 60 62
 62 63
 63 64
 64 65
 65 66
 66 67
 67 68
 68 69
 69 70
 70 71
 71 76
 76 75
 75 72
 72 74
 74 73
 73 78
 78 77
 77 120
 120 119
 119 118
 118 88
 88 87
 87 81
 81 80
 80 86
 86 84
 84 83
 83 85
 85 79
 79 82
 82 121
 121 122
 122 123
 123 124
 124 125
 125 91
 91 92
 92 93
 93 89
 89 126
 126 127
 127 128
 128 90
 90 139
 139 138
 138 140
 140 131
 131 130
 130 129
 129 137
 137 135
 135 136
 136 134
 134 132
 132 133
 133 189
 189 190
 190 110
 110 109
 109 108
 108 111
 111 112
 112 113
 113 107
 107 106
 106 104
 104 105
 105 103
 103 102
 102 101
 101 45
 45 116
 116 115
 115 117
 117 114
 114 48
 48 47
 47 46
 46 44
 44 49
 49 51
 51 50
 50 52
 52 53
 53 56
 56 55
 55 54
 54 100
 100 99
 99 98
 98 97
 97 95
 95 94
 94 96
 96 161
 161 162
 162 165
 165 163
 163 164
 164 166
 166 167
 167 168
 168 169
 169 170
 170 171
 171 172
 172 173
 173 174
 174 145
 145 144
 144 143
 143 146
 146 141
 141 142
 142 223
 223 220
 220 219
 219 222
 222 221
 221 218
 218 217
 217 213
 213 214
 214 212
 212 216
 216 215
 215 210
 210 211
 211 233
 233 234
 234 232
 232 229
 229 227
 227 224
 224 228
 228 230
 230 231
 231 226
 226 225
 225 209
 209 207
 207 208
 208 206
 206 205
 205 149
 149 147
 147 148
 148 154
 154 152
 152 153
 153 150
 150 151
 151 159
 159 158
 158 155
 155 156
 156 157
 157 160
 160 186
 186 188
 188 187
 187 183
 183 185
 185 184
 184 180
 180 179
 179 177
 177 178
 178 181
 181 176
 176 175
 175 182
 182 43
 43 40
 40 41
 41 36
 36 37
 37 38
 38 39
 39 42
 42 33
 33 32
 32 34
 34 35
 35 25
 25 26
 26 31
 31 30
 30 28
 28 27
 27 29
 29 24
 24 21
 21 22
 22 23
 23 20
 20 19
 19 18
 18 17
 17 16
 16 15
 15 14
 14 12
 12 13
 13 11
ZONE T="COFFE, MIT adapt Y=-0.73"
 STRANDID=8, SOLUTIONTIME=163
 Nodes=263, Elements=263, ZONETYPE=FELineSeg
 DATAPACKING=POINT
 AUXDATA CGNS.CGNSBase_t="Base"
 AUXDATA CGNS.Zone_t="Zone"
 DT=(DOUBLE DOUBLE DOUBLE DOUBLE )
 -1.881884843E-01 -7.300000000E-01 -7.322998179E-03 4.683561418E-01
 -1.972910955E-01 -7.300000000E-01 -3.144367286E-03 4.773540969E-01
 -1.962583361E-01 -7.300000000E-01 -3.638351463E-03 4.696671520E-01
 -1.883974224E-01 -7.300000000E-01 -7.229262369E-03 4.687864006E-01
 -2.024488525E-01 -7.300000000E-01 -5.987156815E-04 5.195312698E-01
 -1.789994816E-01 -7.300000000E-01 -1.123215302E-02 4.274049033E-01
 -1.873531908E-01 -7.300000000E-01 -7.676567270E-03 4.634106572E-01
 -1.711141914E-01 -7.300000000E-01 -1.434394020E-02 3.976500267E-01
 -1.639546909E-01 -7.300000000E-01 -1.711105105E-02 3.818854121E-01
 -1.661225560E-01 -7.300000000E-01 -1.630575832E-02 3.916777361E-01
 -1.489625754E-01 -7.300000000E-01 -2.247283431E-02 3.605142424E-01
 -1.572831834E-01 -7.300000000E-01 -1.955779139E-02 3.708895458E-01
 -1.488720813E-01 -7.300000000E-01 -2.250478772E-02 3.603615685E-01
 -1.487173540E-01 -7.300000000E-01 -2.255648066E-02 3.599462593E-01
 -1.395552927E-01 -7.300000000E-01 -2.561900933E-02 3.277042300E-01
 -1.343683415E-01 -7.300000000E-01 -2.727478969E-02 3.404003797E-01
 -1.274100336E-01 -7.300000000E-01 -2.946523606E-02 3.402605733E-01
 -1.163297232E-01 -7.300000000E-01 -3.278963662E-02 3.078446754E-01
 -1.063972593E-01 -7.300000000E-01 -3.564910270E-02 2.928831116E-01
 -9.944422234E-02 -7.300000000E-01 -3.757252779E-02 2.926538946E-01
 -8.786819840E-02 -7.300000000E-01 -4.066002302E-02 2.852018728E-01
 -8.453271965E-02 -7.300000000E-01 -4.155664876E-02 2.849298454E-01
 -8.384442362E-02 -7.300000000E-01 -4.173550881E-02 2.841593927E-01
 -5.316076361E-02 -7.300000000E-01 -4.922931274E-02 2.454059432E-01
 -7.011051601E-02 -7.300000000E-01 -4.518187403E-02 2.410151412E-01
 -6.810887518E-02 -7.300000000E-01 -4.568121023E-02 2.355649385E-01
 -6.614926985E-02 -7.300000000E-01 -4.615292416E-02 2.325883152E-01
 -2.745157950E-02 -7.300000000E-01 -5.494507977E-02 2.207250217E-01
 -4.178001084E-02 -7.300000000E-01 -5.181676814E-02 2.307475102E-01
 -4.131642835E-02 -7.300000000E-01 -5.192336439E-02 2.304114546E-01
 -4.117889153E-02 -7.300000000E-01 -5.195448957E-02 2.302411451E-01
 -4.052028215E-02 -7.300000000E-01 -5.209834532E-02 2.300511250E-01
 2.476873421E-03 -7.300000000E-01 -6.103585227E-02 1.889021774E-01
 -1.204322415E-03 -7.300000000E-01 -6.032436584E-02 1.939949815E-01
 1.250757488E-02 -7.300000000E-01 -6.297286074E-02 1.884448081E-01
 -1.618432429E-02 -7.300000000E-01 -5.729612001E-02 2.047604371E-01
 -1.356470032E-02 -7.300000000E-01 -5.784431525E-02 2.023132528E-01
 -1.158855812E-02 -7.300000000E-01 -5.824072013E-02 2.031471566E-01
 2.685443774E-02 -7.300000000E-01 -6.561741862E-02 1.934526058E-01
 -2.381165149E-01 -7.300000000E-01 5.539338705E-02 -5.551642696E-01
 -2.383561860E-01 -7.300000000E-01 5.521576153E-02 -5.496487723E-01
 -2.392227687E-01 -7.300000000E-01 5.451858347E-02 -4.995788962E-01
 -2.351342194E-01 -7.300000000E-01 5.743892060E-02 -6.469558575E-01
 -2.352310951E-01 -7.300000000E-01 5.738015330E-02 -6.426030416E-01
 -2.322467073E-01 -7.300000000E-01 5.906294643E-02 -6.204279318E-01
 -2.333094853E-01 -7.300000000E-01 5.850476094E-02 -6.003283109E-01
 -2.366117314E-01 -7.300000000E-01 5.648331569E-02 -5.378267434E-01
 -2.314097126E-01 -7.300000000E-01 5.949923223E-02 -6.266766359E-01
 -2.307403488E-01 -7.300000000E-01 5.981099288E-02 -6.276058908E-01
 -2.285056047E-01 -7.300000000E-01 6.084955057E-02 -5.918925786E-01
 -2.272271897E-01 -7.300000000E-01 6.138271851E-02 -5.457793283E-01
 -1.961481778E-01 -7.300000000E-01 6.903435543E-02 -4.264003759E-01
 -1.911576661E-01 -7.300000000E-01 6.968899780E-02 -4.037766404E-01
 -2.009266361E-01 -7.300000000E-01 6.829007689E-02 -4.223424279E-01
 -2.018875231E-01 -7.300000000E-01 6.813831702E-02 -4.276757328E-01
 -2.231257238E-01 -7.300000000E-01 6.291376274E-02 -5.291832138E-01
 -2.240635978E-01 -7.300000000E-01 6.260361674E-02 -5.155561310E-01
 -2.246559594E-01 -7.300000000E-01 6.238100553E-02 -5.179536286E-01
 -2.076774635E-01 -7.300000000E-01 6.705640654E-02 -4.885246251E-01
 -2.155809290E-01 -7.300000000E-01 6.521814905E-02 -5.912852813E-01
 -2.155293988E-01 -7.300000000E-01 6.523090644E-02 -5.907198578E-01
 -2.156054224E-01 -7.300000000E-01 6.521118625E-02 -5.914433279E-01
 -2.089963221E-01 -7.300000000E-01 6.676893613E-02 -5.105297292E-01
 -2.120691579E-01 -7.300000000E-01 6.609177196E-02 -5.172847971E-01
 -2.201194521E-01 -7.300000000E-01 6.391840097E-02 -5.230492797E-01
 -2.073113535E-01 -7.300000000E-01 6.712580624E-02 -4.912559088E-01
 -9.943876750E-02 -7.300000000E-01 7.069663614E-02 -2.000016106E-01
 -8.814564647E-02 -7.300000000E-01 6.992413035E-02 -2.017709190E-01
 -9.994392351E-02 -7.300000000E-01 7.072870862E-02 -1.990418644E-01
 -1.091029436E-01 -7.300000000E-01 7.124031639E-02 -2.021963855E-01
 -1.103866425E-01 -7.300000000E-01 7.130714955E-02 -2.083283827E-01
 -1.129881359E-01 -7.300000000E-01 7.141982433E-02 -2.111111344E-01
 -1.211241647E-01 -7.300000000E-01 7.175896736E-02 -2.274909948E-01
 -1.446022253E-01 -7.300000000E-01 7.217893542E-02 -2.849685478E-01
 -1.511240126E-01 -7.300000000E-01 7.212197691E-02 -2.753990946E-01
 -1.312979846E-01 -7.300000000E-01 7.202805795E-02 -2.611556881E-01
 -1.375191844E-01 -7.300000000E-01 7.212908959E-02 -2.732482001E-01
 -1.692293787E-01 -7.300000000E-01 7.153692737E-02 -3.008923763E-01
 -1.737384490E-01 -7.300000000E-01 7.124856374E-02 -3.325067215E-01
 -1.621255161E-01 -7.300000000E-01 7.186311080E-02 -2.775135284E-01
 -1.548607444E-01 -7.300000000E-01 7.205814930E-02 -2.797479957E-01
 -1.531506081E-01 -7.300000000E-01 7.210165172E-02 -2.755078650E-01
 -1.815583058E-01 -7.300000000E-01 7.068998544E-02 -3.781679989E-01
 -1.902899768E-01 -7.300000000E-01 6.978976836E-02 -4.028571126E-01
 2.294806076E-01 -7.300000000E-01 1.484922603E-02 -8.217666219E-02
 2.374912687E-01 -7.300000000E-01 1.293643146E-02 -8.414113056E-02
 2.509501851E-01 -7.300000000E-01 9.657366692E-03 -8.859040695E-02
 1.896769082E-01 -7.300000000E-01 2.404226125E-02 -6.725446071E-02
 1.924161478E-01 -7.300000000E-01 2.341134121E-02 -6.687686402E-02
 1.862950558E-01 -7.300000000E-01 2.478734367E-02 -6.691687967E-02
 -4.722126321E-02 -7.300000000E-01 6.609302062E-02 -1.507031519E-01
 -5.802013761E-02 -7.300000000E-01 6.723673673E-02 -1.652209359E-01
 -4.520514973E-02 -7.300000000E-01 6.585929323E-02 -1.500525494E-01
 -8.719846186E-02 -7.300000000E-01 6.985477647E-02 -2.002295095E-01
 -7.949915337E-02 -7.300000000E-01 6.923031350E-02 -1.753627729E-01
 -6.211819479E-02 -7.300000000E-01 6.765920306E-02 -1.690529698E-01
 -7.548294453E-02 -7.300000000E-01 6.890399812E-02 -1.696047361E-01
 -7.218364899E-02 -7.300000000E-01 6.859465977E-02 -1.653929763E-01
 -3.392353164E-02 -7.300000000E-01 6.454454453E-02 -1.485508113E-01
 -1.538694661E-02 -7.300000000E-01 6.216067135E-02 -1.213524432E-01
 6.863755607E-01 -7.300000000E-01 -1.132770244E-01 -2.672092188E-01
 6.933597168E-01 -7.300000000E-01 -1.155122486E-01 -2.321068854E-01
 6.588266543E-01 -7.300000000E-01 -1.045428418E-01 -4.060979597E-01
 6.674037215E-01 -7.300000000E-01 -1.072487474E-01 -3.699898737E-01
 6.483658363E-01 -7.300000000E-01 -1.012646687E-01 -4.602427584E-01
 7.272186093E-01 -7.300000000E-01 -1.264917012E-01 4.859752746E-02
 7.211590353E-01 -7.300000000E-01 -1.245086585E-01 -1.090944014E-02
 7.317615897E-01 -7.300000000E-01 -1.279821759E-01 7.468609624E-02
 7.354126344E-01 -7.300000000E-01 -1.291830845E-01 1.328978447E-01
 7.125152480E-01 -7.300000000E-01 -1.216946055E-01 -9.718982312E-02
 7.102777323E-01 -7.300000000E-01 -1.209691709E-01 -1.141213935E-01
 1.148285654E-01 -7.300000000E-01 3.991312146E-02 -7.056209471E-02
 9.721258927E-02 -7.300000000E-01 4.345573404E-02 -8.084457540E-02
 1.052939029E-01 -7.300000000E-01 4.188179527E-02 -7.659360779E-02
 1.439563043E-01 -7.300000000E-01 3.401324696E-02 -6.012787311E-02
 3.630283285E-02 -7.300000000E-01 5.440209290E-02 -1.025877213E-01
 2.801568201E-02 -7.300000000E-01 5.571937521E-02 -1.092646915E-01
 4.423382290E-02 -7.300000000E-01 5.305240794E-02 -9.851536465E-02
 6.258629337E-02 -7.300000000E-01 4.988926907E-02 -9.562544196E-02
 7.336434189E-02 -7.300000000E-01 4.792572147E-02 -9.144398470E-02
 -1.398866154E-02 -7.300000000E-01 6.198186679E-02 -1.207710094E-01
 -1.283489526E-02 -7.300000000E-01 6.182130237E-02 -1.202717905E-01
 8.311375001E-03 -7.300000000E-01 5.879797093E-02 -1.260515650E-01
 7.374578598E-01 -7.300000000E-01 -1.298573489E-01 8.557434381E-02
 7.379071080E-01 -7.300000000E-01 -1.300055416E-01 7.552426594E-02
 7.378059483E-01 -7.300000000E-01 -1.299721585E-01 8.581198706E-02
 7.386058150E-01 -7.300000000E-01 -1.302361330E-01 7.537071327E-02
 7.383716954E-01 -7.300000000E-01 -1.302290441E-01 1.546719263E-01
 7.385103193E-01 -7.300000000E-01 -1.302046138E-01 5.182754177E-02
 7.378755811E-01 -7.300000000E-01 -1.302140030E-01 2.830288882E-01
 4.090733210E-01 -7.300000000E-01 -1.117543213E-01 9.018451882E-02
 4.165774311E-01 -7.300000000E-01 -1.123546288E-01 9.144064019E-02
 3.926949050E-01 -7.300000000E-01 -1.104245329E-01 1.045023571E-01
 3.426973914E-01 -7.300000000E-01 -1.060861109E-01 1.063883169E-01
 3.697346040E-01 -7.300000000E-01 -1.084867544E-01 1.061363723E-01
 3.826664195E-01 -7.300000000E-01 -1.095836081E-01 1.052150762E-01
 3.356882106E-01 -7.300000000E-01 -1.054537104E-01 1.043176730E-01
 3.267355079E-01 -7.300000000E-01 -1.045922206E-01 1.119439718E-01
 2.747969021E-01 -7.300000000E-01 -9.949417126E-02 1.280588260E-01
 2.920916418E-01 -7.300000000E-01 -1.012770235E-01 1.226497586E-01
 2.987203963E-01 -7.300000000E-01 -1.019277851E-01 1.224558498E-01
 2.615737929E-01 -7.300000000E-01 -9.813718951E-02 1.200221473E-01
 2.202728925E-01 -7.300000000E-01 -9.356996967E-02 1.281788269E-01
 2.076954856E-01 -7.300000000E-01 -9.210065125E-02 1.313730735E-01
 2.476841608E-01 -7.300000000E-01 -9.663743227E-02 1.376090462E-01
 2.401897398E-01 -7.300000000E-01 -9.581861155E-02 1.386694461E-01
 2.424809171E-01 -7.300000000E-01 -9.607480051E-02 1.379120079E-01
 3.111461305E-02 -7.300000000E-01 -6.640531260E-02 1.942618049E-01
 3.342822885E-02 -7.300000000E-01 -6.681569573E-02 1.945698160E-01
 9.821891484E-02 -7.300000000E-01 -7.746964835E-02 1.757517345E-01
 7.321315706E-02 -7.300000000E-01 -7.356015742E-02 1.764902651E-01
 7.924547794E-02 -7.300000000E-01 -7.453169324E-02 1.699068811E-01
 9.201695012E-02 -7.300000000E-01 -7.651251406E-02 1.745966802E-01
 5.273071151E-02 -7.300000000E-01 -7.018220412E-02 1.879104198E-01
 5.532498610E-02 -7.300000000E-01 -7.061568209E-02 1.868183839E-01
 1.355402756E-01 -7.300000000E-01 -8.287203520E-02 1.560930031E-01
 1.083223871E-01 -7.300000000E-01 -7.896186909E-02 1.686293915E-01
 1.169428323E-01 -7.300000000E-01 -8.023918135E-02 1.620460652E-01
 1.207448975E-01 -7.300000000E-01 -8.078113373E-02 1.597359839E-01
 1.929274801E-01 -7.300000000E-01 -9.031923855E-02 1.318736209E-01
 1.843521287E-01 -7.300000000E-01 -8.927535642E-02 1.312844310E-01
 1.773922120E-01 -7.300000000E-01 -8.839254267E-02 1.316209101E-01
 1.485758350E-01 -7.300000000E-01 -8.462890487E-02 1.409498774E-01
 1.600275482E-01 -7.300000000E-01 -8.617065595E-02 1.390322874E-01
 6.264266447E-01 -7.300000000E-01 -9.444693962E-02 -5.303099938E-01
 6.353940471E-01 -7.300000000E-01 -9.722166894E-02 -4.913354646E-01
 6.442577549E-01 -7.300000000E-01 -9.997776395E-02 -4.705489054E-01
 6.062451653E-01 -7.300000000E-01 -8.825281496E-02 -5.532568023E-01
 6.193247004E-01 -7.300000000E-01 -9.225620051E-02 -5.258690056E-01
 5.979320437E-01 -7.300000000E-01 -8.571616897E-02 -5.622496213E-01
 5.834976043E-01 -7.300000000E-01 -8.135103906E-02 -5.845526020E-01
 5.600711926E-01 -7.300000000E-01 -7.432501316E-02 -5.727671659E-01
 5.708908570E-01 -7.300000000E-01 -7.756387204E-02 -5.853237796E-01
 5.569014830E-01 -7.300000000E-01 -7.338277907E-02 -5.722641707E-01
 5.792282027E-01 -7.300000000E-01 -8.005882340E-02 -5.834563523E-01
 5.368312574E-01 -7.300000000E-01 -6.744826817E-02 -5.696661544E-01
 5.319013314E-01 -7.300000000E-01 -6.600025509E-02 -5.648794951E-01
 5.180286467E-01 -7.300000000E-01 -6.194573091E-02 -5.244794364E-01
 4.981554932E-01 -7.300000000E-01 -5.619379243E-02 -4.997418018E-01
 4.522193184E-01 -7.300000000E-01 -4.312747617E-02 -3.914986155E-01
 4.549494591E-01 -7.300000000E-01 -4.389817527E-02 -3.984770639E-01
 4.763072199E-01 -7.300000000E-01 -4.993505832E-02 -4.414275478E-01
 4.232658963E-01 -7.300000000E-01 -3.506966209E-02 -3.256389492E-01
 4.479744993E-01 -7.300000000E-01 -4.194737136E-02 -3.828632772E-01
 4.948963557E-01 -7.300000000E-01 -5.525185510E-02 -4.925991351E-01
 4.916700326E-01 -7.300000000E-01 -5.432884841E-02 -4.881933265E-01
 3.795702329E-01 -7.300000000E-01 -2.319870681E-02 -2.443358251E-01
 3.519263399E-01 -7.300000000E-01 -1.582930525E-02 -1.904571343E-01
 4.072843886E-01 -7.300000000E-01 -3.069935497E-02 -2.993634665E-01
 3.924708945E-01 -7.300000000E-01 -2.665246784E-02 -2.613678526E-01
 2.752248504E-01 -7.300000000E-01 3.779531613E-03 -9.288352574E-02
 3.161228898E-01 -7.300000000E-01 -6.523788665E-03 -1.358680472E-01
 3.025135996E-01 -7.300000000E-01 -3.115748400E-03 -1.251142113E-01
 3.311847175E-01 -7.300000000E-01 -1.042125259E-02 -1.624454191E-01
 -2.397997222E-01 -7.300000000E-01 5.400678322E-02 -4.386458248E-01
 -2.407174778E-01 -7.300000000E-01 5.316154985E-02 -4.276509328E-01
 -2.416488439E-01 -7.300000000E-01 5.221045683E-02 -4.016145487E-01
 -2.422950419E-01 -7.300000000E-01 5.144774981E-02 -3.271296213E-01
 -2.431023067E-01 -7.300000000E-01 5.045648046E-02 -1.928281098E-01
 -2.438663213E-01 -7.300000000E-01 4.933055717E-02 -1.725299655E-01
 -2.462019380E-01 -7.300000000E-01 4.341204442E-02 4.287725756E-01
 -2.463395478E-01 -7.300000000E-01 3.894451929E-02 7.793477106E-01
 -2.463978644E-01 -7.300000000E-01 4.039158395E-02 6.542263108E-01
 -2.459329603E-01 -7.300000000E-01 3.723537268E-02 8.444572097E-01
 -2.463528839E-01 -7.300000000E-01 4.206946784E-02 5.113811767E-01
 -2.464129742E-01 -7.300000000E-01 4.156217830E-02 5.562875481E-01
 -2.464201612E-01 -7.300000000E-01 4.138488137E-02 5.745188181E-01
 -2.453008625E-01 -7.300000000E-01 3.456562465E-02 9.791696554E-01
 -2.447123130E-01 -7.300000000E-01 3.323197415E-02 9.903673405E-01
 -2.455153091E-01 -7.300000000E-01 3.523759613E-02 9.467757310E-01
 -2.453946976E-01 -7.300000000E-01 3.479007875E-02 9.667607790E-01
 -2.439034304E-01 -7.300000000E-01 3.141687403E-02 9.773682489E-01
 -2.428450517E-01 -7.300000000E-01 2.973484117E-02 9.707309451E-01
 -2.378945228E-01 -7.300000000E-01 2.337089893E-02 8.952521980E-01
 -2.383478205E-01 -7.300000000E-01 2.381599747E-02 8.995404468E-01
 -2.417863516E-01 -7.300000000E-01 2.802607750E-02 9.488590996E-01
 -2.412318576E-01 -7.300000000E-01 2.732611026E-02 9.360491219E-01
 -2.342175164E-01 -7.300000000E-01 1.975652991E-02 8.373609929E-01
 -2.331831984E-01 -7.300000000E-01 1.889667513E-02 8.144266421E-01
 -2.303441505E-01 -7.300000000E-01 1.649719042E-02 7.106931049E-01
 -2.184732838E-01 -7.300000000E-01 8.257526875E-03 6.359092789E-01
 -2.264153447E-01 -7.300000000E-01 1.355795205E-02 7.068016979E-01
 -2.252865401E-01 -7.300000000E-01 1.272931906E-02 6.969879586E-01
 -2.202346479E-01 -7.300000000E-01 9.418826376E-03 6.547179165E-01
 -2.166251698E-01 -7.300000000E-01 7.173890676E-03 6.153615035E-01
 -2.104885187E-01 -7.300000000E-01 3.603635267E-03 5.329377963E-01
 -2.053484031E-01 -7.300000000E-01 8.757478977E-04 5.329413621E-01
 -2.040658277E-01 -7.300000000E-01 1.963784068E-04 5.307520116E-01
 7.311499281E-01 -7.300000000E-01 -1.300056691E-01 2.572582753E-01
 7.294120859E-01 -7.300000000E-01 -1.299500289E-01 2.557971922E-01
 7.306650887E-01 -7.300000000E-01 -1.299905368E-01 2.568957645E-01
 7.329248132E-01 -7.300000000E-01 -1.300608384E-01 2.541626007E-01
 7.183204684E-01 -7.300000000E-01 -1.295797585E-01 2.481465927E-01
 7.358560523E-01 -7.300000000E-01 -1.301523601E-01 2.543145185E-01
 7.369172121E-01 -7.300000000E-01 -1.301848620E-01 2.683241353E-01
 4.667448396E-01 -7.300000000E-01 -1.161325423E-01 1.006455581E-01
 4.792299671E-01 -7.300000000E-01 -1.170080647E-01 1.083718310E-01
 4.433352260E-01 -7.300000000E-01 -1.144066156E-01 9.959982796E-02
 5.524148419E-01 -7.300000000E-01 -1.217525719E-01 9.781437809E-02
 5.592983048E-01 -7.300000000E-01 -1.221604133E-01 9.686783456E-02
 5.268530730E-01 -7.300000000E-01 -1.201812450E-01 9.550536631E-02
 5.361013510E-01 -7.300000000E-01 -1.207625011E-01 1.021667718E-01
 4.971114771E-01 -7.300000000E-01 -1.182350794E-01 1.054626892E-01
 4.872794805E-01 -7.300000000E-01 -1.175726757E-01 1.039813760E-01
 4.367525121E-01 -7.300000000E-01 -1.139166298E-01 9.731897540E-02
 4.385512333E-01 -7.300000000E-01 -1.140548684E-01 9.688349812E-02
 5.893073025E-01 -7.300000000E-01 -1.238549450E-01 1.115751563E-01
 6.129969806E-01 -7.300000000E-01 -1.250713228E-01 1.281963337E-01
 6.026379010E-01 -7.300000000E-01 -1.245612060E-01 1.134289733E-01
 5.805535758E-01 -7.300000000E-01 -1.233723209E-01 1.040731304E-01
 6.298580187E-01 -7.300000000E-01 -1.259328988E-01 1.346592522E-01
 6.385346066E-01 -7.300000000E-01 -1.263502284E-01 1.391962449E-01
 6.575208308E-01 -7.300000000E-01 -1.272065032E-01 1.625194620E-01
 6.690484787E-01 -7.300000000E-01 -1.277078473E-01 1.698772501E-01
 7.132516187E-01 -7.300000000E-01 -1.294119712E-01 2.411860162E-01
 7.100060658E-01 -7.300000000E-01 -1.292964072E-01 2.339560418E-01
 6.903906320E-01 -7.300000000E-01 -1.285650827E-01 1.952052511E-01
 -2.458088538E-01 -7.300000000E-01 4.503828908E-02 2.434995856E-01
 -2.451334007E-01 -7.300000000E-01 4.695373195E-02 9.507077518E-02
 -2.458790652E-01 -7.300000000E-01 4.484250605E-02 2.637216325E-01
 -2.458727213E-01 -7.300000000E-01 4.486311202E-02 2.600603424E-01
 -2.459031346E-01 -7.300000000E-01 4.473589250E-02 2.758978508E-01
 -2.441011540E-01 -7.300000000E-01 4.891776824E-02 -1.356905367E-01
 8 10
 10 9
 9 12
 12 11
 11 13
 13 14
 14 15
 15 16
 16 17
 17 18
 18 19
 19 20
 20 21
 21 22
 22 23
 23 25
 25 26
 26 27
 27 24
 24 29
 29 30
 30 31
 31 32
 32 28
 28 36
 36 37
 37 38
 38 34
 34 33
 33 35
 35 39
 39 148
 148 149
 149 154
 154 155
 155 151
 151 152
 152 153
 153 150
 150 157
 157 158
 158 159
 159 156
 156 163
 163 164
 164 162
 162 161
 161 160
 160 144
 144 143
 143 146
 146 147
 147 145
 145 142
 142 139
 139 140
 140 141
 141 138
 138 137
 137 134
 134 135
 135 136
 136 133
 133 131
 131 132
 132 245
 245 246
 246 238
 238 236
 236 237
 237 244
 244 243
 243 241
 241 242
 242 239
 239 240
 240 250
 250 247
 247 249
 249 248
 248 251
 251 252
 252 253
 253 254
 254 257
 257 256
 256 255
 255 233
 233 230
 230 231
 231 229
 229 232
 232 234
 234 235
 235 130
 130 128
 128 127
 127 129
 129 125
 125 126
 126 124
 124 109
 109 108
 108 106
 106 107
 107 110
 110 111
 111 102
 102 101
 101 104
 104 103
 103 105
 105 167
 167 166
 166 165
 165 169
 169 168
 168 170
 170 171
 171 175
 175 173
 173 172
 172 174
 174 176
 176 177
 177 178
 178 179
 179 185
 185 186
 186 182
 182 181
 181 180
 180 184
 184 183
 183 189
 189 190
 190 187
 187 188
 188 194
 194 192
 192 193
 193 191
 191 87
 87 86
 86 85
 85 89
 89 88
 88 90
 90 115
 115 112
 112 114
 114 113
 113 120
 120 119
 119 118
 118 116
 116 117
 117 123
 123 122
 122 121
 121 100
 100 99
 99 93
 93 91
 91 92
 92 96
 96 98
 98 97
 97 95
 95 94
 94 68
 68 67
 67 69
 69 70
 70 71
 71 72
 72 73
 73 76
 76 77
 77 74
 74 75
 75 82
 82 81
 81 80
 80 78
 78 79
 79 83
 83 84
 84 53
 53 52
 52 54
 54 55
 55 66
 66 59
 59 63
 63 64
 64 61
 61 60
 60 62
 62 65
 65 56
 56 57
 57 58
 58 51
 51 50
 50 49
 49 48
 48 45
 45 46
 46 43
 43 44
 44 47
 47 40
 40 41
 41 42
 42 195
 195 196
 196 197
 197 198
 198 199
 199 200
 200 263
 263 259
 259 258
 258 261
 261 260
 260 262
 262 201
 201 205
 205 206
 206 207
 207 203
 203 202
 202 204
 204 210
 210 211
 211 208
 208 209
 209 212
 212 213
 213 216
 216 217
 217 215
 215 214
 214 218
 218 219
 219 220
 220 222
 222 223
 223 224
 224 221
 221 225
 225 226
 226 227
 227 228
 228 5
 5 2
 2 3
 3 4
 4 1
 1 7
 7 6
 6 8
