TITLE     = "Translation of CGNS file naca0012Flow00000256.cgns"
VARIABLES = "x"
"y"
"z"
"Cp"
DATASETAUXDATA Common.DensityVar="4"
DATASETAUXDATA Common.PressureVar="10"
DATASETAUXDATA Common.TemperatureVar="9"
DATASETAUXDATA Common.UVar="5"
DATASETAUXDATA Common.VectorVarsAreVelocity="TRUE"
DATASETAUXDATA Common.VVar="6"
DATASETAUXDATA Common.WVar="7"
ZONE T="COFFE, MIT adapt Y=-0.001"
 STRANDID=6, SOLUTIONTIME=256
 Nodes=290, Elements=290, ZONETYPE=FELineSeg
 DATAPACKING=BLOCK
 AUXDATA CGNS.CGNSBase_t="Base"
 AUXDATA CGNS.Zone_t="Zone"
 DT=(DOUBLE DOUBLE DOUBLE DOUBLE )
 -1.856465797E-01 -1.944442416E-01 -7.967743186E-02 -7.975461276E-02 -7.931609948E-02
 -1.505208418E-01 -1.359081986E-01 -1.492613117E-01 -1.645843012E-01 -1.687300934E-01
 -1.759555290E-01 -1.325525636E-01 -1.139491775E-01 -1.161180674E-01 -1.346027376E-01
 -1.347461372E-01 -1.777404616E-01 -9.869449658E-02 -1.834887462E-01 -6.868175056E-02
 -5.217610057E-02 -7.579598553E-02 -8.922766765E-02 -7.572436350E-02 -6.883767025E-02
 -1.292307594E-01 -1.137974381E-01 -1.294432818E-01 -8.935550317E-02 -1.031158836E-01
 -1.135483491E-01 -1.030203767E-01 -5.204512630E-02 -1.136127404E-01 -1.295426277E-01
 -1.403034740E-01 -1.883472228E-01 -1.794077564E-01 -1.519378911E-01 -1.517182894E-01
 -1.404505683E-01 -1.715288625E-01 -1.660265533E-01 -1.715935779E-01 -1.792712009E-01
 -1.793311228E-01 -1.607322768E-01 -1.659111971E-01 -1.884454509E-01 -5.683306858E-02
 -5.402208291E-02 -2.370149235E-02 -3.187183806E-02 7.291839918E-03 1.605550178E-02
 4.111556061E-02 -2.463433929E-01 -2.463691753E-01 -2.461525080E-01 -2.461016121E-01
 -2.464355418E-01 -2.459764759E-01 -2.456243708E-01 -2.460214422E-01 -2.461806097E-01
 -2.462019380E-01 -2.462287578E-01 -2.463825504E-01 -2.463629907E-01 -2.455790067E-01
 -2.455373148E-01 4.220406198E-02 4.190910987E-02 9.359780478E-02 6.767545714E-02
 4.303713357E-02 9.519133876E-02 9.471746544E-02 1.334788863E-01 1.360297302E-01
 1.446860538E-01 1.784859619E-01 2.002945466E-01 2.119384688E-01 2.360091285E-01
 2.943671058E-01 2.567670728E-01 2.794401861E-01 3.411391526E-01 3.938234880E-01
 3.119668313E-01 4.350663377E-01 3.984691019E-01 4.101731659E-01 4.467116143E-01
 4.963643918E-01 5.136819321E-01 5.267033124E-01 -2.365196475E-01 -2.344873512E-01
 -2.368893437E-01 -2.371807237E-01 -2.382271342E-01 -2.384330532E-01 -2.395528410E-01
 -2.397777321E-01 -2.405758163E-01 -2.407987423E-01 -2.417208127E-01 -2.419296091E-01
 -2.429691107E-01 -2.435192759E-01 -2.428249170E-01 -2.443057949E-01 -2.449448511E-01
 -2.450615693E-01 -2.441735242E-01 -2.451247211E-01 -2.437042251E-01 6.131679539E-01
 5.877078110E-01 5.685867191E-01 6.864102153E-01 6.524094287E-01 7.021715261E-01
 7.090682320E-01 7.313381480E-01 7.335255429E-01 7.339588621E-01 -2.153627721E-01
 -2.119993804E-01 -2.238627561E-01 -2.223533751E-01 -2.173279876E-01 -2.202172926E-01
 -2.097183243E-01 -2.062835009E-01 -2.015710309E-01 -1.952019069E-01 -2.337252603E-01
 -2.319659278E-01 -2.303408964E-01 -2.259235256E-01 -2.273741256E-01 -2.292841022E-01
 -1.976831671E-01 -2.006814041E-01 7.385995958E-01 7.386057886E-01 7.385995467E-01
 7.386058150E-01 7.386057630E-01 7.381419410E-01 7.381385479E-01 7.384666202E-01
 7.371073909E-01 7.384678602E-01 7.385714136E-01 7.385716725E-01 7.385949683E-01
 4.270278449E-02 4.279701001E-02 2.931369535E-02 2.942442805E-02 1.842310023E-02
 1.856204730E-02 -1.108366516E-02 2.530294809E-03 -1.136788199E-02 -1.118818617E-02
 -2.967069407E-02 -2.983388168E-02 -4.254546366E-02 -4.243888770E-02 -2.401668105E-01
 -2.401198729E-01 -2.402513000E-01 -2.427518850E-01 -2.426881826E-01 -2.417348042E-01
 -2.416536887E-01 -2.435976574E-01 -2.435366014E-01 -2.446623599E-01 -2.445842106E-01
 -2.456981373E-01 -2.456481668E-01 -2.455685829E-01 -2.384875394E-01 4.721872363E-01
 4.724573621E-01 3.709778728E-01 3.706736382E-01 3.712170984E-01 3.341743784E-01
 3.338557896E-01 4.563217921E-01 4.256364807E-01 4.250997767E-01 3.973810203E-01
 4.252706591E-01 3.971340508E-01 -2.363615080E-01 -2.335078359E-01 -2.364777933E-01
 -2.384111623E-01 -2.245536842E-01 -2.196811708E-01 -2.312475000E-01 -2.333718236E-01
 -2.165952458E-01 -2.195946955E-01 -2.289582876E-01 -2.288299362E-01 -2.246378554E-01
 -2.165361468E-01 -2.096263751E-01 -2.095243253E-01 -2.095883793E-01 -2.037511155E-01
 -2.036710817E-01 -1.950848837E-01 -1.951772824E-01 7.288456684E-01 7.287176484E-01
 7.370874979E-01 7.343962927E-01 7.343408405E-01 7.377445065E-01 7.383704148E-01
 7.377042027E-01 7.383738460E-01 7.385453657E-01 7.385460724E-01 7.385463077E-01
 7.385838972E-01 7.385840059E-01 8.661311452E-02 7.075252413E-02 8.654104758E-02
 8.669792376E-02 1.055895869E-01 7.064993696E-02 5.765576852E-02 5.754267842E-02
 1.057291412E-01 1.395388077E-01 1.224777086E-01 1.397065366E-01 1.398415583E-01
 1.600094273E-01 1.603210188E-01 1.601083299E-01 1.823562559E-01 1.824969699E-01
 2.140559292E-01 2.141893568E-01 2.144450041E-01 2.365224310E-01 2.368850859E-01
 2.649276323E-01 2.652704696E-01 2.906798771E-01 2.909550382E-01 2.911479005E-01
 3.147282859E-01 3.149856108E-01 6.829061775E-01 7.047667533E-01 6.830756693E-01
 6.162486295E-01 6.159457717E-01 6.328885588E-01 6.331978393E-01 6.603757158E-01
 6.601077893E-01 7.050110188E-01 7.207228577E-01 6.826904621E-01 5.786825426E-01
 5.962731560E-01 5.785162225E-01 5.474448674E-01 5.964451292E-01 5.222011095E-01
 5.471954574E-01 5.223373288E-01 5.221004925E-01 4.942951427E-01 4.940370608E-01
 -1.000000000E-03 -1.000000000E-03 -1.000000000E-03 -1.000000000E-03 -1.000000000E-03
 -1.000000000E-03 -1.000000000E-03 -1.000000000E-03 -1.000000000E-03 -1.000000000E-03
 -1.000000000E-03 -1.000000000E-03 -1.000000000E-03 -1.000000000E-03 -1.000000000E-03
 -1.000000000E-03 -1.000000000E-03 -1.000000000E-03 -1.000000000E-03 -1.000000000E-03
 -1.000000000E-03 -1.000000000E-03 -1.000000000E-03 -1.000000000E-03 -1.000000000E-03
 -1.000000000E-03 -1.000000000E-03 -1.000000000E-03 -1.000000000E-03 -1.000000000E-03
 -1.000000000E-03 -1.000000000E-03 -1.000000000E-03 -1.000000000E-03 -1.000000000E-03
 -1.000000000E-03 -1.000000000E-03 -1.000000000E-03 -1.000000000E-03 -1.000000000E-03
 -1.000000000E-03 -1.000000000E-03 -1.000000000E-03 -1.000000000E-03 -1.000000000E-03
 -1.000000000E-03 -1.000000000E-03 -1.000000000E-03 -1.000000000E-03 -1.000000000E-03
 -1.000000000E-03 -1.000000000E-03 -1.000000000E-03 -1.000000000E-03 -1.000000000E-03
 -1.000000000E-03 -1.000000000E-03 -1.000000000E-03 -1.000000000E-03 -1.000000000E-03
 -1.000000000E-03 -1.000000000E-03 -1.000000000E-03 -1.000000000E-03 -1.000000000E-03
 -1.000000000E-03 -1.000000000E-03 -1.000000000E-03 -1.000000000E-03 -1.000000000E-03
 -1.000000000E-03 -1.000000000E-03 -1.000000000E-03 -1.000000000E-03 -1.000000000E-03
 -1.000000000E-03 -1.000000000E-03 -1.000000000E-03 -1.000000000E-03 -1.000000000E-03
 -1.000000000E-03 -1.000000000E-03 -1.000000000E-03 -1.000000000E-03 -1.000000000E-03
 -1.000000000E-03 -1.000000000E-03 -1.000000000E-03 -1.000000000E-03 -1.000000000E-03
 -1.000000000E-03 -1.000000000E-03 -1.000000000E-03 -1.000000000E-03 -1.000000000E-03
 -1.000000000E-03 -1.000000000E-03 -1.000000000E-03 -1.000000000E-03 -1.000000000E-03
 -1.000000000E-03 -1.000000000E-03 -1.000000000E-03 -1.000000000E-03 -1.000000000E-03
 -1.000000000E-03 -1.000000000E-03 -1.000000000E-03 -1.000000000E-03 -1.000000000E-03
 -1.000000000E-03 -1.000000000E-03 -1.000000000E-03 -1.000000000E-03 -1.000000000E-03
 -1.000000000E-03 -1.000000000E-03 -1.000000000E-03 -1.000000000E-03 -1.000000000E-03
 -1.000000000E-03 -1.000000000E-03 -1.000000000E-03 -1.000000000E-03 -1.000000000E-03
 -1.000000000E-03 -1.000000000E-03 -1.000000000E-03 -1.000000000E-03 -1.000000000E-03
 -1.000000000E-03 -1.000000000E-03 -1.000000000E-03 -1.000000000E-03 -1.000000000E-03
 -1.000000000E-03 -1.000000000E-03 -1.000000000E-03 -1.000000000E-03 -1.000000000E-03
 -1.000000000E-03 -1.000000000E-03 -1.000000000E-03 -1.000000000E-03 -1.000000000E-03
 -1.000000000E-03 -1.000000000E-03 -1.000000000E-03 -1.000000000E-03 -1.000000000E-03
 -1.000000000E-03 -1.000000000E-03 -1.000000000E-03 -1.000000000E-03 -1.000000000E-03
 -1.000000000E-03 -1.000000000E-03 -1.000000000E-03 -1.000000000E-03 -1.000000000E-03
 -1.000000000E-03 -1.000000000E-03 -1.000000000E-03 -1.000000000E-03 -1.000000000E-03
 -1.000000000E-03 -1.000000000E-03 -1.000000000E-03 -1.000000000E-03 -1.000000000E-03
 -1.000000000E-03 -1.000000000E-03 -1.000000000E-03 -1.000000000E-03 -1.000000000E-03
 -1.000000000E-03 -1.000000000E-03 -1.000000000E-03 -1.000000000E-03 -1.000000000E-03
 -1.000000000E-03 -1.000000000E-03 -1.000000000E-03 -1.000000000E-03 -1.000000000E-03
 -1.000000000E-03 -1.000000000E-03 -1.000000000E-03 -1.000000000E-03 -1.000000000E-03
 -1.000000000E-03 -1.000000000E-03 -1.000000000E-03 -1.000000000E-03 -1.000000000E-03
 -1.000000000E-03 -1.000000000E-03 -1.000000000E-03 -1.000000000E-03 -1.000000000E-03
 -1.000000000E-03 -1.000000000E-03 -1.000000000E-03 -1.000000000E-03 -1.000000000E-03
 -1.000000000E-03 -1.000000000E-03 -1.000000000E-03 -1.000000000E-03 -1.000000000E-03
 -1.000000000E-03 -1.000000000E-03 -1.000000000E-03 -1.000000000E-03 -1.000000000E-03
 -1.000000000E-03 -1.000000000E-03 -1.000000000E-03 -1.000000000E-03 -1.000000000E-03
 -1.000000000E-03 -1.000000000E-03 -1.000000000E-03 -1.000000000E-03 -1.000000000E-03
 -1.000000000E-03 -1.000000000E-03 -1.000000000E-03 -1.000000000E-03 -1.000000000E-03
 -1.000000000E-03 -1.000000000E-03 -1.000000000E-03 -1.000000000E-03 -1.000000000E-03
 -1.000000000E-03 -1.000000000E-03 -1.000000000E-03 -1.000000000E-03 -1.000000000E-03
 -1.000000000E-03 -1.000000000E-03 -1.000000000E-03 -1.000000000E-03 -1.000000000E-03
 -1.000000000E-03 -1.000000000E-03 -1.000000000E-03 -1.000000000E-03 -1.000000000E-03
 -1.000000000E-03 -1.000000000E-03 -1.000000000E-03 -1.000000000E-03 -1.000000000E-03
 -1.000000000E-03 -1.000000000E-03 -1.000000000E-03 -1.000000000E-03 -1.000000000E-03
 -1.000000000E-03 -1.000000000E-03 -1.000000000E-03 -1.000000000E-03 -1.000000000E-03
 -1.000000000E-03 -1.000000000E-03 -1.000000000E-03 -1.000000000E-03 -1.000000000E-03
 -1.000000000E-03 -1.000000000E-03 -1.000000000E-03 -1.000000000E-03 -1.000000000E-03
 -1.000000000E-03 -1.000000000E-03 -1.000000000E-03 -1.000000000E-03 -1.000000000E-03
 -1.000000000E-03 -1.000000000E-03 -1.000000000E-03 -1.000000000E-03 -1.000000000E-03
 -1.000000000E-03 -1.000000000E-03 -1.000000000E-03 -1.000000000E-03 -1.000000000E-03
 7.030169099E-02 6.926318289E-02 6.926003137E-02 6.926587050E-02 6.922602370E-02
 7.213828135E-02 7.211039092E-02 7.214485092E-02 7.173570139E-02 7.157158602E-02
 7.112945141E-02 7.204641919E-02 7.145205915E-02 7.156918024E-02 7.210630190E-02
 7.210768660E-02 7.099837895E-02 7.064560132E-02 7.051118428E-02 -4.553982203E-02
 -4.945894265E-02 -4.377999087E-02 -4.033063942E-02 -4.379797652E-02 -4.550231314E-02
 -2.890619066E-02 -3.354194051E-02 -2.884140360E-02 -4.029704066E-02 -3.657571452E-02
 -3.361475175E-02 -3.660205255E-02 -4.948932253E-02 -3.359634286E-02 -2.880997589E-02
 -2.537375332E-02 -7.251961577E-03 -1.106290786E-02 -2.144323393E-02 -2.152109393E-02
 -2.532472468E-02 -1.422661428E-02 -1.634080442E-02 -1.420164040E-02 -1.111913761E-02
 -1.109512102E-02 -1.830867241E-02 -1.638380955E-02 -7.208280345E-03 6.712416121E-02
 6.682015424E-02 6.322157984E-02 6.428702628E-02 5.894694046E-02 5.760278149E-02
 5.359520080E-02 3.892881888E-02 3.932899793E-02 3.767576518E-02 3.736505041E-02
 4.049395495E-02 4.446645613E-02 4.564718998E-02 4.427631322E-02 4.352306307E-02
 4.341204442E-02 4.322734562E-02 4.186324673E-02 4.220190807E-02 4.579689231E-02
 4.591533114E-02 5.342069578E-02 5.346920100E-02 4.415279226E-02 4.898222759E-02
 5.327550029E-02 4.385309591E-02 4.394502098E-02 3.620044700E-02 3.567236553E-02
 3.379932892E-02 2.653876109E-02 2.160821332E-02 1.895628890E-02 1.324058909E-02
 -9.962755742E-04 8.309006000E-03 2.694357911E-03 -1.300243462E-02 -2.704941592E-02
 -5.517747512E-03 -3.833939619E-02 -2.827970454E-02 -3.149651036E-02 -4.160692258E-02
 -5.570480885E-02 -6.068309951E-02 -6.449696876E-02 5.652414631E-02 5.783132921E-02
 5.629035958E-02 5.608216078E-02 5.531551153E-02 5.515071135E-02 5.423705733E-02
 5.403815153E-02 5.330809853E-02 5.308594360E-02 5.213270260E-02 5.189743624E-02
 5.062904915E-02 4.986070126E-02 5.081505989E-02 4.859862924E-02 4.735079677E-02
 4.711110814E-02 4.883342769E-02 4.696353931E-02 4.957957746E-02 -9.049689679E-02
 -8.262347527E-02 -7.687997351E-02 -1.133837225E-01 -1.025355775E-01 -1.183595246E-01
 -1.205778765E-01 -1.278485803E-01 -1.285645621E-01 -1.287070658E-01 6.526027992E-02
 6.610835639E-02 6.266555580E-02 6.319641638E-02 6.473730998E-02 6.387388708E-02
 6.660671522E-02 6.733375939E-02 6.818398387E-02 6.916643263E-02 5.824668180E-02
 5.921738137E-02 6.000897790E-02 6.190016068E-02 6.132659346E-02 6.049494858E-02
 6.878961813E-02 6.833779215E-02 -1.302340853E-01 -1.302361243E-01 -1.302340691E-01
 -1.302361330E-01 -1.302361314E-01 -1.302217712E-01 -1.302216674E-01 -1.302318253E-01
 -1.301896927E-01 -1.302318628E-01 -1.302350684E-01 -1.302350762E-01 -1.302357973E-01
 -6.845639599E-02 -6.847287165E-02 -6.608045807E-02 -6.610058743E-02 -6.408207077E-02
 -6.410849187E-02 -5.834888396E-02 -6.105575638E-02 -5.829089299E-02 -5.832802309E-02
 -5.447016844E-02 -5.443533449E-02 -5.164934421E-02 -5.167303281E-02 2.590779043E-02
 2.585108838E-02 2.601763745E-02 2.945881462E-02 2.935504201E-02 2.795997162E-02
 2.784253283E-02 3.087002439E-02 3.075578225E-02 3.296847572E-02 3.279099417E-02
 3.577897428E-02 3.557638675E-02 3.534567850E-02 2.397011180E-02 -1.165186263E-01
 -1.165381325E-01 -1.085935876E-01 -1.085665676E-01 -1.086140680E-01 -1.053134401E-01
 -1.052839615E-01 -1.153761891E-01 -1.130621064E-01 -1.130205791E-01 -1.108088354E-01
 -1.130341896E-01 -1.107884478E-01 2.177691101E-02 1.913196828E-02 2.188984400E-02
 2.388788161E-02 1.222031791E-02 9.013232213E-03 1.721936286E-02 1.901236990E-02
 7.114163746E-03 8.956692818E-03 1.541996423E-02 1.531854300E-02 1.228004245E-02
 7.078141703E-03 3.131795884E-03 3.077348677E-03 3.110630023E-03 3.696966149E-05
 -2.571677401E-06 -4.188121914E-03 -4.144626299E-03 -1.299300018E-01 -1.299258452E-01
 -1.301890858E-01 -1.301051648E-01 -1.301034528E-01 -1.299525633E-01 -1.301586236E-01
 -1.299392593E-01 -1.301597568E-01 -1.302162289E-01 -1.302164623E-01 -1.302165399E-01
 -1.302289163E-01 -1.302289522E-01 -7.568789628E-02 -7.316933433E-02 -7.567656247E-02
 -7.570084354E-02 -7.857069827E-02 -7.315262434E-02 -7.101165835E-02 -7.099255200E-02
 -7.859123532E-02 -8.342122523E-02 -8.103172434E-02 -8.344492448E-02 -8.346331838E-02
 -8.616605107E-02 -8.620639607E-02 -8.617915705E-02 -8.902448371E-02 -8.904176271E-02
 -9.285133988E-02 -9.286719029E-02 -9.289634180E-02 -9.541137959E-02 -9.545093933E-02
 -9.848973989E-02 -9.852568400E-02 -1.011344914E-01 -1.011624402E-01 -1.011815667E-01
 -1.034874201E-01 -1.035121697E-01 -1.282768933E-01 -1.291102751E-01 -1.282833962E-01
 -1.252646844E-01 -1.252494294E-01 -1.260813053E-01 -1.260957331E-01 -1.273386548E-01
 -1.273270224E-01 -1.291188713E-01 -1.296658625E-01 -1.282681075E-01 -1.232712699E-01
 -1.242311007E-01 -1.232618966E-01 -1.214570252E-01 -1.242402499E-01 -1.198880976E-01
 -1.214421118E-01 -1.198967426E-01 -1.198814663E-01 -1.180515811E-01 -1.180337901E-01
 -9.084932531E-01 -9.752862109E-01 -5.244713633E-01 -5.246611272E-01 -5.236583451E-01
 -7.343436011E-01 -6.803042457E-01 -7.303172970E-01 -8.071055221E-01 -8.296360238E-01
 -8.492177606E-01 -6.692212368E-01 -6.127892284E-01 -6.190465904E-01 -6.754934108E-01
 -6.760104831E-01 -8.604054022E-01 -5.694502039E-01 -8.994766262E-01 4.824692462E-01
 4.921821338E-01 5.050438615E-01 5.134032020E-01 5.049939507E-01 4.824762088E-01
 5.679295703E-01 5.450162244E-01 5.682560240E-01 5.136101093E-01 5.244573151E-01
 5.446687362E-01 5.244139889E-01 4.921427695E-01 5.448304547E-01 5.685137545E-01
 6.068512490E-01 7.226559005E-01 6.863282710E-01 6.152798828E-01 6.148141769E-01
 6.069487125E-01 6.771933094E-01 6.470178438E-01 6.775935613E-01 6.859013240E-01
 6.861430216E-01 6.271908527E-01 6.467178585E-01 7.231403460E-01 -4.722833173E-01
 -4.662621306E-01 -3.982063414E-01 -4.161106359E-01 -3.369764914E-01 -3.224120202E-01
 -2.829366900E-01 3.774783177E-02 -8.120265680E-03 2.309449672E-01 2.848651046E-01
 -9.917113538E-02 -7.121300312E-01 -9.001642312E-01 -7.383164270E-01 -5.694570237E-01
 -4.833803277E-01 -4.481147538E-01 -2.393989915E-01 -2.696142240E-01 -9.221517683E-01
 -9.546312817E-01 -2.811715465E-01 -2.816171750E-01 -1.889834054E-01 -2.347981989E-01
 -2.796830982E-01 -1.862490109E-01 -1.869028923E-01 -1.289821487E-01 -1.250105213E-01
 -1.135715332E-01 -6.780758064E-02 -4.043614284E-02 -2.509964029E-02 4.554430374E-03
 6.993064673E-02 3.029893830E-02 5.409534106E-02 1.230434408E-01 1.727856144E-01
 8.954988166E-02 2.108393921E-01 1.772657888E-01 1.879963200E-01 2.203885440E-01
 2.607443201E-01 2.757231682E-01 2.854896131E-01 -1.378145953E+00 -1.446333228E+00
 -1.358723339E+00 -1.385468581E+00 -1.482817160E+00 -1.479416866E+00 -1.381982199E+00
 -1.376227000E+00 -1.366938331E+00 -1.362959720E+00 -1.383968145E+00 -1.380129806E+00
 -1.501110138E+00 -1.172743062E+00 -1.523091268E+00 -1.103902494E+00 -9.848370651E-01
 -9.751990925E-01 -1.177261852E+00 -9.848555470E-01 -1.183341330E+00 3.447739361E-01
 3.309385104E-01 3.171641500E-01 3.852382825E-01 3.681632484E-01 3.931815811E-01
 3.962890230E-01 4.080229385E-01 4.093235758E-01 4.094136736E-01 -1.155147747E+00
 -1.129250614E+00 -1.257898733E+00 -1.236269650E+00 -1.185139820E+00 -1.247429274E+00
 -1.122248902E+00 -1.103580348E+00 -1.044939944E+00 -9.812530053E-01 -1.436758533E+00
 -1.354558759E+00 -1.380126895E+00 -1.314884983E+00 -1.324632539E+00 -1.343930290E+00
 -1.005358389E+00 -1.034365027E+00 3.944447190E-01 3.952476813E-01 3.944562833E-01
 3.951936764E-01 3.952668119E-01 3.882071916E-01 3.881423232E-01 3.821030709E-01
 3.942303419E-01 3.820867936E-01 3.875525103E-01 3.874743996E-01 3.903844566E-01
 4.101546511E-01 4.101018387E-01 4.207389603E-01 4.206988957E-01 4.314709621E-01
 4.313690931E-01 4.434402281E-01 4.382257418E-01 4.436305672E-01 4.434752150E-01
 4.639681087E-01 4.641456842E-01 4.575598708E-01 4.575283321E-01 9.475268167E-01
 9.486625508E-01 9.495881347E-01 8.339194215E-01 8.341123975E-01 9.130283131E-01
 9.191700995E-01 7.878838658E-01 7.964493027E-01 6.754881319E-01 6.877879890E-01
 4.730750780E-01 5.046974853E-01 5.237542841E-01 9.925685711E-01 3.490949051E-01
 3.490868104E-01 3.442578070E-01 3.442705742E-01 3.442718473E-01 3.460919881E-01
 3.460564702E-01 3.474707183E-01 3.477100219E-01 3.476860210E-01 3.462952635E-01
 3.476461796E-01 3.463105836E-01 1.010017424E+00 9.794776095E-01 1.010198739E+00
 9.914322062E-01 9.050134893E-01 8.895707654E-01 9.692934734E-01 9.798462243E-01
 8.699560754E-01 8.891443178E-01 9.551311217E-01 9.539099170E-01 9.059131586E-01
 8.696022039E-01 8.205367334E-01 8.199091853E-01 8.202370380E-01 7.838308170E-01
 7.835509244E-01 7.613742014E-01 7.617539145E-01 3.963018276E-01 3.961890564E-01
 3.942128921E-01 3.979231162E-01 3.979407295E-01 4.011840242E-01 3.925890490E-01
 4.010775918E-01 3.926342143E-01 3.940656015E-01 3.940170583E-01 3.940466991E-01
 3.931797347E-01 3.931882683E-01 3.941688212E-01 4.027637884E-01 3.942145447E-01
 3.942051184E-01 3.878176979E-01 4.027988828E-01 4.082611750E-01 4.083310420E-01
 3.877359598E-01 3.725621468E-01 3.750210755E-01 3.725025681E-01 3.724942299E-01
 3.677306466E-01 3.677152629E-01 3.676547632E-01 3.642522410E-01 3.641679439E-01
 3.638907780E-01 3.638751257E-01 3.638293429E-01 3.545557575E-01 3.545519846E-01
 3.530659114E-01 3.530317628E-01 3.512575844E-01 3.511917299E-01 3.511732052E-01
 3.511677031E-01 3.511226757E-01 3.836468024E-01 3.885691932E-01 3.837123683E-01
 3.731410632E-01 3.730481406E-01 3.693392380E-01 3.694614188E-01 3.795474154E-01
 3.795451962E-01 3.887179441E-01 3.988177433E-01 3.835274296E-01 3.615536747E-01
 3.643302694E-01 3.615126161E-01 3.563181699E-01 3.643311663E-01 3.554748736E-01
 3.562747936E-01 3.554916778E-01 3.554748838E-01 3.486357981E-01 3.486219799E-01
 7 16
 16 15
 15 12
 12 14
 14 13
 13 18
 18 4
 4 3
 3 5
 5 50
 50 51
 51 53
 53 52
 52 54
 54 55
 55 56
 56 73
 73 72
 72 76
 76 75
 75 74
 74 78
 78 77
 77 79
 79 80
 80 81
 81 82
 82 83
 83 84
 84 85
 85 87
 87 88
 88 86
 86 91
 91 89
 89 90
 90 93
 93 94
 94 92
 92 95
 95 96
 96 97
 97 98
 98 122
 122 121
 121 120
 120 124
 124 123
 123 125
 125 126
 126 127
 127 128
 128 129
 129 231
 231 229
 229 230
 230 232
 232 233
 233 234
 234 235
 235 236
 236 237
 237 150
 150 148
 148 149
 149 151
 151 152
 152 160
 160 159
 159 158
 158 157
 157 155
 155 153
 153 154
 154 156
 156 226
 226 227
 227 228
 228 224
 224 225
 225 278
 278 277
 277 269
 269 270
 270 268
 268 279
 279 275
 275 276
 276 274
 274 273
 273 271
 271 272
 272 284
 284 281
 281 280
 280 282
 282 283
 283 286
 286 287
 287 285
 285 288
 288 289
 289 290
 290 191
 191 190
 190 197
 197 198
 198 201
 201 199
 199 200
 200 202
 202 194
 194 192
 192 193
 193 195
 195 196
 196 267
 267 266
 266 265
 265 264
 264 263
 263 262
 262 261
 261 260
 260 259
 259 258
 258 257
 257 256
 256 255
 255 254
 254 252
 252 253
 253 251
 251 250
 250 249
 249 247
 247 248
 248 246
 246 242
 242 241
 241 238
 238 240
 240 239
 239 243
 243 244
 244 245
 245 162
 162 161
 161 164
 164 163
 163 166
 166 165
 165 168
 168 167
 167 170
 170 169
 169 171
 171 172
 172 174
 174 173
 173 33
 33 21
 21 20
 20 25
 25 24
 24 22
 22 23
 23 29
 29 32
 32 30
 30 31
 31 34
 34 27
 27 26
 26 28
 28 35
 35 36
 36 41
 41 40
 40 39
 39 47
 47 48
 48 43
 43 42
 42 44
 44 45
 45 46
 46 38
 38 37
 37 49
 49 222
 222 223
 223 221
 221 220
 220 218
 218 219
 219 217
 217 216
 216 211
 211 212
 212 208
 208 207
 207 215
 215 214
 214 213
 213 209
 209 210
 210 204
 204 203
 203 205
 205 206
 206 189
 189 176
 176 175
 175 177
 177 181
 181 180
 180 179
 179 178
 178 183
 183 182
 182 185
 185 184
 184 188
 188 187
 187 186
 186 60
 60 59
 59 57
 57 58
 58 61
 61 68
 68 69
 69 67
 67 66
 66 65
 65 64
 64 62
 62 63
 63 70
 70 71
 71 118
 118 116
 116 115
 115 114
 114 117
 117 119
 119 112
 112 111
 111 113
 113 110
 110 109
 109 108
 108 107
 107 106
 106 105
 105 104
 104 103
 103 102
 102 101
 101 99
 99 100
 100 140
 140 141
 141 142
 142 145
 145 144
 144 143
 143 132
 132 133
 133 135
 135 134
 134 130
 130 131
 131 136
 136 137
 137 138
 138 147
 147 146
 146 139
 139 2
 2 1
 1 19
 19 17
 17 11
 11 10
 10 9
 9 6
 6 8
 8 7
ZONE T="COFFE, MIT adapt Y=-0.035"
 STRANDID=7, SOLUTIONTIME=256
 Nodes=307, Elements=307, ZONETYPE=FELineSeg
 DATAPACKING=BLOCK
 AUXDATA CGNS.CGNSBase_t="Base"
 AUXDATA CGNS.Zone_t="Zone"
 DT=(DOUBLE DOUBLE DOUBLE DOUBLE )
 -6.376001933E-02 -5.533466961E-02 -7.731080415E-02 -8.695548343E-02 -7.479964344E-02
 -6.922686283E-02 -1.215376811E-01 -1.200980322E-01 -1.289879551E-01 -9.143740463E-02
 -1.041378374E-01 -1.113655044E-01 -1.007894790E-01 -5.074226146E-02 -1.136229265E-01
 -1.324706683E-01 -1.394139772E-01 -1.870780529E-01 -1.817998493E-01 -1.580354197E-01
 -1.503374132E-01 -1.445704304E-01 -1.693964059E-01 -1.665861989E-01 -1.716648470E-01
 -1.770133201E-01 -1.791136952E-01 -1.608721094E-01 -1.625426058E-01 -1.905210551E-01
 -1.884115401E-01 -1.908430702E-01 -1.962068188E-01 -1.944175570E-01 -1.850166539E-01
 -1.789406521E-01 -1.810479470E-01 -1.707152242E-01 -1.742634086E-01 -1.622155117E-01
 -1.656281968E-01 -1.577473812E-01 -1.526477620E-01 -1.428221671E-01 -1.489392755E-01
 -1.400924859E-01 -1.086312870E-01 -1.067140007E-01 -9.667335888E-02 -1.050987812E-01
 -8.268918611E-02 -7.670290485E-02 -6.952947839E-02 -5.838223858E-02 -4.899909552E-02
 -4.060405127E-02 -9.644926967E-02 -8.840855387E-02 -1.224086135E-01 -1.256469418E-01
 -1.305169532E-01 -1.272845605E-01 -2.464315905E-01 -2.463106259E-01 -2.464213083E-01
 -2.463398922E-01 -2.464347812E-01 2.198839555E-01 2.815698028E-01 2.766705140E-01
 2.903216232E-01 2.496711501E-01 2.357774489E-01 3.173961574E-01 3.439647484E-01
 3.655812419E-01 3.581237822E-01 1.871790149E-01 4.722369764E-01 4.516072683E-01
 4.126659334E-01 4.199139516E-01 5.338316368E-01 5.090763708E-01 5.548245200E-01
 5.755471088E-01 6.106398413E-01 -2.455983878E-01 -2.454554867E-01 -2.450884785E-01
 6.321975185E-01 6.851169271E-01 6.926331779E-01 7.169445139E-01 7.238278988E-01
 7.351092301E-01 7.361447444E-01 7.385995908E-01 7.386048881E-01 7.385978644E-01
 7.386058150E-01 7.386039934E-01 1.018431121E-01 1.277336027E-01 1.105137996E-01
 9.237184679E-02 6.411008186E-02 7.274657855E-02 1.563119831E-01 1.480109849E-01
 1.841561444E-01 1.863876063E-01 4.533918930E-02 3.337522453E-02 5.124736824E-02
 -3.897041264E-03 1.499727905E-02 -3.082013825E-02 -2.289228446E-02 -1.165334313E-02
 -8.660037865E-03 -9.650749937E-03 2.293560120E-02 7.382340633E-01 7.381148445E-01
 7.384512824E-01 7.373102437E-01 7.384948474E-01 7.385673687E-01 7.385764660E-01
 7.385952769E-01 4.090010916E-02 4.420479059E-02 2.672862489E-02 3.061211301E-02
 1.424242195E-02 1.911527467E-02 -7.922166185E-03 2.304228049E-03 -1.788884034E-02
 -1.158742021E-02 -2.556257178E-02 -3.128482020E-02 -4.372225686E-02 -3.998524470E-02
 -2.436643721E-01 -2.437380889E-01 -2.438346645E-01 -2.430391266E-01 -2.422505316E-01
 -2.407358866E-01 -2.407878900E-01 -2.412216245E-01 -2.392607849E-01 -2.391015511E-01
 -2.421104822E-01 -2.450387947E-01 -2.462971225E-01 -2.459088408E-01 -2.457649390E-01
 -2.454311357E-01 -2.462459014E-01 -2.462019380E-01 -2.460081379E-01 -2.458345355E-01
 -2.459644717E-01 -2.446926833E-01 -2.444367212E-01 -2.442091949E-01 -2.437703407E-01
 -2.436432782E-01 -2.435802613E-01 -2.427426969E-01 -2.426997067E-01 -2.427254731E-01
 -2.419641360E-01 -2.416514905E-01 -2.398338647E-01 -2.391326525E-01 -2.404792299E-01
 -2.410308339E-01 4.639270756E-01 4.734114879E-01 3.678901634E-01 3.572109562E-01
 3.762874309E-01 3.388136545E-01 3.276316648E-01 4.542976730E-01 4.356734723E-01
 4.168315091E-01 3.997548620E-01 4.228306424E-01 3.910851817E-01 -2.347934348E-01
 -2.373918560E-01 -2.365003609E-01 -2.318424145E-01 -2.238162387E-01 -2.228972554E-01
 -2.324371891E-01 -2.180484088E-01 -2.198664470E-01 -2.283820516E-01 -2.267662538E-01
 -2.308632410E-01 -2.159770792E-01 -2.106552988E-01 -2.070785387E-01 -2.093235774E-01
 -2.031959232E-01 -2.003907658E-01 -1.939730081E-01 -1.972116258E-01 -2.381344589E-01
 -2.372353033E-01 -2.349411505E-01 -2.354378312E-01 -2.366374387E-01 -2.388413256E-01
 -2.344673481E-01 -2.326239936E-01 -2.290339293E-01 -2.300341469E-01 -2.322791222E-01
 -2.309639006E-01 -2.282260972E-01 -2.266608481E-01 -2.245613027E-01 -2.223503791E-01
 -2.256640643E-01 -2.179723052E-01 -2.186035480E-01 -2.149394230E-01 -2.211355481E-01
 -2.092516718E-01 -2.093487611E-01 -2.091757519E-01 -2.026938067E-01 -2.015985442E-01
 7.302257275E-01 7.257278136E-01 7.366113005E-01 7.346093111E-01 7.326610032E-01
 7.378858898E-01 7.382643322E-01 7.364698066E-01 7.383848902E-01 7.385152239E-01
 7.385400517E-01 7.385483191E-01 7.385807941E-01 7.385846145E-01 8.697028520E-02
 7.190544843E-02 8.444246314E-02 8.994505612E-02 1.046214712E-01 6.830724639E-02
 5.866213659E-02 5.469423438E-02 1.095167238E-01 1.326646489E-01 1.209836983E-01
 1.385487232E-01 1.432853968E-01 1.564493963E-01 1.673808668E-01 1.599191645E-01
 1.822027340E-01 1.871396453E-01 2.091891875E-01 2.138708448E-01 2.228408955E-01
 2.368871507E-01 2.496125809E-01 2.606844319E-01 2.727153577E-01 2.805597214E-01
 2.902163866E-01 2.969848097E-01 3.087858811E-01 3.178171533E-01 6.836258775E-01
 7.028823897E-01 6.895801703E-01 6.210489523E-01 6.104113238E-01 6.312912630E-01
 6.421549589E-01 6.654961436E-01 6.560843701E-01 7.114639869E-01 7.209175006E-01
 6.760477408E-01 5.803377994E-01 5.941328300E-01 5.744965114E-01 5.529537837E-01
 6.001729393E-01 5.207557094E-01 5.441950293E-01 5.255391362E-01 5.172224783E-01
 4.952002242E-01 4.861381715E-01
 -3.500000000E-02 -3.500000000E-02 -3.500000000E-02 -3.500000000E-02 -3.500000000E-02
 -3.500000000E-02 -3.500000000E-02 -3.500000000E-02 -3.500000000E-02 -3.500000000E-02
 -3.500000000E-02 -3.500000000E-02 -3.500000000E-02 -3.500000000E-02 -3.500000000E-02
 -3.500000000E-02 -3.500000000E-02 -3.500000000E-02 -3.500000000E-02 -3.500000000E-02
 -3.500000000E-02 -3.500000000E-02 -3.500000000E-02 -3.500000000E-02 -3.500000000E-02
 -3.500000000E-02 -3.500000000E-02 -3.500000000E-02 -3.500000000E-02 -3.500000000E-02
 -3.500000000E-02 -3.500000000E-02 -3.500000000E-02 -3.500000000E-02 -3.500000000E-02
 -3.500000000E-02 -3.500000000E-02 -3.500000000E-02 -3.500000000E-02 -3.500000000E-02
 -3.500000000E-02 -3.500000000E-02 -3.500000000E-02 -3.500000000E-02 -3.500000000E-02
 -3.500000000E-02 -3.500000000E-02 -3.500000000E-02 -3.500000000E-02 -3.500000000E-02
 -3.500000000E-02 -3.500000000E-02 -3.500000000E-02 -3.500000000E-02 -3.500000000E-02
 -3.500000000E-02 -3.500000000E-02 -3.500000000E-02 -3.500000000E-02 -3.500000000E-02
 -3.500000000E-02 -3.500000000E-02 -3.500000000E-02 -3.500000000E-02 -3.500000000E-02
 -3.500000000E-02 -3.500000000E-02 -3.500000000E-02 -3.500000000E-02 -3.500000000E-02
 -3.500000000E-02 -3.500000000E-02 -3.500000000E-02 -3.500000000E-02 -3.500000000E-02
 -3.500000000E-02 -3.500000000E-02 -3.500000000E-02 -3.500000000E-02 -3.500000000E-02
 -3.500000000E-02 -3.500000000E-02 -3.500000000E-02 -3.500000000E-02 -3.500000000E-02
 -3.500000000E-02 -3.500000000E-02 -3.500000000E-02 -3.500000000E-02 -3.500000000E-02
 -3.500000000E-02 -3.500000000E-02 -3.500000000E-02 -3.500000000E-02 -3.500000000E-02
 -3.500000000E-02 -3.500000000E-02 -3.500000000E-02 -3.500000000E-02 -3.500000000E-02
 -3.500000000E-02 -3.500000000E-02 -3.500000000E-02 -3.500000000E-02 -3.500000000E-02
 -3.500000000E-02 -3.500000000E-02 -3.500000000E-02 -3.500000000E-02 -3.500000000E-02
 -3.500000000E-02 -3.500000000E-02 -3.500000000E-02 -3.500000000E-02 -3.500000000E-02
 -3.500000000E-02 -3.500000000E-02 -3.500000000E-02 -3.500000000E-02 -3.500000000E-02
 -3.500000000E-02 -3.500000000E-02 -3.500000000E-02 -3.500000000E-02 -3.500000000E-02
 -3.500000000E-02 -3.500000000E-02 -3.500000000E-02 -3.500000000E-02 -3.500000000E-02
 -3.500000000E-02 -3.500000000E-02 -3.500000000E-02 -3.500000000E-02 -3.500000000E-02
 -3.500000000E-02 -3.500000000E-02 -3.500000000E-02 -3.500000000E-02 -3.500000000E-02
 -3.500000000E-02 -3.500000000E-02 -3.500000000E-02 -3.500000000E-02 -3.500000000E-02
 -3.500000000E-02 -3.500000000E-02 -3.500000000E-02 -3.500000000E-02 -3.500000000E-02
 -3.500000000E-02 -3.500000000E-02 -3.500000000E-02 -3.500000000E-02 -3.500000000E-02
 -3.500000000E-02 -3.500000000E-02 -3.500000000E-02 -3.500000000E-02 -3.500000000E-02
 -3.500000000E-02 -3.500000000E-02 -3.500000000E-02 -3.500000000E-02 -3.500000000E-02
 -3.500000000E-02 -3.500000000E-02 -3.500000000E-02 -3.500000000E-02 -3.500000000E-02
 -3.500000000E-02 -3.500000000E-02 -3.500000000E-02 -3.500000000E-02 -3.500000000E-02
 -3.500000000E-02 -3.500000000E-02 -3.500000000E-02 -3.500000000E-02 -3.500000000E-02
 -3.500000000E-02 -3.500000000E-02 -3.500000000E-02 -3.500000000E-02 -3.500000000E-02
 -3.500000000E-02 -3.500000000E-02 -3.500000000E-02 -3.500000000E-02 -3.500000000E-02
 -3.500000000E-02 -3.500000000E-02 -3.500000000E-02 -3.500000000E-02 -3.500000000E-02
 -3.500000000E-02 -3.500000000E-02 -3.500000000E-02 -3.500000000E-02 -3.500000000E-02
 -3.500000000E-02 -3.500000000E-02 -3.500000000E-02 -3.500000000E-02 -3.500000000E-02
 -3.500000000E-02 -3.500000000E-02 -3.500000000E-02 -3.500000000E-02 -3.500000000E-02
 -3.500000000E-02 -3.500000000E-02 -3.500000000E-02 -3.500000000E-02 -3.500000000E-02
 -3.500000000E-02 -3.500000000E-02 -3.500000000E-02 -3.500000000E-02 -3.500000000E-02
 -3.500000000E-02 -3.500000000E-02 -3.500000000E-02 -3.500000000E-02 -3.500000000E-02
 -3.500000000E-02 -3.500000000E-02 -3.500000000E-02 -3.500000000E-02 -3.500000000E-02
 -3.500000000E-02 -3.500000000E-02 -3.500000000E-02 -3.500000000E-02 -3.500000000E-02
 -3.500000000E-02 -3.500000000E-02 -3.500000000E-02 -3.500000000E-02 -3.500000000E-02
 -3.500000000E-02 -3.500000000E-02 -3.500000000E-02 -3.500000000E-02 -3.500000000E-02
 -3.500000000E-02 -3.500000000E-02 -3.500000000E-02 -3.500000000E-02 -3.500000000E-02
 -3.500000000E-02 -3.500000000E-02 -3.500000000E-02 -3.500000000E-02 -3.500000000E-02
 -3.500000000E-02 -3.500000000E-02 -3.500000000E-02 -3.500000000E-02 -3.500000000E-02
 -3.500000000E-02 -3.500000000E-02 -3.500000000E-02 -3.500000000E-02 -3.500000000E-02
 -3.500000000E-02 -3.500000000E-02 -3.500000000E-02 -3.500000000E-02 -3.500000000E-02
 -3.500000000E-02 -3.500000000E-02 -3.500000000E-02 -3.500000000E-02 -3.500000000E-02
 -3.500000000E-02 -3.500000000E-02 -3.500000000E-02 -3.500000000E-02 -3.500000000E-02
 -3.500000000E-02 -3.500000000E-02 -3.500000000E-02 -3.500000000E-02 -3.500000000E-02
 -3.500000000E-02 -3.500000000E-02 -3.500000000E-02 -3.500000000E-02 -3.500000000E-02
 -3.500000000E-02 -3.500000000E-02 -3.500000000E-02 -3.500000000E-02 -3.500000000E-02
 -3.500000000E-02 -3.500000000E-02 -3.500000000E-02 -3.500000000E-02 -3.500000000E-02
 -3.500000000E-02 -3.500000000E-02 -3.500000000E-02 -3.500000000E-02 -3.500000000E-02
 -3.500000000E-02 -3.500000000E-02
 -4.672226505E-02 -4.872278982E-02 -4.339736511E-02 -4.092054291E-02 -4.402796510E-02
 -4.540713123E-02 -3.125397514E-02 -3.168640651E-02 -2.898277270E-02 -3.974256836E-02
 -3.629038300E-02 -3.423901241E-02 -3.721376315E-02 -4.978801290E-02 -3.359363624E-02
 -2.788102998E-02 -2.566384798E-02 -7.805983231E-03 -1.005611197E-02 -1.926903939E-02
 -2.199837469E-02 -2.394512797E-02 -1.504983889E-02 -1.612962405E-02 -1.417443930E-02
 -1.202707113E-02 -1.118524411E-02 -1.825796500E-02 -1.763708723E-02 -6.274909092E-03
 7.001181089E-02 6.970934072E-02 6.902091145E-02 6.927249830E-02 7.034434420E-02
 7.089968392E-02 7.073498799E-02 7.145922601E-02 7.124947640E-02 7.185148896E-02
 7.172154343E-02 7.200068602E-02 7.209933876E-02 7.216896795E-02 7.215617711E-02
 7.216510202E-02 7.121059170E-02 7.111902446E-02 7.052162650E-02 7.102294575E-02
 6.949759841E-02 6.900642577E-02 6.835983918E-02 6.727466947E-02 6.628033198E-02
 6.533358108E-02 7.050583887E-02 6.994334593E-02 7.176497201E-02 7.190433918E-02
 7.199805365E-02 7.194793686E-02 4.077792370E-02 3.864001825E-02 4.119725343E-02
 4.244610209E-02 4.102864471E-02 1.710741695E-02 2.206181222E-03 3.415875324E-03
 -1.335489432E-05 1.002448232E-02 1.333648307E-02 -6.853237186E-03 -1.376158746E-02
 -1.945924973E-02 -1.746180002E-02 2.459992237E-02 -4.879731722E-02 -4.296512478E-02
 -3.216213592E-02 -3.414846782E-02 -6.659410901E-02 -5.935648657E-02 -7.276414526E-02
 -7.900186175E-02 -8.959431895E-02 4.575355186E-02 4.612804863E-02 4.705370579E-02
 -9.629209724E-02 -1.128731279E-01 -1.152932864E-01 -1.231391236E-01 -1.253810722E-01
 -1.290840229E-01 -1.294245679E-01 -1.302340829E-01 -1.302358271E-01 -1.302335130E-01
 -1.302361330E-01 -1.302360779E-01 4.256552824E-02 3.738793825E-02 4.082782918E-02
 4.436783511E-02 4.960995555E-02 4.806134757E-02 3.138783632E-02 3.312859064E-02
 2.527326548E-02 2.478156151E-02 5.288407428E-02 5.488140434E-02 5.187845511E-02
 6.056037290E-02 5.778914566E-02 6.414664252E-02 6.316069790E-02 6.165532004E-02
 6.124963053E-02 6.138883281E-02 5.654966414E-02 -1.302246660E-01 -1.302210187E-01
 -1.302313925E-01 -1.301960691E-01 -1.302327081E-01 -1.302349531E-01 -1.302352258E-01
 -1.302358081E-01 -6.813918944E-02 -6.871702459E-02 -6.560796909E-02 -6.631392217E-02
 -6.328501601E-02 -6.421159996E-02 -5.897841979E-02 -6.101174034E-02 -5.694484172E-02
 -5.824688840E-02 -5.534294503E-02 -5.412147654E-02 -5.138421296E-02 -5.221483744E-02
 3.098410719E-02 3.111399580E-02 3.132468860E-02 2.997489753E-02 2.869418249E-02
 2.661904278E-02 2.668937550E-02 2.728119436E-02 2.483557378E-02 2.465758591E-02
 2.849143210E-02 3.384150841E-02 3.853433954E-02 3.654484615E-02 3.596586261E-02
 3.500459615E-02 4.309419467E-02 4.341204442E-02 4.432235233E-02 4.495261055E-02
 4.451626202E-02 4.788405063E-02 4.837464225E-02 4.877588904E-02 4.947523081E-02
 4.968275966E-02 4.977768942E-02 5.092837536E-02 5.098195348E-02 5.095118231E-02
 5.186546733E-02 5.219948582E-02 5.399156568E-02 5.459095678E-02 5.338972180E-02
 5.286312117E-02 -1.159214250E-01 -1.166063064E-01 -1.083269452E-01 -1.073784939E-01
 -1.090458448E-01 -1.057387684E-01 -1.047041132E-01 -1.152280320E-01 -1.138235183E-01
 -1.123656254E-01 -1.110030402E-01 -1.128434473E-01 -1.102873461E-01 2.028044325E-02
 2.280549630E-02 2.193923615E-02 1.770714637E-02 1.171436022E-02 1.110948594E-02
 1.821913034E-02 8.011078386E-03 9.127879328E-03 1.497873492E-02 1.380757361E-02
 1.693933093E-02 6.748559055E-03 3.709155346E-03 1.800826930E-03 2.967309872E-03
 -2.438973942E-04 -1.629808671E-03 -4.704677813E-03 -3.180136306E-03 5.538723762E-02
 5.603941052E-02 5.755909051E-02 5.723911326E-02 5.646636517E-02 5.483113681E-02
 5.783727113E-02 5.887288490E-02 6.061652885E-02 6.016006027E-02 5.905589602E-02
 5.971649006E-02 6.096690069E-02 6.161657683E-02 6.242084290E-02 6.318816405E-02
 6.200720703E-02 6.455497895E-02 6.437376959E-02 6.538472526E-02 6.359776847E-02
 6.672619969E-02 6.670323138E-02 6.674184291E-02 6.799680435E-02 6.818231468E-02
 -1.299753003E-01 -1.298292599E-01 -1.301747465E-01 -1.301123176E-01 -1.300521680E-01
 -1.299989493E-01 -1.301235393E-01 -1.295315113E-01 -1.301633568E-01 -1.302062686E-01
 -1.302144696E-01 -1.302171972E-01 -1.302278897E-01 -1.302291505E-01 -7.574347825E-02
 -7.335504672E-02 -7.534593308E-02 -7.619761658E-02 -7.842712803E-02 -7.276895066E-02
 -7.117978763E-02 -7.050941844E-02 -7.914752144E-02 -8.245439361E-02 -8.081841214E-02
 -8.328578371E-02 -8.393105717E-02 -8.569518860E-02 -8.711060001E-02 -8.615498181E-02
 -8.900616939E-02 -8.961239832E-02 -9.227406508E-02 -9.283021809E-02 -9.385307500E-02
 -9.545320995E-02 -9.684134698E-02 -9.804113627E-02 -9.930249535E-02 -1.001078834E-01
 -1.010887326E-01 -1.017599698E-01 -1.029139603E-01 -1.037825919E-01 -1.283061785E-01
 -1.290417166E-01 -1.285346269E-01 -1.255026234E-01 -1.249668057E-01 -1.260052749E-01
 -1.265120613E-01 -1.275580377E-01 -1.271494143E-01 -1.293437191E-01 -1.296728333E-01
 -1.279975323E-01 -1.233628923E-01 -1.241156174E-01 -1.230336954E-01 -1.217823225E-01
 -1.244369582E-01 -1.197952285E-01 -1.212585920E-01 -1.200988007E-01 -1.195623658E-01
 -1.181130692E-01 -1.174883744E-01
 4.797021425E-01 4.846601100E-01 4.999177860E-01 5.059202478E-01 4.981678469E-01
 4.799462664E-01 5.504096079E-01 5.482722084E-01 5.618539056E-01 5.131744301E-01
 5.220874395E-01 5.360900185E-01 5.205684748E-01 4.832798625E-01 5.417595194E-01
 5.708890111E-01 5.956258262E-01 7.116925274E-01 6.902433026E-01 6.193931493E-01
 6.030681116E-01 5.990424531E-01 6.554606859E-01 6.400491014E-01 6.694905541E-01
 6.752780024E-01 6.837499617E-01 6.232351146E-01 6.295336848E-01 7.286728640E-01
 -1.007402824E+00 -1.031090294E+00 -1.089112904E+00 -1.065090435E+00 -9.836674769E-01
 -9.351093635E-01 -9.557171901E-01 -8.835902677E-01 -9.072951320E-01 -8.411123912E-01
 -8.510875502E-01 -8.153866897E-01 -7.827193972E-01 -7.372508731E-01 -7.727034802E-01
 -7.203922621E-01 -6.301058673E-01 -6.269934606E-01 -5.787318160E-01 -6.193907313E-01
 -5.458231574E-01 -5.320245886E-01 -5.097832686E-01 -4.839871754E-01 -4.668583183E-01
 -4.486520247E-01 -5.781155358E-01 -5.620164082E-01 -6.680820310E-01 -6.746451206E-01
 -6.908927798E-01 -6.820603858E-01 -9.683531572E-02 2.183209007E-01 -1.720110932E-01
 -4.054503782E-01 -1.529748413E-01 -1.969953362E-02 5.345890012E-02 4.880174650E-02
 6.313230323E-02 1.651929450E-02 -2.679738331E-03 9.411909155E-02 1.214362506E-01
 1.432103566E-01 1.360519662E-01 -6.181436415E-02 2.387450875E-01 2.218997726E-01
 1.865396912E-01 1.936230075E-01 2.868198355E-01 2.694228714E-01 3.024248566E-01
 3.180290224E-01 3.418103148E-01 -1.002112358E+00 -1.101738186E+00 -1.117585891E+00
 3.540871625E-01 3.833286109E-01 3.864125861E-01 3.959389409E-01 3.983274289E-01
 4.002407549E-01 4.004560640E-01 4.005113665E-01 4.011982287E-01 4.009176824E-01
 3.993044099E-01 4.018690890E-01 -1.876494309E-01 -1.459875777E-01 -1.722454699E-01
 -2.009184134E-01 -2.494366507E-01 -2.346036993E-01 -9.952607354E-02 -1.119257607E-01
 -6.545893302E-02 -6.270551888E-02 -2.780510279E-01 -2.997349995E-01 -2.674994559E-01
 -3.692651435E-01 -3.351231515E-01 -4.280744439E-01 -4.113106360E-01 -3.839186015E-01
 -3.782616652E-01 -3.798465892E-01 -3.194234851E-01 3.991492525E-01 3.968700835E-01
 3.950654327E-01 4.016204995E-01 3.944935251E-01 3.983213166E-01 3.955768736E-01
 3.979266858E-01 4.100918967E-01 4.082396566E-01 4.196666196E-01 4.182615183E-01
 4.307664556E-01 4.271939237E-01 4.397574055E-01 4.358404415E-01 4.464320559E-01
 4.409842988E-01 4.549588784E-01 4.611856456E-01 4.577239962E-01 4.566181133E-01
 8.270829491E-01 8.221388917E-01 8.160262436E-01 8.679022057E-01 9.227586424E-01
 9.722689168E-01 9.711678381E-01 9.564419025E-01 1.007019881E+00 1.008378313E+00
 9.334071057E-01 7.408633279E-01 2.286711100E-01 4.690886365E-01 5.281727319E-01
 6.281142371E-01 -5.543531471E-01 -6.014587968E-01 -7.933225949E-01 -9.300203697E-01
 -8.358170740E-01 -1.254231026E+00 -1.343316131E+00 -1.431531205E+00 -1.517218073E+00
 -1.558902447E+00 -1.567947831E+00 -1.598460459E+00 -1.602995821E+00 -1.598383260E+00
 -1.759642802E+00 -1.757421230E+00 -1.765040580E+00 -1.678490481E+00 -1.780955922E+00
 -1.697973408E+00 3.482328626E-01 3.479486491E-01 3.445738258E-01 3.450219797E-01
 3.450666695E-01 3.459400559E-01 3.446934276E-01 3.472470756E-01 3.473923190E-01
 3.465497229E-01 3.456929213E-01 3.451510189E-01 3.462307227E-01 9.867241605E-01
 9.905838930E-01 9.843322425E-01 9.863702646E-01 9.057687829E-01 9.028561989E-01
 9.911529803E-01 8.762795045E-01 8.879099572E-01 9.558001040E-01 9.373002071E-01
 9.794074790E-01 8.638768315E-01 8.260874993E-01 8.040924727E-01 8.155834301E-01
 7.798289460E-01 7.700188018E-01 7.485512899E-01 7.618604094E-01 -1.789767223E+00
 -1.789403405E+00 -1.779700898E+00 -1.770008067E+00 -1.774640974E+00 -1.673934936E+00
 -1.750860205E+00 -1.690283687E+00 -1.567851070E+00 -1.588425179E+00 -1.657686020E+00
 -1.575521864E+00 -1.564387717E+00 -1.527188270E+00 -1.533836326E+00 -1.443737288E+00
 -1.519193687E+00 -1.394661182E+00 -1.403983806E+00 -1.325191165E+00 -1.392632229E+00
 -1.240764675E+00 -1.242309192E+00 -1.239590178E+00 -1.134776680E+00 -1.128278166E+00
 4.036599691E-01 3.996978157E-01 4.010073962E-01 4.037674345E-01 4.043862754E-01
 4.034720956E-01 3.982753225E-01 3.997325664E-01 3.998622211E-01 4.009498977E-01
 3.992443148E-01 4.002857543E-01 3.995367521E-01 3.998365862E-01 3.908508328E-01
 3.992432315E-01 3.924546299E-01 3.921239943E-01 3.871617824E-01 4.004741525E-01
 4.045286181E-01 4.069799869E-01 3.842945931E-01 3.739057805E-01 3.755892960E-01
 3.718157076E-01 3.715231983E-01 3.684139056E-01 3.678742050E-01 3.657517117E-01
 3.655448245E-01 3.625872856E-01 3.623936359E-01 3.618444318E-01 3.602380230E-01
 3.543379176E-01 3.542055282E-01 3.536187919E-01 3.524204420E-01 3.518727196E-01
 3.495615826E-01 3.489114663E-01 3.489087127E-01 3.473283964E-01 3.846948065E-01
 3.899766384E-01 3.869981542E-01 3.713700549E-01 3.681062262E-01 3.690299322E-01
 3.733216208E-01 3.786192492E-01 3.785412917E-01 3.952025899E-01 4.012794464E-01
 3.805012113E-01 3.613205914E-01 3.634980714E-01 3.598785820E-01 3.562771125E-01
 3.635295701E-01 3.535760119E-01 3.547538265E-01 3.541661023E-01 3.535763728E-01
 3.481597143E-01 3.476745141E-01
 213 30
 30 18
 18 19
 19 27
 27 26
 26 25
 25 23
 23 24
 24 29
 29 28
 28 20
 20 21
 21 22
 22 17
 17 16
 16 9
 9 7
 7 8
 8 15
 15 12
 12 11
 11 13
 13 10
 10 4
 4 3
 3 5
 5 6
 6 1
 1 2
 2 14
 14 144
 144 145
 145 143
 143 142
 142 140
 140 141
 141 138
 138 139
 139 136
 136 137
 137 134
 134 135
 135 132
 132 133
 133 262
 262 261
 261 260
 260 256
 256 257
 257 255
 255 258
 258 259
 259 263
 263 265
 265 264
 264 266
 266 267
 267 268
 268 270
 270 269
 269 271
 271 272
 272 273
 273 274
 274 275
 275 276
 276 277
 277 278
 278 279
 279 280
 280 281
 281 282
 282 283
 283 284
 284 188
 188 187
 187 185
 185 184
 184 186
 186 194
 194 192
 192 191
 191 193
 193 190
 190 189
 189 182
 182 183
 183 307
 307 306
 306 305
 305 302
 302 304
 304 303
 303 300
 300 299
 299 297
 297 298
 298 301
 301 289
 289 288
 288 290
 290 291
 291 293
 293 292
 292 296
 296 285
 285 287
 287 286
 286 294
 294 295
 295 242
 242 241
 241 245
 245 244
 244 243
 243 127
 127 125
 125 124
 124 126
 126 128
 128 129
 129 130
 130 131
 131 102
 102 101
 101 99
 99 98
 98 100
 100 254
 254 253
 253 252
 252 251
 251 250
 250 249
 249 247
 247 246
 246 248
 248 97
 97 96
 96 95
 95 94
 94 93
 93 92
 92 91
 91 87
 87 86
 86 85
 85 83
 83 84
 84 79
 79 80
 80 82
 82 81
 81 76
 76 77
 77 75
 75 74
 74 71
 71 69
 69 70
 70 72
 72 73
 73 68
 68 78
 78 112
 112 111
 111 109
 109 110
 110 104
 104 105
 105 103
 103 106
 106 108
 108 107
 107 115
 115 113
 113 114
 114 123
 123 117
 117 116
 116 121
 121 122
 122 120
 120 119
 119 118
 118 56
 56 55
 55 54
 54 53
 53 52
 52 51
 51 58
 58 57
 57 49
 49 50
 50 48
 48 47
 47 59
 59 60
 60 62
 62 61
 61 46
 46 44
 44 45
 45 43
 43 42
 42 40
 40 41
 41 38
 38 39
 39 36
 36 37
 37 35
 35 31
 31 32
 32 34
 34 33
 33 240
 240 239
 239 238
 238 236
 236 237
 237 234
 234 232
 232 233
 233 235
 235 230
 230 229
 229 231
 231 228
 228 227
 227 223
 223 224
 224 226
 226 225
 225 222
 222 221
 221 217
 217 218
 218 219
 219 216
 216 215
 215 220
 220 179
 179 178
 178 180
 180 181
 181 177
 177 176
 176 174
 174 175
 175 173
 173 172
 172 171
 171 170
 170 169
 169 168
 168 167
 167 90
 90 89
 89 88
 88 165
 165 166
 166 164
 164 163
 163 162
 162 66
 66 65
 65 67
 67 63
 63 64
 64 158
 158 159
 159 160
 160 161
 161 157
 157 148
 148 147
 147 146
 146 149
 149 150
 150 156
 156 153
 153 152
 152 151
 151 154
 154 155
 155 196
 196 197
 197 195
 195 201
 201 198
 198 206
 206 204
 204 205
 205 199
 199 200
 200 203
 203 202
 202 207
 207 208
 208 210
 210 209
 209 211
 211 212
 212 214
 214 213
ZONE T="COFFE, MIT adapt Y=-0.73"
 STRANDID=8, SOLUTIONTIME=256
 Nodes=344, Elements=344, ZONETYPE=FELineSeg
 DATAPACKING=BLOCK
 AUXDATA CGNS.CGNSBase_t="Base"
 AUXDATA CGNS.Zone_t="Zone"
 DT=(DOUBLE DOUBLE DOUBLE DOUBLE )
 4.203947474E-03 -1.948639679E-03 -1.792972665E-02 -1.479039888E-02 -7.774031837E-03
 -3.108337374E-02 -2.735377327E-02 3.298777409E-02 3.729998410E-02 1.726243920E-02
 1.228301163E-02 2.302665943E-02 5.119830568E-02 -3.736622897E-02 -4.220569798E-02
 -5.463510825E-02 -4.892144496E-02 -6.089000885E-02 -6.761566267E-02 -7.146257763E-02
 -8.717601884E-02 -1.125874024E-01 -1.096089843E-01 -8.595884291E-02 -8.879296943E-02
 -9.672692300E-02 -9.998796020E-02 -7.779090004E-02 -1.185423780E-01 -1.213451881E-01
 -1.284038147E-01 -1.273907553E-01 -1.461978044E-01 -1.380952567E-01 -1.417318057E-01
 -1.367994717E-01 -1.486303717E-01 -1.522642526E-01 -1.579899083E-01 -1.581523643E-01
 -1.583388600E-01 -1.668233068E-01 -1.793520762E-01 1.870538608E-01 1.978299600E-01
 1.852395335E-01 1.833021209E-01 1.053806914E-01 1.570336442E-01 1.720579644E-01
 1.301339519E-01 1.305066389E-01 1.514595707E-01 1.068898834E-01 1.297377013E-01
 9.233796049E-02 8.800207336E-02 8.883115222E-02 7.384453786E-02 6.094706754E-02
 5.268698365E-02 2.575941295E-02 7.342891866E-03 1.633757459E-02 3.609964807E-02
 3.210905314E-02 3.389923987E-02 -1.124074697E-02 -1.221679793E-02 2.819427248E-03
 -5.244732623E-02 -3.844146807E-02 -9.038297089E-02 -9.254113247E-02 -1.026926170E-01
 -1.044813312E-01 -6.841677060E-02 -7.617318040E-02 -6.392390592E-02 -7.787486942E-02
 -5.828621688E-02 -3.390772169E-02 -3.722325940E-02 -3.673178966E-02 -2.342782793E-02
 -2.105868862E-01 -2.105681657E-01 -2.072809820E-01 -2.105950530E-01 -2.105915960E-01
 -2.110650747E-01 -2.136486432E-01 -2.050239915E-01 -1.933163022E-01 -1.985741907E-01
 -2.001384904E-01 -1.952573943E-01 -2.027337564E-01 -1.924135702E-01 -1.882630135E-01
 -1.877280922E-01 -1.841860944E-01 -1.825853960E-01 -1.801792000E-01 -1.727304626E-01
 -1.768793623E-01 -1.698778905E-01 -1.612609501E-01 -1.610330715E-01 -1.607912923E-01
 -1.292804190E-01 -1.318427018E-01 -1.229379351E-01 -1.489424057E-01 -1.414362788E-01
 -1.508792659E-01 -1.553414871E-01 -1.165411054E-01 -1.109386913E-01 -1.409285340E-01
 -1.195367853E-01 -2.447707812E-01 3.699922447E-01 7.386058150E-01 7.385686232E-01
 7.384050871E-01 7.385203337E-01 7.384652662E-01 7.382267818E-01 7.380951330E-01
 7.370185165E-01 2.959792382E-01 3.143394234E-01 2.797650112E-01 2.278281705E-01
 2.333296584E-01 2.147663934E-01 2.542529475E-01 2.902719237E-01 2.580915819E-01
 2.066993071E-01 2.553037236E-01 3.374210472E-01 7.366181726E-01 7.287621284E-01
 7.369527210E-01 7.382452922E-01 7.382950669E-01 7.383139201E-01 6.895254521E-01
 3.648195301E-01 3.838030804E-01 4.837566583E-01 4.465967721E-01 4.231431764E-01
 4.801684369E-01 3.463567063E-01 4.194172975E-01 3.940789317E-01 4.211792858E-01
 3.905752716E-01 5.229060649E-01 4.613601977E-01 4.636478253E-01 4.619627676E-01
 4.918846148E-01 5.179067722E-01 5.046718118E-01 5.372038651E-01 5.389997608E-01
 5.399305247E-01 -2.458850939E-01 -2.463542274E-01 -2.464267327E-01 -2.463375581E-01
 -2.462019380E-01 -2.459941961E-01 -2.459656271E-01 -2.464350424E-01 -2.464118130E-01
 -2.455253639E-01 -2.451099085E-01 -2.452473435E-01 -2.458866164E-01 -2.463094880E-01
 -2.458847702E-01 -2.458723550E-01 -2.450314023E-01 -2.433823185E-01 -2.447773493E-01
 -2.444189107E-01 -2.431610594E-01 -2.431330882E-01 -2.438808901E-01 -2.442855898E-01
 -2.425214858E-01 -2.421124363E-01 -2.415618735E-01 -2.410996117E-01 -2.405790557E-01
 -2.383744589E-01 -2.387502653E-01 -2.378494498E-01 -2.395473872E-01 -2.401865656E-01
 -2.357177578E-01 -2.430804753E-01 -2.336930208E-01 -2.404244950E-01 -2.428634623E-01
 -2.388550278E-01 -2.290474027E-01 -2.331027599E-01 -2.279304436E-01 -2.249907082E-01
 -2.240392091E-01 -2.370958342E-01 -2.350968315E-01 -2.026220686E-01 -2.023510118E-01
 -1.981546272E-01 -2.027700166E-01 -1.919903658E-01 -2.165926606E-01 -2.196244833E-01
 -2.125845176E-01 -2.114347973E-01 -2.070393661E-01 -2.106699442E-01 -2.213530053E-01
 -1.916498056E-01 -1.784812857E-01 -1.738867542E-01 -1.695254184E-01 -1.799985696E-01
 -1.844151005E-01 -1.913553822E-01 7.366273062E-01 -2.374362805E-01 -2.337558678E-01
 -2.373537992E-01 -2.361040567E-01 -2.339055131E-01 -2.275429232E-01 -2.282886899E-01
 -2.303460034E-01 -2.298535808E-01 -2.353129101E-01 -2.356043268E-01 -2.330590971E-01
 -2.320031107E-01 -2.252206949E-01 -2.196115672E-01 -2.214509021E-01 -2.225556733E-01
 -2.248689578E-01 -2.165206946E-01 -2.137426810E-01 -2.183051693E-01 6.130366570E-01
 6.030808579E-01 5.997528287E-01 5.861552351E-01 5.975333375E-01 5.664952803E-01
 5.606173544E-01 5.815041743E-01 6.194609333E-01 6.263933887E-01 5.536997437E-01
 5.749633049E-01 6.508396814E-01 6.607992571E-01 6.390005565E-01 6.734897517E-01
 6.778168227E-01 6.800705461E-01 6.370453443E-01 7.036634091E-01 7.112852075E-01
 7.220891705E-01 7.264266944E-01 7.346388144E-01 7.318240896E-01 4.945520355E-01
 4.654128797E-01 4.932585151E-01 2.975387245E-01 2.880027704E-01 3.103335487E-01
 3.387945480E-01 3.371682152E-01 3.588915767E-01 3.612854341E-01 3.769579933E-01
 3.854248042E-01 2.506860976E-01 2.618522209E-01 2.719098365E-01 2.254063604E-01
 2.084607203E-01 2.075970310E-01 4.610840839E-01 4.399084970E-01 5.043393959E-01
 5.307848068E-01 5.193841763E-01 4.366627412E-01 4.064509728E-01 4.086755246E-01
 4.346880108E-01 5.542893466E-01 5.738431122E-01 5.879320652E-01 1.823902953E-01
 1.645716523E-01 1.869762811E-01 2.061674114E-01 2.291915071E-01 1.148335322E-01
 1.121522289E-01 1.269865790E-01 2.425896333E-01 9.374165332E-02 9.772034413E-02
 8.310260650E-02 7.163409301E-02 5.151864992E-02 6.478392779E-02 1.608042015E-01
 1.418707317E-01 1.292575449E-01 1.444488070E-01 7.273517495E-01 7.246707459E-01
 6.985177255E-01 6.732969270E-01 7.104748594E-01 6.645252911E-01 6.454095053E-01
 6.326421743E-01 6.200965851E-01 6.412190262E-01 6.055337902E-01
 -7.300000000E-01 -7.300000000E-01 -7.300000000E-01 -7.300000000E-01 -7.300000000E-01
 -7.300000000E-01 -7.300000000E-01 -7.300000000E-01 -7.300000000E-01 -7.300000000E-01
 -7.300000000E-01 -7.300000000E-01 -7.300000000E-01 -7.300000000E-01 -7.300000000E-01
 -7.300000000E-01 -7.300000000E-01 -7.300000000E-01 -7.300000000E-01 -7.300000000E-01
 -7.300000000E-01 -7.300000000E-01 -7.300000000E-01 -7.300000000E-01 -7.300000000E-01
 -7.300000000E-01 -7.300000000E-01 -7.300000000E-01 -7.300000000E-01 -7.300000000E-01
 -7.300000000E-01 -7.300000000E-01 -7.300000000E-01 -7.300000000E-01 -7.300000000E-01
 -7.300000000E-01 -7.300000000E-01 -7.300000000E-01 -7.300000000E-01 -7.300000000E-01
 -7.300000000E-01 -7.300000000E-01 -7.300000000E-01 -7.300000000E-01 -7.300000000E-01
 -7.300000000E-01 -7.300000000E-01 -7.300000000E-01 -7.300000000E-01 -7.300000000E-01
 -7.300000000E-01 -7.300000000E-01 -7.300000000E-01 -7.300000000E-01 -7.300000000E-01
 -7.300000000E-01 -7.300000000E-01 -7.300000000E-01 -7.300000000E-01 -7.300000000E-01
 -7.300000000E-01 -7.300000000E-01 -7.300000000E-01 -7.300000000E-01 -7.300000000E-01
 -7.300000000E-01 -7.300000000E-01 -7.300000000E-01 -7.300000000E-01 -7.300000000E-01
 -7.300000000E-01 -7.300000000E-01 -7.300000000E-01 -7.300000000E-01 -7.300000000E-01
 -7.300000000E-01 -7.300000000E-01 -7.300000000E-01 -7.300000000E-01 -7.300000000E-01
 -7.300000000E-01 -7.300000000E-01 -7.300000000E-01 -7.300000000E-01 -7.300000000E-01
 -7.300000000E-01 -7.300000000E-01 -7.300000000E-01 -7.300000000E-01 -7.300000000E-01
 -7.300000000E-01 -7.300000000E-01 -7.300000000E-01 -7.300000000E-01 -7.300000000E-01
 -7.300000000E-01 -7.300000000E-01 -7.300000000E-01 -7.300000000E-01 -7.300000000E-01
 -7.300000000E-01 -7.300000000E-01 -7.300000000E-01 -7.300000000E-01 -7.300000000E-01
 -7.300000000E-01 -7.300000000E-01 -7.300000000E-01 -7.300000000E-01 -7.300000000E-01
 -7.300000000E-01 -7.300000000E-01 -7.300000000E-01 -7.300000000E-01 -7.300000000E-01
 -7.300000000E-01 -7.300000000E-01 -7.300000000E-01 -7.300000000E-01 -7.300000000E-01
 -7.300000000E-01 -7.300000000E-01 -7.300000000E-01 -7.300000000E-01 -7.300000000E-01
 -7.300000000E-01 -7.300000000E-01 -7.300000000E-01 -7.300000000E-01 -7.300000000E-01
 -7.300000000E-01 -7.300000000E-01 -7.300000000E-01 -7.300000000E-01 -7.300000000E-01
 -7.300000000E-01 -7.300000000E-01 -7.300000000E-01 -7.300000000E-01 -7.300000000E-01
 -7.300000000E-01 -7.300000000E-01 -7.300000000E-01 -7.300000000E-01 -7.300000000E-01
 -7.300000000E-01 -7.300000000E-01 -7.300000000E-01 -7.300000000E-01 -7.300000000E-01
 -7.300000000E-01 -7.300000000E-01 -7.300000000E-01 -7.300000000E-01 -7.300000000E-01
 -7.300000000E-01 -7.300000000E-01 -7.300000000E-01 -7.300000000E-01 -7.300000000E-01
 -7.300000000E-01 -7.300000000E-01 -7.300000000E-01 -7.300000000E-01 -7.300000000E-01
 -7.300000000E-01 -7.300000000E-01 -7.300000000E-01 -7.300000000E-01 -7.300000000E-01
 -7.300000000E-01 -7.300000000E-01 -7.300000000E-01 -7.300000000E-01 -7.300000000E-01
 -7.300000000E-01 -7.300000000E-01 -7.300000000E-01 -7.300000000E-01 -7.300000000E-01
 -7.300000000E-01 -7.300000000E-01 -7.300000000E-01 -7.300000000E-01 -7.300000000E-01
 -7.300000000E-01 -7.300000000E-01 -7.300000000E-01 -7.300000000E-01 -7.300000000E-01
 -7.300000000E-01 -7.300000000E-01 -7.300000000E-01 -7.300000000E-01 -7.300000000E-01
 -7.300000000E-01 -7.300000000E-01 -7.300000000E-01 -7.300000000E-01 -7.300000000E-01
 -7.300000000E-01 -7.300000000E-01 -7.300000000E-01 -7.300000000E-01 -7.300000000E-01
 -7.300000000E-01 -7.300000000E-01 -7.300000000E-01 -7.300000000E-01 -7.300000000E-01
 -7.300000000E-01 -7.300000000E-01 -7.300000000E-01 -7.300000000E-01 -7.300000000E-01
 -7.300000000E-01 -7.300000000E-01 -7.300000000E-01 -7.300000000E-01 -7.300000000E-01
 -7.300000000E-01 -7.300000000E-01 -7.300000000E-01 -7.300000000E-01 -7.300000000E-01
 -7.300000000E-01 -7.300000000E-01 -7.300000000E-01 -7.300000000E-01 -7.300000000E-01
 -7.300000000E-01 -7.300000000E-01 -7.300000000E-01 -7.300000000E-01 -7.300000000E-01
 -7.300000000E-01 -7.300000000E-01 -7.300000000E-01 -7.300000000E-01 -7.300000000E-01
 -7.300000000E-01 -7.300000000E-01 -7.300000000E-01 -7.300000000E-01 -7.300000000E-01
 -7.300000000E-01 -7.300000000E-01 -7.300000000E-01 -7.300000000E-01 -7.300000000E-01
 -7.300000000E-01 -7.300000000E-01 -7.300000000E-01 -7.300000000E-01 -7.300000000E-01
 -7.300000000E-01 -7.300000000E-01 -7.300000000E-01 -7.300000000E-01 -7.300000000E-01
 -7.300000000E-01 -7.300000000E-01 -7.300000000E-01 -7.300000000E-01 -7.300000000E-01
 -7.300000000E-01 -7.300000000E-01 -7.300000000E-01 -7.300000000E-01 -7.300000000E-01
 -7.300000000E-01 -7.300000000E-01 -7.300000000E-01 -7.300000000E-01 -7.300000000E-01
 -7.300000000E-01 -7.300000000E-01 -7.300000000E-01 -7.300000000E-01 -7.300000000E-01
 -7.300000000E-01 -7.300000000E-01 -7.300000000E-01 -7.300000000E-01 -7.300000000E-01
 -7.300000000E-01 -7.300000000E-01 -7.300000000E-01 -7.300000000E-01 -7.300000000E-01
 -7.300000000E-01 -7.300000000E-01 -7.300000000E-01 -7.300000000E-01 -7.300000000E-01
 -7.300000000E-01 -7.300000000E-01 -7.300000000E-01 -7.300000000E-01 -7.300000000E-01
 -7.300000000E-01 -7.300000000E-01 -7.300000000E-01 -7.300000000E-01 -7.300000000E-01
 -7.300000000E-01 -7.300000000E-01 -7.300000000E-01 -7.300000000E-01 -7.300000000E-01
 -7.300000000E-01 -7.300000000E-01 -7.300000000E-01 -7.300000000E-01 -7.300000000E-01
 -7.300000000E-01 -7.300000000E-01 -7.300000000E-01 -7.300000000E-01 -7.300000000E-01
 -7.300000000E-01 -7.300000000E-01 -7.300000000E-01 -7.300000000E-01 -7.300000000E-01
 -7.300000000E-01 -7.300000000E-01 -7.300000000E-01 -7.300000000E-01 -7.300000000E-01
 -7.300000000E-01 -7.300000000E-01 -7.300000000E-01 -7.300000000E-01 -7.300000000E-01
 -7.300000000E-01 -7.300000000E-01 -7.300000000E-01 -7.300000000E-01 -7.300000000E-01
 -7.300000000E-01 -7.300000000E-01 -7.300000000E-01 -7.300000000E-01
 -6.138015518E-02 -6.017474449E-02 -5.694113257E-02 -5.759312636E-02 -5.900907405E-02
 -5.416446011E-02 -5.496483897E-02 -6.673372542E-02 -6.750856652E-02 -6.386347125E-02
 -6.292752366E-02 -6.493583115E-02 -6.992175068E-02 -5.279675528E-02 -5.171758496E-02
 -4.888178927E-02 -5.020835258E-02 -4.741772875E-02 -4.579858484E-02 -4.485357399E-02
 -4.087030348E-02 -3.389221293E-02 -3.474363277E-02 -4.118582447E-02 -4.044159856E-02
 -3.832848959E-02 -3.743820407E-02 -4.328021048E-02 -3.214782394E-02 -3.131436915E-02
 -2.916276801E-02 -2.947672367E-02 -2.341400597E-02 -2.609105212E-02 -2.488878627E-02
 -2.651149795E-02 -2.258010080E-02 -2.133271293E-02 -1.930351274E-02 -1.924588415E-02
 -1.917679450E-02 -1.603996778E-02 -1.108912921E-02 2.462985170E-02 2.219628433E-02
 2.503937324E-02 2.547038657E-02 4.187303036E-02 3.121587393E-02 2.796240475E-02
 3.689495414E-02 3.681646868E-02 3.242646035E-02 4.157553142E-02 3.697605020E-02
 4.439101668E-02 4.522352310E-02 4.506868501E-02 4.785995326E-02 5.016904801E-02
 5.163098785E-02 5.609214516E-02 5.893910196E-02 5.758817007E-02 5.442821699E-02
 5.508736596E-02 5.479777896E-02 6.160619823E-02 6.174025739E-02 5.961592556E-02
 6.665591856E-02 6.508157993E-02 7.008658470E-02 7.023960528E-02 7.089107654E-02
 7.099513525E-02 6.826256711E-02 6.896239661E-02 6.783627819E-02 6.910636446E-02
 6.727205282E-02 6.453185796E-02 6.494125962E-02 6.488174752E-02 6.322886534E-02
 6.643326044E-02 6.643721249E-02 6.713681085E-02 6.643138858E-02 6.643222063E-02
 6.632065041E-02 6.571210218E-02 6.756526650E-02 6.942070791E-02 6.867505631E-02
 6.842234428E-02 6.914574719E-02 6.799049485E-02 6.953120029E-02 7.002785490E-02
 7.008581267E-02 7.044868639E-02 7.059514210E-02 7.080770458E-02 7.134231159E-02
 7.106431600E-02 7.150973289E-02 7.189407088E-02 7.190277527E-02 7.190890821E-02
 7.200061841E-02 7.205467073E-02 7.180325235E-02 7.215543447E-02 7.217379207E-02
 7.213126369E-02 7.205899648E-02 7.158123023E-02 7.132958917E-02 7.217024187E-02
 7.170427656E-02 3.323071094E-02 -2.061346905E-02 -1.302361330E-01 -1.302238572E-01
 -1.302300565E-01 -1.302079182E-01 -1.301897426E-01 -1.301110337E-01 -1.300675860E-01
 -1.297124144E-01 -1.404907517E-03 -6.075772079E-03 2.656021517E-03 1.523720220E-02
 1.393849118E-02 1.829975634E-02 8.918777420E-03 2.988759325E-05 7.979827172E-03
 2.015942532E-02 8.665144430E-03 -1.203436089E-02 -1.301756758E-01 -1.299296015E-01
 -1.301859512E-01 -1.302252172E-01 -1.302267260E-01 -1.302272968E-01 -1.285367549E-01
 -1.924100586E-02 -2.432364984E-02 -5.205911277E-02 -4.155194452E-02 -3.504011633E-02
 -5.103848255E-02 -1.436277349E-02 -3.401031800E-02 -2.708976776E-02 -3.449391683E-02
 -2.614053866E-02 -6.336626501E-02 -4.570049922E-02 -4.634834949E-02 -4.586978687E-02
 -5.439820198E-02 -6.191230095E-02 -5.807148859E-02 -6.755817874E-02 -6.808461345E-02
 -6.835951038E-02 3.640815537E-02 4.232134349E-02 4.051649798E-02 4.244311601E-02
 4.341204442E-02 4.439409208E-02 4.449995941E-02 4.032359839E-02 3.996743094E-02
 4.596194797E-02 4.700494566E-02 4.667774456E-02 3.641646490E-02 3.862535309E-02
 3.640676218E-02 3.637006906E-02 3.385166112E-02 3.056561399E-02 4.772300173E-02
 4.839658930E-02 5.037377968E-02 5.041412999E-02 4.931100864E-02 4.864585336E-02
 5.120635312E-02 5.167673861E-02 5.230954019E-02 5.277907024E-02 5.330663104E-02
 5.520305116E-02 5.489758362E-02 5.559562048E-02 5.424348980E-02 5.366382649E-02
 5.707403475E-02 2.997926739E-02 1.929034149E-02 2.622587870E-02 2.967342603E-02
 2.445709514E-02 1.551195753E-02 1.878113367E-02 1.463819969E-02 1.254342013E-02
 1.186506623E-02 2.250215711E-02 2.061730414E-02 -5.363482423E-04 -6.702317952E-04
 -2.733479835E-03 -4.606496239E-04 -5.616822878E-03 7.122734155E-03 8.979514072E-03
 4.783671026E-03 4.129016072E-03 1.743299412E-03 3.718410672E-03 1.009242173E-02
 -5.774210758E-03 -1.144096086E-02 -1.330023086E-02 -1.499539443E-02 -1.081766566E-02
 -8.962497989E-03 -5.903360204E-03 -1.295833732E-01 5.590568095E-02 5.825506809E-02
 5.596443650E-02 5.681099405E-02 5.816882687E-02 6.125921432E-02 6.093489716E-02
 6.000926815E-02 6.024602536E-02 5.731912052E-02 5.714518305E-02 5.863070936E-02
 5.920006913E-02 6.217386969E-02 6.407491677E-02 6.348746295E-02 6.312734263E-02
 6.230844103E-02 6.496579551E-02 6.568809696E-02 6.445154352E-02 -9.032544482E-02
 -8.728446725E-02 -8.626909633E-02 -8.214702843E-02 -8.559651586E-02 -7.624236761E-02
 -7.448842555E-02 -8.074553325E-02 -9.229970743E-02 -9.443591388E-02 -7.243017245E-02
 -7.877735635E-02 -1.020354204E-01 -1.051622648E-01 -9.834244792E-02 -1.091749478E-01
 -1.105450561E-01 -1.112656681E-01 -9.773298093E-02 -1.188289355E-01 -1.213012551E-01
 -1.248122853E-01 -1.262325141E-01 -1.289286839E-01 -1.280021576E-01 -1.180709866E-01
 -1.160362577E-01 -1.179817111E-01 -1.018137419E-01 -1.008633680E-01 -1.030674759E-01
 -1.057400042E-01 -1.055886604E-01 -1.075424245E-01 -1.077513008E-01 -1.091049296E-01
 -1.098181468E-01 -9.695846051E-02 -9.816667422E-02 -9.921731680E-02 -9.416133357E-02
 -9.219485397E-02 -9.209365019E-02 -1.157234337E-01 -1.141534438E-01 -1.187156868E-01
 -1.204196940E-01 -1.197092151E-01 -1.139112864E-01 -1.115464460E-01 -1.117254227E-01
 -1.137602546E-01 -1.218646413E-01 -1.229911187E-01 -1.237804920E-01 -8.902692318E-02
 -8.676210095E-02 -8.959996173E-02 -9.192128771E-02 -9.458643793E-02 -7.993418429E-02
 -7.953841233E-02 -8.167334109E-02 -9.608670858E-02 -7.678176115E-02 -7.739406603E-02
 -7.513965067E-02 -7.330422715E-02 -6.997622152E-02 -7.219455428E-02 -8.627145441E-02
 -8.374229482E-02 -8.199474990E-02 -8.409152477E-02 -1.298844529E-01 -1.297935466E-01
 -1.288688603E-01 -1.278814889E-01 -1.293152893E-01 -1.275170965E-01 -1.266694210E-01
 -1.260645854E-01 -1.254566417E-01 -1.264738626E-01 -1.247136924E-01
 2.005051168E-01 2.178836669E-01 2.233746611E-01 2.193380659E-01 2.247603190E-01
 2.295616812E-01 2.223100736E-01 1.908416898E-01 1.908296004E-01 1.953478878E-01
 1.988826095E-01 1.937062132E-01 1.791198474E-01 2.369693702E-01 2.373998675E-01
 2.404741383E-01 2.443366597E-01 2.422147115E-01 2.517991629E-01 2.560710437E-01
 2.810930058E-01 2.980078446E-01 2.908540066E-01 2.798377938E-01 2.837152263E-01
 2.901012015E-01 2.903085970E-01 2.633278791E-01 3.211467412E-01 3.173254438E-01
 3.104846497E-01 3.056037256E-01 3.435175008E-01 3.391204772E-01 3.434527822E-01
 3.387879681E-01 3.527394737E-01 3.605750965E-01 3.749762308E-01 3.751560690E-01
 3.757266699E-01 3.888747604E-01 3.970321114E-01 -6.720875505E-02 -6.860652653E-02
 -6.828442738E-02 -6.771097702E-02 -6.343863931E-02 -6.468989790E-02 -6.613833373E-02
 -6.590043716E-02 -6.542003193E-02 -6.639488199E-02 -6.264745160E-02 -6.590908413E-02
 -7.226177560E-02 -7.560278022E-02 -7.523140301E-02 -8.712942820E-02 -9.823638538E-02
 -1.010286614E-01 -1.082385853E-01 -1.253473724E-01 -1.207792321E-01 -9.965694836E-02
 -1.005444501E-01 -1.002673221E-01 -1.211823251E-01 -1.215940031E-01 -1.273968197E-01
 -1.650277296E-01 -1.426439090E-01 -2.056760683E-01 -2.091852325E-01 -2.049664724E-01
 -2.039391579E-01 -1.768747431E-01 -1.815475809E-01 -1.779941750E-01 -1.845816722E-01
 -1.745449167E-01 -1.397029636E-01 -1.408055841E-01 -1.405078635E-01 -1.401946998E-01
 -5.085867032E-01 -5.084521651E-01 -4.619017317E-01 -5.086089367E-01 -5.085730342E-01
 -5.095350627E-01 -5.135191655E-01 -4.415373566E-01 -4.160226751E-01 -4.750279606E-01
 -4.442549092E-01 -4.472196192E-01 -4.237489830E-01 -4.162326335E-01 -3.800723706E-01
 -3.779250848E-01 -3.917215907E-01 -3.695551496E-01 -3.427261623E-01 -3.248114403E-01
 -3.488996464E-01 -3.095961979E-01 -2.959082218E-01 -2.947319534E-01 -2.947130387E-01
 -2.477188978E-01 -2.552758201E-01 -2.266861622E-01 -2.895931229E-01 -2.593590256E-01
 -2.935148236E-01 -3.024623322E-01 -2.258052336E-01 -2.232259324E-01 -2.585930710E-01
 -2.229654302E-01 9.861858852E-01 -2.329782869E-01 1.336645957E-01 9.659762023E-02
 1.699924153E-01 4.498974219E-02 5.944645114E-02 1.192642070E-01 1.304722258E-01
 1.328228516E-01 -1.290106675E-01 -1.471065115E-01 -1.062044108E-01 -7.931297794E-02
 -8.017650228E-02 -7.841851570E-02 -9.764030870E-02 -1.224303940E-01 -1.010031303E-01
 -7.436075703E-02 -9.801216368E-02 -1.804154044E-01 1.938429714E-01 2.305880714E-01
 1.926450964E-01 1.935725269E-01 1.924828641E-01 1.951803714E-01 1.914260608E-01
 -2.296053442E-01 -2.713233266E-01 -4.949105834E-01 -3.864577401E-01 -3.526514722E-01
 -4.891169501E-01 -1.902636990E-01 -3.452652759E-01 -2.856799488E-01 -3.479931454E-01
 -2.794893161E-01 -5.802221580E-01 -4.581502622E-01 -4.648925875E-01 -4.592561709E-01
 -5.194738765E-01 -5.807038159E-01 -5.402208980E-01 -6.225743529E-01 -6.201345794E-01
 -6.235914249E-01 8.813646993E-01 6.212060886E-01 5.792398254E-01 5.892663351E-01
 3.902845740E-01 2.531688479E-01 2.515599214E-01 5.789032544E-01 6.325484177E-01
 1.752887121E-01 4.095140002E-02 1.093527836E-01 8.811778070E-01 8.560526402E-01
 8.814364852E-01 8.831652384E-01 9.982558828E-01 1.001708361E+00 4.963326849E-02
 -2.012560263E-01 -3.360627398E-01 -3.363917533E-01 -2.293750113E-01 -2.409460536E-01
 -4.945278003E-01 -4.708688000E-01 -3.778965335E-01 -4.382932651E-01 -4.863700993E-01
 -5.596469984E-01 -5.484976328E-01 -5.847355619E-01 -5.442851753E-01 -5.259019902E-01
 -6.577876064E-01 9.996733588E-01 7.741110273E-01 9.316400091E-01 9.968704933E-01
 8.929814536E-01 7.272454518E-01 7.616730522E-01 7.127023717E-01 7.103162738E-01
 6.908374537E-01 8.459410618E-01 8.041471705E-01 5.125928634E-01 5.121069125E-01
 4.974410095E-01 5.138549965E-01 4.835591793E-01 6.016301411E-01 6.333334934E-01
 5.605596420E-01 5.500823788E-01 5.305537039E-01 5.452859367E-01 6.282121821E-01
 4.806370500E-01 3.974648969E-01 3.993003043E-01 3.954564500E-01 4.026757888E-01
 4.329835501E-01 4.802939382E-01 1.313501368E-01 -5.973103698E-01 -6.575736593E-01
 -5.909803331E-01 -6.539134586E-01 -6.689104370E-01 -6.369376701E-01 -6.023685763E-01
 -5.809972604E-01 -5.812281365E-01 -6.698921943E-01 -6.589502864E-01 -6.405536944E-01
 -5.786121282E-01 -5.901048274E-01 -5.339017645E-01 -5.435840001E-01 -5.395113410E-01
 -5.791936045E-01 -4.844514349E-01 -5.122736430E-01 -5.178648303E-01 -5.899813165E-01
 -6.218180103E-01 -6.138733368E-01 -6.092690076E-01 -6.214374265E-01 -6.375436102E-01
 -6.444474795E-01 -6.164923343E-01 -5.795420604E-01 -5.581263154E-01 -6.175517775E-01
 -6.150589966E-01 -4.546266696E-01 -4.240884159E-01 -5.270808773E-01 -3.809228521E-01
 -3.538863592E-01 -3.455613775E-01 -5.363088685E-01 -1.953045676E-01 -1.394313612E-01
 -5.216014907E-02 -1.764641751E-03 8.257094138E-02 6.280833670E-02 1.043392069E-01
 1.053914331E-01 1.045802740E-01 1.105039198E-01 1.128483072E-01 1.040232429E-01
 1.013534576E-01 1.020858685E-01 1.057228187E-01 1.059417524E-01 8.981763524E-02
 8.648610281E-02 1.267398261E-01 1.183128187E-01 1.129297744E-01 1.257891004E-01
 1.390451593E-01 1.392874729E-01 1.044888575E-01 9.715467634E-02 1.024108411E-01
 9.445189988E-02 8.985496985E-02 9.464444372E-02 9.150424906E-02 9.041487054E-02
 9.511937352E-02 9.872594612E-02 1.043452301E-01 1.086569397E-01 1.352480769E-01
 1.384009722E-01 1.365811648E-01 1.398585215E-01 1.267392539E-01 1.629562570E-01
 1.660112401E-01 1.588575240E-01 1.220794727E-01 1.634972202E-01 1.649519748E-01
 1.698742851E-01 1.681120960E-01 1.790363470E-01 1.716382725E-01 1.399191600E-01
 1.512374746E-01 1.590881139E-01 1.489844673E-01 2.291215873E-01 2.302001266E-01
 2.140021669E-01 1.754044193E-01 2.286721609E-01 1.651839808E-01 1.523377206E-01
 1.473510215E-01 1.336484985E-01 1.491678269E-01 1.162657409E-01
 33 37
 37 38
 38 39
 39 40
 40 41
 41 42
 42 234
 234 233
 233 232
 232 43
 43 235
 235 236
 236 237
 237 231
 231 223
 223 221
 221 220
 220 219
 219 222
 222 228
 228 229
 229 227
 227 226
 226 224
 224 225
 225 230
 230 216
 216 215
 215 214
 214 212
 212 213
 213 208
 208 218
 218 217
 217 211
 211 209
 209 210
 210 207
 207 189
 189 122
 122 188
 188 187
 187 186
 186 172
 172 184
 184 185
 185 180
 180 179
 179 174
 174 173
 173 175
 175 176
 176 177
 177 178
 178 181
 181 183
 183 182
 182 190
 190 191
 191 195
 195 194
 194 192
 192 193
 193 196
 196 197
 197 198
 198 199
 199 200
 200 205
 205 204
 204 202
 202 201
 201 203
 203 239
 239 241
 241 242
 242 206
 206 249
 249 248
 248 243
 243 240
 240 250
 250 251
 251 246
 246 247
 247 245
 245 244
 244 252
 252 256
 256 255
 255 254
 254 253
 253 259
 259 257
 257 258
 258 92
 92 91
 91 89
 89 90
 90 86
 86 87
 87 88
 88 93
 93 98
 98 96
 96 95
 95 97
 97 94
 94 99
 99 100
 100 101
 101 102
 102 103
 103 104
 104 106
 106 105
 105 107
 107 108
 108 109
 109 110
 110 117
 117 116
 116 114
 114 115
 115 120
 120 112
 112 111
 111 113
 113 121
 121 118
 118 119
 119 76
 76 75
 75 74
 74 73
 73 80
 80 78
 78 77
 77 79
 79 81
 81 71
 71 72
 72 83
 83 84
 84 82
 82 85
 85 69
 69 68
 68 70
 70 63
 63 64
 64 62
 62 66
 66 67
 67 65
 65 61
 61 60
 60 59
 59 57
 57 58
 58 56
 56 48
 48 54
 54 55
 55 51
 51 52
 52 53
 53 49
 49 50
 50 47
 47 46
 46 44
 44 45
 45 141
 141 137
 137 135
 135 136
 136 138
 138 142
 142 140
 140 134
 134 139
 139 132
 132 133
 133 143
 143 157
 157 151
 151 123
 123 152
 152 161
 161 159
 159 158
 158 160
 160 155
 155 154
 154 163
 163 165
 165 164
 164 156
 156 153
 153 166
 166 168
 168 167
 167 162
 162 169
 169 170
 170 171
 171 270
 270 266
 266 265
 265 271
 271 267
 267 263
 263 264
 264 262
 262 261
 261 260
 260 268
 268 269
 269 278
 278 274
 274 272
 272 273
 273 275
 275 276
 276 277
 277 279
 279 280
 280 281
 281 282
 282 284
 284 283
 283 238
 238 131
 131 130
 130 129
 129 128
 128 127
 127 125
 125 124
 124 126
 126 149
 149 148
 148 147
 147 146
 146 144
 144 145
 145 334
 334 335
 335 338
 338 336
 336 150
 150 337
 337 339
 339 340
 340 343
 343 341
 341 342
 342 344
 344 314
 314 313
 313 312
 312 306
 306 307
 307 305
 305 285
 285 287
 287 286
 286 303
 303 304
 304 308
 308 311
 311 310
 310 309
 309 296
 296 295
 295 294
 294 293
 293 291
 291 292
 292 290
 290 288
 288 289
 289 299
 299 298
 298 297
 297 323
 323 319
 319 300
 300 301
 301 302
 302 318
 318 317
 317 315
 315 316
 316 330
 330 333
 333 331
 331 332
 332 322
 322 320
 320 321
 321 325
 325 324
 324 326
 326 327
 327 329
 329 328
 328 13
 13 9
 9 8
 8 12
 12 10
 10 11
 11 1
 1 2
 2 5
 5 4
 4 3
 3 7
 7 6
 6 14
 14 15
 15 17
 17 16
 16 18
 18 19
 19 20
 20 28
 28 24
 24 21
 21 25
 25 26
 26 27
 27 23
 23 22
 22 29
 29 30
 30 32
 32 31
 31 36
 36 34
 34 35
 35 33
