TITLE     = "Translation of CGNS file naca0012Flow00000315.cgns"
VARIABLES = "x"
"y"
"z"
"Cp"
DATASETAUXDATA Common.DensityVar="4"
DATASETAUXDATA Common.PressureVar="10"
DATASETAUXDATA Common.TemperatureVar="9"
DATASETAUXDATA Common.UVar="5"
DATASETAUXDATA Common.VectorVarsAreVelocity="TRUE"
DATASETAUXDATA Common.VVar="6"
DATASETAUXDATA Common.WVar="7"
ZONE T="COFFE, MIT adapt Y=-0.001"
 STRANDID=6, SOLUTIONTIME=315
 Nodes=334, Elements=334, ZONETYPE=FELineSeg
 DATAPACKING=POINT
 AUXDATA CGNS.CGNSBase_t="Base"
 AUXDATA CGNS.Zone_t="Zone"
 DT=(DOUBLE DOUBLE DOUBLE DOUBLE )
 7.272104109E-01 -1.000000000E-03 -1.298778420E-01 4.107150681E-01
 7.270089693E-01 -1.000000000E-03 -1.298714750E-01 4.105436584E-01
 7.313441798E-01 -1.000000000E-03 -1.300092328E-01 4.115612275E-01
 7.350035974E-01 -1.000000000E-03 -1.301242360E-01 4.119836681E-01
 7.350702088E-01 -1.000000000E-03 -1.301262472E-01 4.119583850E-01
 7.366010873E-01 -1.000000000E-03 -1.301739738E-01 4.120742290E-01
 7.366207722E-01 -1.000000000E-03 -1.301745819E-01 4.121472308E-01
 7.382487801E-01 -1.000000000E-03 -1.302250908E-01 4.088223589E-01
 7.376234919E-01 -1.000000000E-03 -1.302057149E-01 4.020641441E-01
 7.382583706E-01 -1.000000000E-03 -1.302253788E-01 4.086959988E-01
 7.382608898E-01 -1.000000000E-03 -1.302254548E-01 4.086943885E-01
 7.384772088E-01 -1.000000000E-03 -1.302321528E-01 4.078070105E-01
 7.384781632E-01 -1.000000000E-03 -1.302321819E-01 4.078327538E-01
 7.385764031E-01 -1.000000000E-03 -1.302352230E-01 4.074709426E-01
 7.385767694E-01 -1.000000000E-03 -1.302352340E-01 4.074252814E-01
 7.385987223E-01 -1.000000000E-03 -1.302359135E-01 4.106696960E-01
 7.386058150E-01 -1.000000000E-03 -1.302361330E-01 4.150915621E-01
 7.385988054E-01 -1.000000000E-03 -1.302359161E-01 4.106768550E-01
 7.386057868E-01 -1.000000000E-03 -1.302361321E-01 4.151763397E-01
 7.386057990E-01 -1.000000000E-03 -1.302361277E-01 4.151647190E-01
 7.386026210E-01 -1.000000000E-03 -1.302350813E-01 4.144165437E-01
 7.385985491E-01 -1.000000000E-03 -1.302337407E-01 4.137622546E-01
 7.385824870E-01 -1.000000000E-03 -1.302284521E-01 4.157550580E-01
 7.385985118E-01 -1.000000000E-03 -1.302337283E-01 4.137548931E-01
 7.385825489E-01 -1.000000000E-03 -1.302284725E-01 4.157918759E-01
 7.385820228E-01 -1.000000000E-03 -1.302282988E-01 4.157856995E-01
 7.382892438E-01 -1.000000000E-03 -1.301319031E-01 4.144553913E-01
 7.382828667E-01 -1.000000000E-03 -1.301297971E-01 4.144078485E-01
 4.875681510E-01 -1.000000000E-03 -1.175929387E-01 3.569027794E-01
 4.872653168E-01 -1.000000000E-03 -1.175719830E-01 3.568383746E-01
 4.649926284E-01 -1.000000000E-03 -1.160053922E-01 3.540711858E-01
 4.878590891E-01 -1.000000000E-03 -1.176123984E-01 3.569037210E-01
 4.339091259E-01 -1.000000000E-03 -1.137005387E-01 3.529297196E-01
 4.513249557E-01 -1.000000000E-03 -1.150100635E-01 3.539462334E-01
 4.514775344E-01 -1.000000000E-03 -1.150213224E-01 3.539528694E-01
 4.647703757E-01 -1.000000000E-03 -1.159894868E-01 3.540897946E-01
 4.337184451E-01 -1.000000000E-03 -1.136859133E-01 3.529183290E-01
 4.191664583E-01 -1.000000000E-03 -1.125585078E-01 3.532754662E-01
 4.189290469E-01 -1.000000000E-03 -1.125395900E-01 3.532814599E-01
 3.971450707E-01 -1.000000000E-03 -1.107894943E-01 3.540062729E-01
 3.698970118E-01 -1.000000000E-03 -1.084997818E-01 3.494911515E-01
 3.696793664E-01 -1.000000000E-03 -1.084811275E-01 3.494418210E-01
 3.968821848E-01 -1.000000000E-03 -1.107677976E-01 3.539965919E-01
 3.517507098E-01 -1.000000000E-03 -1.069077033E-01 3.525330925E-01
 3.515429803E-01 -1.000000000E-03 -1.068891085E-01 3.525664967E-01
 3.370516402E-01 -1.000000000E-03 -1.055787017E-01 3.511308222E-01
 3.169686344E-01 -1.000000000E-03 -1.037007963E-01 3.487424601E-01
 3.167671291E-01 -1.000000000E-03 -1.036819904E-01 3.487423341E-01
 3.018711646E-01 -1.000000000E-03 -1.022421648E-01 3.522306918E-01
 3.017478629E-01 -1.000000000E-03 -1.022302713E-01 3.522332245E-01
 3.016209621E-01 -1.000000000E-03 -1.022177479E-01 3.522486380E-01
 2.844687674E-01 -1.000000000E-03 -1.005077206E-01 3.514486569E-01
 2.843206555E-01 -1.000000000E-03 -1.004926166E-01 3.514256168E-01
 2.724542124E-01 -1.000000000E-03 -9.927584975E-02 3.537937057E-01
 2.484841829E-01 -1.000000000E-03 -9.672990895E-02 3.603477073E-01
 2.480876808E-01 -1.000000000E-03 -9.668690670E-02 3.603561073E-01
 2.722542646E-01 -1.000000000E-03 -9.925490977E-02 3.539022313E-01
 2.349117705E-01 -1.000000000E-03 -9.523200130E-02 3.594277316E-01
 2.347448890E-01 -1.000000000E-03 -9.521320976E-02 3.594608509E-01
 2.225119289E-01 -1.000000000E-03 -9.382756314E-02 3.612697993E-01
 2.226417761E-01 -1.000000000E-03 -9.384253942E-02 3.612481871E-01
 1.709169078E-01 -1.000000000E-03 -8.758114362E-02 3.732631397E-01
 1.707255553E-01 -1.000000000E-03 -8.755677433E-02 3.733032264E-01
 1.348641549E-01 -1.000000000E-03 -8.277414092E-02 3.784731031E-01
 1.346540741E-01 -1.000000000E-03 -8.274516801E-02 3.785176018E-01
 1.347524826E-01 -1.000000000E-03 -8.275894967E-02 3.784769428E-01
 2.107138433E-01 -1.000000000E-03 -9.245832043E-02 3.641991945E-01
 2.105944739E-01 -1.000000000E-03 -9.244422384E-02 3.642272669E-01
 1.861049092E-01 -1.000000000E-03 -8.949274161E-02 3.669074530E-01
 1.859191654E-01 -1.000000000E-03 -8.946978880E-02 3.669117298E-01
 1.530609159E-01 -1.000000000E-03 -8.524867252E-02 3.756698642E-01
 1.532017146E-01 -1.000000000E-03 -8.526721229E-02 3.756399049E-01
 1.978210020E-01 -1.000000000E-03 -9.092334740E-02 3.679079369E-01
 1.979274604E-01 -1.000000000E-03 -9.093620516E-02 3.678751099E-01
 1.082348202E-01 -1.000000000E-03 -7.896340916E-02 3.922371575E-01
 1.084297020E-01 -1.000000000E-03 -7.899253902E-02 3.921733402E-01
 1.250781128E-01 -1.000000000E-03 -8.140378746E-02 3.847434649E-01
 1.249055585E-01 -1.000000000E-03 -8.137884883E-02 3.848129190E-01
 9.086206259E-02 -1.000000000E-03 -7.634660392E-02 3.969201428E-01
 9.063933490E-02 -1.000000000E-03 -7.631210938E-02 3.969784238E-01
 7.372541417E-02 -1.000000000E-03 -7.364946390E-02 4.058711377E-01
 7.383355466E-02 -1.000000000E-03 -7.366676123E-02 4.058059898E-01
 7.359177293E-02 -1.000000000E-03 -7.362759624E-02 4.059172769E-01
 -2.148568958E-01 -1.000000000E-03 6.540429759E-02 -1.183800921E+00
 -2.196314214E-01 -1.000000000E-03 6.405716373E-02 -1.229752325E+00
 -2.102394627E-01 -1.000000000E-03 6.646272672E-02 -1.133139760E+00
 -2.204465598E-01 -1.000000000E-03 6.381403110E-02 -1.241909950E+00
 -2.234742126E-01 -1.000000000E-03 6.280827680E-02 -1.299674701E+00
 -2.246755059E-01 -1.000000000E-03 6.236956745E-02 -1.309845189E+00
 -2.270481070E-01 -1.000000000E-03 6.146220695E-02 -1.346373135E+00
 -2.277833777E-01 -1.000000000E-03 6.114334923E-02 -1.354937229E+00
 -2.310038711E-01 -1.000000000E-03 5.969339596E-02 -1.366469450E+00
 -2.297053532E-01 -1.000000000E-03 6.031132250E-02 -1.382712046E+00
 -2.324647973E-01 -1.000000000E-03 5.893984757E-02 -1.408601718E+00
 -2.349980880E-01 -1.000000000E-03 5.752106781E-02 -1.480736984E+00
 -2.335358781E-01 -1.000000000E-03 5.837422574E-02 -1.464080207E+00
 -2.351770080E-01 -1.000000000E-03 5.741436798E-02 -1.473372021E+00
 -2.354203293E-01 -1.000000000E-03 5.725252781E-02 -1.482086428E+00
 -2.370213159E-01 -1.000000000E-03 5.619975877E-02 -1.468679441E+00
 -2.376926540E-01 -1.000000000E-03 5.570895108E-02 -1.501186364E+00
 -2.384540882E-01 -1.000000000E-03 5.513932879E-02 -1.422497819E+00
 -2.389877043E-01 -1.000000000E-03 5.470184739E-02 -1.406200742E+00
 -2.398043671E-01 -1.000000000E-03 5.401516530E-02 -1.488441518E+00
 -2.409936238E-01 -1.000000000E-03 5.289676395E-02 -1.512406502E+00
 -2.402711141E-01 -1.000000000E-03 5.358961247E-02 -1.528176416E+00
 -2.413988972E-01 -1.000000000E-03 5.247067466E-02 -1.455109509E+00
 -2.412136503E-01 -1.000000000E-03 5.267365832E-02 -1.474416356E+00
 -2.419474495E-01 -1.000000000E-03 5.188306362E-02 -1.337045879E+00
 -1.904330607E-01 -1.000000000E-03 6.971832232E-02 -9.533803052E-01
 -1.940319765E-01 -1.000000000E-03 6.931409585E-02 -9.790497376E-01
 -1.961767156E-01 -1.000000000E-03 6.902867504E-02 -9.970355528E-01
 -1.848931814E-01 -1.000000000E-03 7.037945217E-02 -9.112674875E-01
 -1.801129376E-01 -1.000000000E-03 7.077469340E-02 -8.885845344E-01
 -2.082897882E-01 -1.000000000E-03 6.692826412E-02 -1.103949019E+00
 -2.027539341E-01 -1.000000000E-03 6.798828397E-02 -1.076232930E+00
 -2.039801730E-01 -1.000000000E-03 6.775757409E-02 -1.084566607E+00
 -2.019714123E-01 -1.000000000E-03 6.811307324E-02 -1.066260874E+00
 7.373778111E-01 -1.000000000E-03 -1.298318525E-01 4.216344549E-01
 7.373531789E-01 -1.000000000E-03 -1.298237205E-01 4.215247686E-01
 7.372004200E-01 -1.000000000E-03 -1.297733705E-01 4.214918607E-01
 -1.024986418E-01 -1.000000000E-03 7.087645683E-02 -5.861877106E-01
 -1.110213215E-01 -1.000000000E-03 7.132483469E-02 -6.082652950E-01
 -1.519184840E-01 -1.000000000E-03 7.209610908E-02 -7.537609244E-01
 -1.441010773E-01 -1.000000000E-03 7.217910149E-02 -7.236402371E-01
 -1.362717547E-01 -1.000000000E-03 7.211828618E-02 -6.912364641E-01
 -1.167176725E-01 -1.000000000E-03 7.158676505E-02 -6.272918950E-01
 -1.323385292E-01 -1.000000000E-03 7.205544554E-02 -6.761361768E-01
 -1.558937158E-01 -1.000000000E-03 7.204424064E-02 -7.693687178E-01
 -1.652567592E-01 -1.000000000E-03 7.173837539E-02 -8.005193446E-01
 -9.620006668E-02 -1.000000000E-03 7.048495059E-02 -5.732762534E-01
 -7.814222870E-02 -1.000000000E-03 6.911906321E-02 -5.300154273E-01
 -1.665036631E-01 -1.000000000E-03 7.167430608E-02 -8.079682197E-01
 -1.757315275E-01 -1.000000000E-03 7.115034741E-02 -8.729848276E-01
 -7.586114990E-02 -1.000000000E-03 6.893467355E-02 -5.249333846E-01
 -5.920013635E-02 -1.000000000E-03 6.725000632E-02 -4.802213475E-01
 -7.451487067E-02 -1.000000000E-03 6.879436146E-02 -5.215417866E-01
 -4.513250710E-02 -1.000000000E-03 6.584029662E-02 -4.425151911E-01
 -4.322402408E-02 -1.000000000E-03 6.564171811E-02 -4.374091808E-01
 -4.116733242E-02 -1.000000000E-03 6.539423510E-02 -4.334522292E-01
 2.354963317E-02 -1.000000000E-03 5.644674170E-02 -3.156274460E-01
 6.557529936E-05 -1.000000000E-03 6.001494191E-02 -3.572907792E-01
 -2.300085783E-02 -1.000000000E-03 6.317201499E-02 -4.021308037E-01
 -6.650930613E-03 -1.000000000E-03 6.094646006E-02 -3.705497582E-01
 2.956202274E-02 -1.000000000E-03 5.549456241E-02 -3.029783695E-01
 4.657594757E-02 -1.000000000E-03 5.267523822E-02 -2.691420040E-01
 -2.456733175E-01 -1.000000000E-03 4.551656270E-02 -8.513525084E-01
 -2.453618346E-01 -1.000000000E-03 4.639896349E-02 -9.349793537E-01
 -2.441002676E-01 -1.000000000E-03 4.895509538E-02 -1.178208752E+00
 -2.443096796E-01 -1.000000000E-03 4.858569590E-02 -1.183811755E+00
 -2.429147473E-01 -1.000000000E-03 5.069799850E-02 -1.360488816E+00
 -2.434147525E-01 -1.000000000E-03 5.001689186E-02 -1.247286902E+00
 -2.420704435E-01 -1.000000000E-03 5.173496824E-02 -1.354455882E+00
 -2.427705680E-01 -1.000000000E-03 5.088993095E-02 -1.390897515E+00
 -2.435729833E-01 -1.000000000E-03 4.977851738E-02 -1.245027121E+00
 -2.448384805E-01 -1.000000000E-03 4.758565319E-02 -1.096803714E+00
 -2.452541835E-01 -1.000000000E-03 4.666321148E-02 -9.546924352E-01
 -2.447210106E-01 -1.000000000E-03 4.783196578E-02 -1.181433715E+00
 -2.459935734E-01 -1.000000000E-03 4.440020448E-02 -6.814388881E-01
 -2.457419693E-01 -1.000000000E-03 4.530519376E-02 -8.103522064E-01
 -2.459532728E-01 -1.000000000E-03 4.455468397E-02 -6.903039471E-01
 -2.462332925E-01 -1.000000000E-03 4.318312530E-02 -5.139658450E-01
 -2.462019380E-01 -1.000000000E-03 4.341204442E-02 -5.558211311E-01
 -2.463691323E-01 -1.000000000E-03 4.214301484E-02 -3.043016293E-01
 -2.463859009E-01 -1.000000000E-03 4.174705597E-02 -2.616116549E-01
 -2.463463221E-01 -1.000000000E-03 3.895584600E-02 6.458693688E-02
 -2.462271715E-01 -1.000000000E-03 3.810218650E-02 1.958974750E-01
 -2.464056606E-01 -1.000000000E-03 3.974832699E-02 -1.557077641E-02
 -2.464236416E-01 -1.000000000E-03 4.006686679E-02 -6.581015840E-02
 -2.464346639E-01 -1.000000000E-03 4.076973535E-02 -2.426317781E-01
 -2.460217721E-01 -1.000000000E-03 4.426267251E-02 -6.549414801E-01
 -2.461658378E-01 -1.000000000E-03 3.770950341E-02 2.496652887E-01
 7.201212560E-01 -1.000000000E-03 -1.241712081E-01 4.162602955E-01
 7.057395412E-01 -1.000000000E-03 -1.195007564E-01 4.068612229E-01
 7.317071964E-01 -1.000000000E-03 -1.279669286E-01 4.218330960E-01
 7.217780889E-01 -1.000000000E-03 -1.247115078E-01 4.172840388E-01
 7.311040753E-01 -1.000000000E-03 -1.277688297E-01 4.217026778E-01
 -2.393775048E-01 -1.000000000E-03 2.497408051E-02 1.003436550E+00
 -2.407026951E-01 -1.000000000E-03 2.657793094E-02 9.357105497E-01
 -2.392476738E-01 -1.000000000E-03 2.482119483E-02 1.006078174E+00
 -2.377560149E-01 -1.000000000E-03 2.318831112E-02 9.990197933E-01
 -2.376577555E-01 -1.000000000E-03 2.308235091E-02 1.000007975E+00
 -2.360621529E-01 -1.000000000E-03 2.148181834E-02 9.941569535E-01
 -2.359506305E-01 -1.000000000E-03 2.137180401E-02 9.939515659E-01
 -2.336130674E-01 -1.000000000E-03 1.922735330E-02 9.848722010E-01
 -2.294860633E-01 -1.000000000E-03 1.582108485E-02 9.808392845E-01
 -2.334707790E-01 -1.000000000E-03 1.909795862E-02 9.845216604E-01
 -2.295523928E-01 -1.000000000E-03 1.587752861E-02 9.813047013E-01
 -2.294074268E-01 -1.000000000E-03 1.576008285E-02 9.801434046E-01
 -2.246585256E-01 -1.000000000E-03 1.229409980E-02 9.380421489E-01
 6.999840466E-01 -1.000000000E-03 -1.176443090E-01 4.037494183E-01
 6.696778460E-01 -1.000000000E-03 -1.079946620E-01 3.893406625E-01
 6.558658967E-01 -1.000000000E-03 -1.036106511E-01 3.818591441E-01
 6.323435363E-01 -1.000000000E-03 -9.630368518E-02 3.641641028E-01
 6.024723698E-01 -1.000000000E-03 -8.710523463E-02 3.449365481E-01
 5.949233497E-01 -1.000000000E-03 -8.480286144E-02 3.401699870E-01
 5.748142933E-01 -1.000000000E-03 -7.877316296E-02 3.251008434E-01
 5.472865319E-01 -1.000000000E-03 -7.053296933E-02 3.046748567E-01
 4.889587755E-01 -1.000000000E-03 -5.359944941E-02 2.555264410E-01
 4.818039385E-01 -1.000000000E-03 -5.151121147E-02 2.495882685E-01
 4.465357297E-01 -1.000000000E-03 -4.156233198E-02 2.193319463E-01
 4.760432777E-01 -1.000000000E-03 -4.986498857E-02 2.446590767E-01
 4.360264329E-01 -1.000000000E-03 -3.860374799E-02 2.103022385E-01
 4.351629953E-01 -1.000000000E-03 -3.836466310E-02 2.094810223E-01
 4.048627994E-01 -1.000000000E-03 -3.002528405E-02 1.816458942E-01
 3.861034559E-01 -1.000000000E-03 -2.496970297E-02 1.645534835E-01
 3.973530231E-01 -1.000000000E-03 -2.797708061E-02 1.755978522E-01
 3.465051452E-01 -1.000000000E-03 -1.440127475E-02 1.248152818E-01
 2.986958387E-01 -1.000000000E-03 -2.111029493E-03 7.477550980E-02
 3.182520039E-01 -1.000000000E-03 -7.070781947E-03 9.553542982E-02
 3.432048699E-01 -1.000000000E-03 -1.354421024E-02 1.213468409E-01
 2.852922073E-01 -1.000000000E-03 1.272128598E-03 6.039336002E-02
 2.631784333E-01 -1.000000000E-03 6.742762937E-03 3.413762153E-02
 2.330166451E-01 -1.000000000E-03 1.400207105E-02 -9.145301128E-04
 2.282585201E-01 -1.000000000E-03 1.513776428E-02 -6.493904954E-03
 2.293242694E-01 -1.000000000E-03 1.488889231E-02 -5.122324837E-03
 2.032765718E-01 -1.000000000E-03 2.095211849E-02 -3.808510055E-02
 1.979887532E-01 -1.000000000E-03 2.214970687E-02 -4.436807998E-02
 1.463439250E-01 -1.000000000E-03 3.351141637E-02 -1.146931466E-01
 1.323368286E-01 -1.000000000E-03 3.643027363E-02 -1.353352673E-01
 1.496563738E-01 -1.000000000E-03 3.280500925E-02 -1.102928518E-01
 1.679839796E-01 -1.000000000E-03 2.885663706E-02 -8.484951004E-02
 1.668468556E-01 -1.000000000E-03 2.910555800E-02 -8.667039461E-02
 1.621838393E-01 -1.000000000E-03 3.010844597E-02 -9.288940506E-02
 1.200353278E-01 -1.000000000E-03 3.895144789E-02 -1.542966688E-01
 1.049905714E-01 -1.000000000E-03 4.193475521E-02 -1.775907466E-01
 8.879550777E-02 -1.000000000E-03 4.505406582E-02 -2.032040242E-01
 7.175431417E-02 -1.000000000E-03 4.823262580E-02 -2.322042656E-01
 9.862521003E-02 -1.000000000E-03 4.319149347E-02 -1.876140848E-01
 5.665655611E-02 -1.000000000E-03 5.093155337E-02 -2.563377730E-01
 -2.447694766E-01 -1.000000000E-03 3.320233243E-02 6.628366958E-01
 -2.452807259E-01 -1.000000000E-03 3.449293435E-02 5.891204413E-01
 -2.458154374E-01 -1.000000000E-03 3.617310449E-02 3.947191543E-01
 -2.453943074E-01 -1.000000000E-03 3.479686327E-02 5.810084799E-01
 -2.437218316E-01 -1.000000000E-03 3.108703240E-02 8.058098929E-01
 -2.438732048E-01 -1.000000000E-03 3.136411922E-02 7.923164992E-01
 -2.425937363E-01 -1.000000000E-03 2.923278625E-02 8.906257885E-01
 -2.423602406E-01 -1.000000000E-03 2.885882999E-02 9.164087217E-01
 -2.409218948E-01 -1.000000000E-03 2.687890512E-02 9.335423471E-01
 -2.459143046E-01 -1.000000000E-03 3.654952487E-02 3.541921098E-01
 -2.446262618E-01 -1.000000000E-03 3.288731442E-02 6.951824050E-01
 -2.165280622E-01 -1.000000000E-03 7.074023848E-03 8.565731808E-01
 -2.092773848E-01 -1.000000000E-03 2.943063306E-03 8.301470621E-01
 -1.350768448E-01 -1.000000000E-03 -2.706423183E-02 5.821303655E-01
 -1.348730917E-01 -1.000000000E-03 -2.712859874E-02 5.818870903E-01
 -1.599449341E-01 -1.000000000E-03 -1.859473019E-02 6.366555569E-01
 -1.662809592E-01 -1.000000000E-03 -1.624413214E-02 6.569310818E-01
 -1.661889062E-01 -1.000000000E-03 -1.627919898E-02 6.566702461E-01
 -1.660605531E-01 -1.000000000E-03 -1.632599561E-02 6.563512339E-01
 -1.511821640E-01 -1.000000000E-03 -2.170673739E-02 6.128977792E-01
 -1.435077737E-01 -1.000000000E-03 -2.431446434E-02 6.098292586E-01
 -1.512482760E-01 -1.000000000E-03 -2.168419070E-02 6.129853202E-01
 -1.213083390E-01 -1.000000000E-03 -3.132637187E-02 5.760075539E-01
 -1.212246665E-01 -1.000000000E-03 -3.135156221E-02 5.759587809E-01
 -1.770947938E-01 -1.000000000E-03 -1.201214846E-02 6.795936509E-01
 -1.722290570E-01 -1.000000000E-03 -1.395331810E-02 6.670171854E-01
 -1.770078050E-01 -1.000000000E-03 -1.204665986E-02 6.793379735E-01
 -1.513146296E-01 -1.000000000E-03 -2.166094170E-02 6.131758001E-01
 -1.434287883E-01 -1.000000000E-03 -2.434063096E-02 6.095004350E-01
 -2.245885103E-01 -1.000000000E-03 1.224437700E-02 9.380507486E-01
 -2.245218989E-01 -1.000000000E-03 1.220010050E-02 9.367925473E-01
 -2.214434545E-01 -1.000000000E-03 1.013881086E-02 9.003009401E-01
 -1.844553767E-01 -1.000000000E-03 -8.944284120E-03 6.997145165E-01
 -1.845261819E-01 -1.000000000E-03 -8.913734566E-03 7.001108016E-01
 -1.771674801E-01 -1.000000000E-03 -1.198213755E-02 6.797628115E-01
 -1.892391414E-01 -1.000000000E-03 -6.856060899E-03 7.385011483E-01
 -1.955814327E-01 -1.000000000E-03 -3.954928016E-03 7.533560613E-01
 -1.956825424E-01 -1.000000000E-03 -3.908966596E-03 7.536530942E-01
 -2.012808382E-01 -1.000000000E-03 -1.203335950E-03 7.815200628E-01
 -2.013690994E-01 -1.000000000E-03 -1.158356190E-03 7.819736265E-01
 -1.957457854E-01 -1.000000000E-03 -3.878571409E-03 7.540099048E-01
 -2.186897747E-01 -1.000000000E-03 8.390826867E-03 8.980379037E-01
 -2.186418972E-01 -1.000000000E-03 8.360601504E-03 8.983911443E-01
 -2.186134353E-01 -1.000000000E-03 8.343322245E-03 8.979707104E-01
 -2.165854165E-01 -1.000000000E-03 7.107450969E-03 8.568904871E-01
 -2.091767979E-01 -1.000000000E-03 2.887978909E-03 8.296353208E-01
 -9.500198140E-02 -1.000000000E-03 -3.879366620E-02 5.187481431E-01
 -9.514034900E-02 -1.000000000E-03 -3.875660515E-02 5.188488822E-01
 -8.301560665E-02 -1.000000000E-03 -4.194587946E-02 5.141687314E-01
 -8.344651864E-02 -1.000000000E-03 -4.183594724E-02 5.147662882E-01
 -8.325846130E-02 -1.000000000E-03 -4.188478178E-02 5.146188589E-01
 -6.512509482E-02 -1.000000000E-03 -4.640327510E-02 4.888162751E-01
 -6.536747758E-02 -1.000000000E-03 -4.634451853E-02 4.888474627E-01
 -5.245867156E-02 -1.000000000E-03 -4.939348718E-02 4.695220661E-01
 -5.232975619E-02 -1.000000000E-03 -4.942370292E-02 4.692174889E-01
 -1.048727103E-01 -1.000000000E-03 -3.608615236E-02 5.340561734E-01
 -1.050095684E-01 -1.000000000E-03 -3.604797651E-02 5.343304746E-01
 -1.049479647E-01 -1.000000000E-03 -3.606539399E-02 5.341853313E-01
 -1.144701145E-01 -1.000000000E-03 -3.334671493E-02 5.439817294E-01
 -1.145499765E-01 -1.000000000E-03 -3.332347555E-02 5.440611831E-01
 -3.811511401E-02 -1.000000000E-03 -5.263114849E-02 4.709153555E-01
 -3.790592738E-02 -1.000000000E-03 -5.267820171E-02 4.708918796E-01
 -3.799680139E-02 -1.000000000E-03 -5.265804556E-02 4.708851211E-01
 -3.777807027E-02 -1.000000000E-03 -5.270579414E-02 4.707044108E-01
 -2.967097231E-02 -1.000000000E-03 -5.447027472E-02 4.624685445E-01
 -1.572183389E-02 -1.000000000E-03 -5.740020700E-02 4.531655414E-01
 -4.960675247E-03 -1.000000000E-03 -5.957948663E-02 4.337552213E-01
 -4.655902909E-03 -1.000000000E-03 -5.964033588E-02 4.334233612E-01
 -1.548099059E-02 -1.000000000E-03 -5.745015909E-02 4.530190078E-01
 1.948987336E-02 -1.000000000E-03 -6.428026706E-02 4.311874195E-01
 9.820140774E-03 -1.000000000E-03 -6.246163928E-02 4.322497796E-01
 1.985691610E-02 -1.000000000E-03 -6.434797568E-02 4.309483432E-01
 1.964819925E-02 -1.000000000E-03 -6.431006225E-02 4.310602915E-01
 9.601109586E-03 -1.000000000E-03 -6.241926253E-02 4.322423197E-01
 3.181708467E-02 -1.000000000E-03 -6.653240255E-02 4.219098812E-01
 4.279239667E-02 -1.000000000E-03 -6.847195843E-02 4.088294243E-01
 5.085325041E-02 -1.000000000E-03 -6.986185891E-02 4.096077149E-01
 4.297114391E-02 -1.000000000E-03 -6.850313935E-02 4.087341271E-01
 6.005799574E-02 -1.000000000E-03 -7.141386967E-02 4.071740350E-01
 5.098720050E-02 -1.000000000E-03 -6.988441226E-02 4.095605107E-01
 6.671132770E-01 -1.000000000E-03 -1.276265138E-01 3.879327261E-01
 6.897619772E-01 -1.000000000E-03 -1.285483031E-01 3.955753904E-01
 6.900104966E-01 -1.000000000E-03 -1.285581205E-01 3.956978810E-01
 7.038270351E-01 -1.000000000E-03 -1.290757464E-01 4.015005511E-01
 6.901791751E-01 -1.000000000E-03 -1.285644405E-01 3.957749141E-01
 7.039501847E-01 -1.000000000E-03 -1.290801233E-01 4.015751543E-01
 6.451753578E-01 -1.000000000E-03 -1.266581625E-01 3.809456032E-01
 6.453626597E-01 -1.000000000E-03 -1.266668621E-01 3.809996392E-01
 6.456457124E-01 -1.000000000E-03 -1.266794023E-01 3.811047696E-01
 6.210620987E-01 -1.000000000E-03 -1.255050061E-01 3.770954708E-01
 7.042291840E-01 -1.000000000E-03 -1.290898818E-01 4.017204852E-01
 7.202705284E-01 -1.000000000E-03 -1.296502047E-01 4.134765909E-01
 7.199513537E-01 -1.000000000E-03 -1.296396846E-01 4.133970912E-01
 6.668676390E-01 -1.000000000E-03 -1.276162403E-01 3.878813293E-01
 6.208834806E-01 -1.000000000E-03 -1.254962406E-01 3.770521377E-01
 5.871346055E-01 -1.000000000E-03 -1.237362503E-01 3.674025043E-01
 6.037334593E-01 -1.000000000E-03 -1.246228425E-01 3.727867433E-01
 6.039440269E-01 -1.000000000E-03 -1.246337457E-01 3.728393560E-01
 5.868838484E-01 -1.000000000E-03 -1.237224697E-01 3.673808183E-01
 5.588858776E-01 -1.000000000E-03 -1.221360076E-01 3.644142294E-01
 5.379808888E-01 -1.000000000E-03 -1.208782269E-01 3.606175187E-01
 5.383194811E-01 -1.000000000E-03 -1.208989646E-01 3.606039557E-01
 5.586010825E-01 -1.000000000E-03 -1.221194032E-01 3.642993183E-01
 5.141108151E-01 -1.000000000E-03 -1.193676144E-01 3.581476029E-01
 5.136857528E-01 -1.000000000E-03 -1.193404093E-01 3.580596772E-01
 3 1
 1 2
 2 321
 321 322
 322 320
 320 315
 315 313
 313 314
 314 312
 312 311
 311 310
 310 323
 323 318
 318 317
 317 316
 316 319
 319 324
 324 327
 327 326
 326 325
 325 328
 328 329
 329 332
 332 331
 331 330
 330 333
 333 334
 334 32
 32 29
 29 30
 30 31
 31 36
 36 35
 35 34
 34 33
 33 37
 37 38
 38 39
 39 40
 40 43
 43 41
 41 42
 42 44
 44 45
 45 46
 46 47
 47 48
 48 49
 49 50
 50 51
 51 52
 52 53
 53 54
 54 57
 57 55
 55 56
 56 58
 58 59
 59 61
 61 60
 60 67
 67 68
 68 74
 74 73
 73 69
 69 70
 70 62
 62 63
 63 72
 72 71
 71 64
 64 66
 66 65
 65 77
 77 78
 78 76
 76 75
 75 79
 79 80
 80 82
 82 81
 81 83
 83 308
 308 309
 309 306
 306 307
 307 305
 305 304
 304 301
 301 302
 302 299
 299 300
 300 303
 303 297
 297 296
 296 298
 298 295
 295 294
 294 293
 293 291
 291 292
 292 290
 290 284
 284 283
 283 281
 281 282
 282 278
 278 280
 280 279
 279 276
 276 277
 277 285
 285 287
 287 286
 286 288
 288 289
 289 253
 253 252
 252 244
 244 243
 243 258
 258 250
 250 249
 249 251
 251 257
 257 245
 245 248
 248 247
 247 246
 246 255
 255 256
 256 254
 254 264
 264 262
 262 263
 263 265
 265 266
 266 267
 267 270
 270 268
 268 269
 269 275
 275 242
 242 241
 241 274
 274 273
 273 272
 272 271
 271 261
 261 260
 260 259
 259 189
 189 188
 188 185
 185 187
 187 186
 186 184
 184 183
 183 182
 182 181
 181 180
 180 179
 179 177
 177 178
 178 238
 238 237
 237 236
 236 234
 234 235
 235 240
 240 230
 230 231
 231 233
 233 232
 232 239
 239 171
 171 166
 166 165
 165 167
 167 168
 168 169
 169 164
 164 163
 163 161
 161 162
 162 170
 170 158
 158 160
 160 159
 159 146
 146 147
 147 156
 156 155
 155 157
 157 149
 149 148
 148 154
 154 151
 151 150
 150 153
 153 152
 152 108
 108 106
 106 107
 107 104
 104 105
 105 103
 103 102
 102 101
 101 100
 100 99
 99 98
 98 97
 97 95
 95 96
 96 94
 94 92
 92 93
 93 91
 91 90
 90 89
 89 88
 88 87
 87 85
 85 84
 84 86
 86 114
 114 116
 116 115
 115 117
 117 111
 111 110
 110 109
 109 112
 112 113
 113 133
 133 132
 132 129
 129 128
 128 123
 123 124
 124 125
 125 127
 127 126
 126 122
 122 121
 121 130
 130 131
 131 134
 134 136
 136 135
 135 137
 137 138
 138 139
 139 142
 142 143
 143 141
 141 140
 140 144
 144 145
 145 229
 229 227
 227 226
 226 228
 228 225
 225 224
 224 219
 219 218
 218 220
 220 223
 223 222
 222 221
 221 217
 217 216
 216 214
 214 215
 215 213
 213 212
 212 211
 211 208
 208 209
 209 210
 210 207
 207 205
 205 206
 206 204
 204 203
 203 202
 202 200
 200 201
 201 199
 199 198
 198 197
 197 196
 196 195
 195 194
 194 193
 193 192
 192 191
 191 190
 190 173
 173 172
 172 175
 175 176
 176 174
 174 120
 120 119
 119 118
 118 28
 28 27
 27 26
 26 23
 23 25
 25 24
 24 22
 22 21
 21 20
 20 17
 17 19
 19 18
 18 16
 16 15
 15 14
 14 13
 13 12
 12 11
 11 10
 10 8
 8 9
 9 7
 7 6
 6 5
 5 4
 4 3
ZONE T="COFFE, MIT adapt Y=-0.035"
 STRANDID=7, SOLUTIONTIME=315
 Nodes=375, Elements=375, ZONETYPE=FELineSeg
 DATAPACKING=POINT
 AUXDATA CGNS.CGNSBase_t="Base"
 AUXDATA CGNS.Zone_t="Zone"
 DT=(DOUBLE DOUBLE DOUBLE DOUBLE )
 7.338210043E-01 -3.500000000E-02 -1.300895249E-01 4.197936894E-01
 7.341203205E-01 -3.500000000E-02 -1.300987362E-01 4.202447646E-01
 7.335749526E-01 -3.500000000E-02 -1.300818499E-01 4.194141551E-01
 7.357401348E-01 -3.500000000E-02 -1.301476425E-01 4.196299449E-01
 7.366279895E-01 -3.500000000E-02 -1.301753222E-01 4.196971303E-01
 7.373196237E-01 -3.500000000E-02 -1.301966869E-01 4.222620591E-01
 7.378663455E-01 -3.500000000E-02 -1.302136489E-01 4.211454922E-01
 7.376563596E-01 -3.500000000E-02 -1.302071421E-01 4.188759314E-01
 7.382033074E-01 -3.500000000E-02 -1.302237686E-01 4.167057926E-01
 7.382918219E-01 -3.500000000E-02 -1.302264406E-01 4.166492166E-01
 7.384631854E-01 -3.500000000E-02 -1.302317465E-01 4.159462538E-01
 7.384967160E-01 -3.500000000E-02 -1.302327692E-01 4.168507523E-01
 7.385660678E-01 -3.500000000E-02 -1.302349161E-01 4.165953344E-01
 7.385789391E-01 -3.500000000E-02 -1.302353036E-01 4.149910121E-01
 7.385966044E-01 -3.500000000E-02 -1.302358504E-01 4.176017684E-01
 7.386058150E-01 -3.500000000E-02 -1.302361330E-01 4.182956797E-01
 7.385995258E-01 -3.500000000E-02 -1.302359390E-01 4.178533035E-01
 7.386048250E-01 -3.500000000E-02 -1.302361030E-01 4.212686227E-01
 7.386052527E-01 -3.500000000E-02 -1.302359474E-01 4.208611122E-01
 7.386027713E-01 -3.500000000E-02 -1.302351304E-01 4.202769396E-01
 7.385995920E-01 -3.500000000E-02 -1.302340836E-01 4.197660730E-01
 7.385832152E-01 -3.500000000E-02 -1.302286904E-01 4.198584979E-01
 7.385982813E-01 -3.500000000E-02 -1.302336511E-01 4.195074264E-01
 7.385853928E-01 -3.500000000E-02 -1.302294075E-01 4.211521070E-01
 7.385669063E-01 -3.500000000E-02 -1.302233039E-01 4.209350977E-01
 7.383581118E-01 -3.500000000E-02 -1.301545596E-01 4.199863924E-01
 7.381340497E-01 -3.500000000E-02 -1.300805634E-01 4.183159646E-01
 4.903298441E-01 -3.500000000E-02 -1.177815278E-01 3.560306999E-01
 4.796965880E-01 -3.500000000E-02 -1.170457191E-01 3.537692885E-01
 4.706858824E-01 -3.500000000E-02 -1.164119344E-01 3.526497863E-01
 5.005453980E-01 -3.500000000E-02 -1.184648026E-01 3.560637606E-01
 4.365790507E-01 -3.500000000E-02 -1.139030680E-01 3.522526806E-01
 4.490975699E-01 -3.500000000E-02 -1.148443560E-01 3.529833519E-01
 4.544544815E-01 -3.500000000E-02 -1.152396483E-01 3.532163361E-01
 4.628824995E-01 -3.500000000E-02 -1.158534906E-01 3.533031503E-01
 4.298847117E-01 -3.500000000E-02 -1.133896061E-01 3.518527839E-01
 4.196643780E-01 -3.500000000E-02 -1.125977926E-01 3.521036130E-01
 4.113297537E-01 -3.500000000E-02 -1.119336596E-01 3.523140308E-01
 4.002005489E-01 -3.500000000E-02 -1.110395541E-01 3.526843302E-01
 3.752093933E-01 -3.500000000E-02 -1.089531009E-01 3.497127373E-01
 3.675696558E-01 -3.500000000E-02 -1.082983021E-01 3.479811486E-01
 3.909721396E-01 -3.500000000E-02 -1.102779084E-01 3.523444829E-01
 3.546108458E-01 -3.500000000E-02 -1.071610332E-01 3.502155157E-01
 3.473195156E-01 -3.500000000E-02 -1.065083525E-01 3.513880073E-01
 3.374875038E-01 -3.500000000E-02 -1.056192742E-01 3.504139381E-01
 3.238616866E-01 -3.500000000E-02 -1.043451624E-01 3.487934941E-01
 3.167894697E-01 -3.500000000E-02 -1.036851330E-01 3.487890729E-01
 3.072871423E-01 -3.500000000E-02 -1.027666498E-01 3.510143411E-01
 3.029597984E-01 -3.500000000E-02 -1.023492381E-01 3.511032263E-01
 2.985061422E-01 -3.500000000E-02 -1.019097228E-01 3.516441740E-01
 2.860013408E-01 -3.500000000E-02 -1.006630280E-01 3.510609481E-01
 2.808035020E-01 -3.500000000E-02 -1.001329687E-01 3.502523800E-01
 2.725726015E-01 -3.500000000E-02 -9.928898481E-02 3.518949534E-01
 2.566598677E-01 -3.500000000E-02 -9.760915512E-02 3.581156608E-01
 2.427463275E-01 -3.500000000E-02 -9.610017562E-02 3.584104227E-01
 2.655558538E-01 -3.500000000E-02 -9.855414018E-02 3.557034325E-01
 2.363580409E-01 -3.500000000E-02 -9.539477065E-02 3.579603036E-01
 2.305001121E-01 -3.500000000E-02 -9.473514385E-02 3.591228668E-01
 2.192106607E-01 -3.500000000E-02 -9.344710551E-02 3.608755521E-01
 2.237667864E-01 -3.500000000E-02 -9.397259872E-02 3.601172157E-01
 1.753423403E-01 -3.500000000E-02 -8.814178398E-02 3.703050674E-01
 1.686289927E-01 -3.500000000E-02 -8.728681967E-02 3.717114553E-01
 1.391697101E-01 -3.500000000E-02 -8.336192227E-02 3.763072217E-01
 1.317999934E-01 -3.500000000E-02 -8.234554091E-02 3.778682533E-01
 1.352522025E-01 -3.500000000E-02 -8.282900717E-02 3.764419193E-01
 2.121991770E-01 -3.500000000E-02 -9.263337834E-02 3.626164622E-01
 2.080108297E-01 -3.500000000E-02 -9.213876717E-02 3.636014492E-01
 1.898155345E-01 -3.500000000E-02 -8.994871718E-02 3.667865814E-01
 1.832987060E-01 -3.500000000E-02 -8.914341667E-02 3.669366317E-01
 1.524586438E-01 -3.500000000E-02 -8.516905081E-02 3.742600412E-01
 1.573981528E-01 -3.500000000E-02 -8.581946413E-02 3.732090073E-01
 1.955225548E-01 -3.500000000E-02 -9.064557887E-02 3.672739267E-01
 1.992577683E-01 -3.500000000E-02 -9.109670779E-02 3.661221533E-01
 1.021574303E-01 -3.500000000E-02 -7.805524409E-02 3.914322759E-01
 1.089934958E-01 -3.500000000E-02 -7.907706133E-02 3.891936906E-01
 1.248948122E-01 -3.500000000E-02 -8.137827764E-02 3.823576943E-01
 1.188416923E-01 -3.500000000E-02 -8.050344229E-02 3.847941090E-01
 9.384064280E-02 -3.500000000E-02 -7.680251188E-02 3.936741418E-01
 8.602815630E-02 -3.500000000E-02 -7.559256740E-02 3.957184291E-01
 7.293490205E-02 -3.500000000E-02 -7.352194251E-02 4.028886178E-01
 7.672791454E-02 -3.500000000E-02 -7.412864386E-02 4.006035637E-01
 6.824745484E-02 -3.500000000E-02 -7.275493763E-02 4.045069415E-01
 -2.372831839E-01 -3.500000000E-02 5.601558972E-02 -1.836719392E+00
 -2.313987498E-01 -3.500000000E-02 5.950564877E-02 -1.694633742E+00
 -2.371946965E-01 -3.500000000E-02 5.607794600E-02 -1.832843933E+00
 -2.351414345E-01 -3.500000000E-02 5.743650859E-02 -1.761286210E+00
 -2.272938986E-01 -3.500000000E-02 6.136161573E-02 -1.533625751E+00
 -2.275549468E-01 -3.500000000E-02 6.125193461E-02 -1.543757972E+00
 -2.358823893E-01 -3.500000000E-02 5.696521484E-02 -1.836463168E+00
 -2.335942145E-01 -3.500000000E-02 5.834326659E-02 -1.696432997E+00
 -2.367487003E-01 -3.500000000E-02 5.638216788E-02 -1.847092943E+00
 -2.360930778E-01 -3.500000000E-02 5.683080515E-02 -1.848328342E+00
 -2.303815218E-01 -3.500000000E-02 5.999626527E-02 -1.647748125E+00
 -2.299849413E-01 -3.500000000E-02 6.018484261E-02 -1.627085859E+00
 -2.333358943E-01 -3.500000000E-02 5.848601274E-02 -1.694154655E+00
 -2.404978941E-01 -3.500000000E-02 5.338358089E-02 -1.803002307E+00
 -2.334805601E-01 -3.500000000E-02 5.840989006E-02 -1.691706849E+00
 -2.374742651E-01 -3.500000000E-02 5.587303613E-02 -1.823099097E+00
 -2.395352135E-01 -3.500000000E-02 5.425405400E-02 -1.794031822E+00
 -2.404514749E-01 -3.500000000E-02 5.342462963E-02 -1.806136402E+00
 -2.383144197E-01 -3.500000000E-02 5.524961885E-02 -1.756054342E+00
 -2.390957581E-01 -3.500000000E-02 5.461196894E-02 -1.776189344E+00
 -2.250069086E-01 -3.500000000E-02 6.225766398E-02 -1.556194411E+00
 -2.230329397E-01 -3.500000000E-02 6.296435548E-02 -1.484803619E+00
 -2.121566485E-01 -3.500000000E-02 6.606729302E-02 -1.303649756E+00
 -2.092985448E-01 -3.500000000E-02 6.671078812E-02 -1.247168742E+00
 -2.204328266E-01 -3.500000000E-02 6.382128454E-02 -1.411084113E+00
 -2.252057370E-01 -3.500000000E-02 6.218291343E-02 -1.560342590E+00
 -2.177216530E-01 -3.500000000E-02 6.463110549E-02 -1.396967631E+00
 -2.192924651E-01 -3.500000000E-02 6.416195886E-02 -1.412138878E+00
 -2.154644992E-01 -3.500000000E-02 6.523911746E-02 -1.334528214E+00
 -2.140860432E-01 -3.500000000E-02 6.560215329E-02 -1.318455793E+00
 -2.218362033E-01 -3.500000000E-02 6.336290916E-02 -1.456636475E+00
 -1.326793505E-01 -3.500000000E-02 7.207383613E-02 -7.148493823E-01
 -1.582684387E-01 -3.500000000E-02 7.198736404E-02 -8.184412837E-01
 -1.583619189E-01 -3.500000000E-02 7.198487295E-02 -8.184496993E-01
 -1.797713330E-01 -3.500000000E-02 7.084219938E-02 -9.404368940E-01
 -1.693318097E-01 -3.500000000E-02 7.154300508E-02 -8.681779483E-01
 -1.909090858E-01 -3.500000000E-02 6.971976011E-02 -1.028166154E+00
 -1.945458510E-01 -3.500000000E-02 6.925674986E-02 -1.082761592E+00
 -1.950753999E-01 -3.500000000E-02 6.918229844E-02 -1.086040136E+00
 -1.978134277E-01 -3.500000000E-02 6.879058844E-02 -1.117131063E+00
 -1.999965603E-01 -3.500000000E-02 6.844305513E-02 -1.119972784E+00
 -2.023388855E-01 -3.500000000E-02 6.805942558E-02 -1.140036184E+00
 -2.047432558E-01 -3.500000000E-02 6.762804088E-02 -1.183356095E+00
 -1.409272125E-01 -3.500000000E-02 7.217095313E-02 -7.303594192E-01
 7.376623637E-01 -3.500000000E-02 -1.299252842E-01 4.220822405E-01
 7.367969078E-01 -3.500000000E-02 -1.296395657E-01 4.182283914E-01
 7.351369210E-01 -3.500000000E-02 -1.290924269E-01 4.178707908E-01
 7.336049873E-01 -3.500000000E-02 -1.285878226E-01 4.195274802E-01
 -2.431717194E-01 -3.500000000E-02 5.035820032E-02 -1.612543581E+00
 -2.436290660E-01 -3.500000000E-02 4.970366628E-02 -1.585764914E+00
 -2.443861837E-01 -3.500000000E-02 4.846698798E-02 -1.392138108E+00
 -2.437099769E-01 -3.500000000E-02 4.958292000E-02 -1.576578547E+00
 -2.444084874E-01 -3.500000000E-02 4.842881235E-02 -1.385169230E+00
 -2.405371922E-01 -3.500000000E-02 5.334692030E-02 -1.801509736E+00
 -2.454296056E-01 -3.500000000E-02 4.622415855E-02 -1.100602300E+00
 -2.454742074E-01 -3.500000000E-02 4.608892102E-02 -1.063052062E+00
 -2.453266617E-01 -3.500000000E-02 4.647060851E-02 -1.106190281E+00
 -2.458264614E-01 -3.500000000E-02 4.502835139E-02 -7.582083434E-01
 -2.444297998E-01 -3.500000000E-02 4.838674151E-02 -1.375442885E+00
 -2.449711785E-01 -3.500000000E-02 4.731984493E-02 -1.148874633E+00
 -2.459252342E-01 -3.500000000E-02 4.465532443E-02 -7.284597522E-01
 -2.461556775E-01 -3.500000000E-02 4.363665583E-02 -6.769576704E-01
 -2.462019380E-01 -3.500000000E-02 4.341204442E-02 -6.405051206E-01
 1.710245434E-01 -3.500000000E-02 2.819175427E-02 -8.369462060E-02
 2.830206682E-01 -3.500000000E-02 1.845420727E-03 5.272747053E-02
 2.909603400E-01 -3.500000000E-02 -1.587174638E-04 6.220257602E-02
 2.729191739E-01 -3.500000000E-02 4.324024693E-03 4.139294299E-02
 3.254949756E-01 -3.500000000E-02 -8.952378742E-03 1.008924907E-01
 3.146900025E-01 -3.500000000E-02 -6.155263454E-03 9.177729885E-02
 2.540953693E-01 -3.500000000E-02 8.956019510E-03 2.153378000E-02
 2.242220181E-01 -3.500000000E-02 1.609083755E-02 -1.416299325E-02
 2.372963917E-01 -3.500000000E-02 1.297311345E-02 8.743132218E-04
 1.974096741E-01 -3.500000000E-02 2.227673420E-02 -5.071786642E-02
 1.906206266E-01 -3.500000000E-02 2.382083338E-02 -5.959266942E-02
 1.941241204E-01 -3.500000000E-02 2.303742172E-02 -5.528410582E-02
 3.526263079E-01 -3.500000000E-02 -1.601087414E-02 1.294675805E-01
 3.566674013E-01 -3.500000000E-02 -1.708346810E-02 1.338653201E-01
 3.790660764E-01 -3.500000000E-02 -2.304195710E-02 1.555737651E-01
 3.970899419E-01 -3.500000000E-02 -2.791632054E-02 1.720191396E-01
 4.082960338E-01 -3.500000000E-02 -3.095773902E-02 1.803774499E-01
 4.221162060E-01 -3.500000000E-02 -3.478342517E-02 1.943248270E-01
 4.398463173E-01 -3.500000000E-02 -3.967215763E-02 2.113723916E-01
 4.568837582E-01 -3.500000000E-02 -4.444867094E-02 2.265746039E-01
 4.836991778E-01 -3.500000000E-02 -5.205643347E-02 2.502103414E-01
 5.073364981E-01 -3.500000000E-02 -5.884858976E-02 2.696774831E-01
 5.265874398E-01 -3.500000000E-02 -6.445140023E-02 2.837649343E-01
 7.284096896E-01 -3.500000000E-02 -1.268832803E-01 4.147142520E-01
 7.064669882E-01 -3.500000000E-02 -1.197357998E-01 4.058601003E-01
 7.220545290E-01 -3.500000000E-02 -1.248013563E-01 4.122429057E-01
 7.024085967E-01 -3.500000000E-02 -1.184271914E-01 4.038810588E-01
 6.956994258E-01 -3.500000000E-02 -1.162862969E-01 4.003171654E-01
 -2.381860758E-01 -3.500000000E-02 2.366844849E-02 1.000033830E+00
 -2.373489546E-01 -3.500000000E-02 2.276577401E-02 9.932358646E-01
 -2.409486486E-01 -3.500000000E-02 2.698243801E-02 9.743247400E-01
 -2.398487072E-01 -3.500000000E-02 2.552261585E-02 1.008038302E+00
 -2.422345729E-01 -3.500000000E-02 2.867134923E-02 9.472704423E-01
 -2.429510245E-01 -3.500000000E-02 2.979802424E-02 9.024953442E-01
 -2.359721133E-01 -3.500000000E-02 2.139658628E-02 9.927031359E-01
 -2.345997940E-01 -3.500000000E-02 2.010838534E-02 9.905669819E-01
 -2.307958147E-01 -3.500000000E-02 1.686442382E-02 9.721032547E-01
 -2.340289906E-01 -3.500000000E-02 1.958930621E-02 9.891607547E-01
 -2.331204868E-01 -3.500000000E-02 1.884262819E-02 9.884148814E-01
 -2.280398142E-01 -3.500000000E-02 1.472646529E-02 9.477145066E-01
 -2.267701015E-01 -3.500000000E-02 1.379976612E-02 9.364579026E-01
 -1.295858881E-01 -3.500000000E-02 7.199715389E-02 -7.019690704E-01
 -1.378726072E-01 -3.500000000E-02 7.213373331E-02 -7.254842666E-01
 -1.135039963E-01 -3.500000000E-02 7.145501734E-02 -6.357595124E-01
 -1.215399560E-01 -3.500000000E-02 7.176997316E-02 -6.689592711E-01
 -1.245895379E-01 -3.500000000E-02 7.187522842E-02 -6.789048075E-01
 -1.141694215E-01 -3.500000000E-02 7.148037402E-02 -6.384105913E-01
 -1.131666847E-01 -3.500000000E-02 7.143856241E-02 -6.347865748E-01
 -1.025646225E-01 -3.500000000E-02 7.088590992E-02 -6.068857798E-01
 -1.134123088E-01 -3.500000000E-02 7.145105795E-02 -6.353850168E-01
 -9.491356005E-02 -3.500000000E-02 7.040513295E-02 -5.791290922E-01
 -8.317614961E-02 -3.500000000E-02 6.952682235E-02 -5.598103773E-01
 -8.615026813E-02 -3.500000000E-02 6.977553639E-02 -5.681102881E-01
 -9.476088644E-02 -3.500000000E-02 7.039419267E-02 -5.786159208E-01
 -9.567088082E-02 -3.500000000E-02 7.045282395E-02 -5.817545350E-01
 -7.017726192E-02 -3.500000000E-02 6.842816569E-02 -5.191899754E-01
 -6.385423072E-02 -3.500000000E-02 6.782207841E-02 -5.085629052E-01
 -5.775600904E-02 -3.500000000E-02 6.721915581E-02 -4.957181544E-01
 6.483603070E-01 -3.500000000E-02 -1.012827105E-01 3.732604582E-01
 6.693805496E-01 -3.500000000E-02 -1.078696384E-01 3.871291762E-01
 6.304587591E-01 -3.500000000E-02 -9.569266433E-02 3.620882195E-01
 -2.447815795E-01 -3.500000000E-02 3.323158195E-02 7.651540551E-01
 -2.442285715E-01 -3.500000000E-02 3.208477236E-02 8.264357547E-01
 -2.452821781E-01 -3.500000000E-02 3.448638303E-02 6.262700242E-01
 -2.457829771E-01 -3.500000000E-02 3.610258521E-02 5.530358912E-01
 -2.459379343E-01 -3.500000000E-02 3.661875762E-02 5.090063144E-01
 -2.460043479E-01 -3.500000000E-02 3.697440991E-02 4.793930985E-01
 -2.437377477E-01 -3.500000000E-02 3.111599995E-02 8.653430512E-01
 -2.143686976E-01 -3.500000000E-02 5.811932754E-03 8.426046102E-01
 -2.114431346E-01 -3.500000000E-02 4.145138780E-03 8.319419822E-01
 -1.374379360E-01 -3.500000000E-02 -2.630228217E-02 5.776750771E-01
 -1.302951863E-01 -3.500000000E-02 -2.855872300E-02 5.691468423E-01
 -1.577601229E-01 -3.500000000E-02 -1.938108241E-02 6.259845698E-01
 -1.685833399E-01 -3.500000000E-02 -1.536249637E-02 6.562850597E-01
 -1.653565990E-01 -3.500000000E-02 -1.659169716E-02 6.471419655E-01
 -1.608574273E-01 -3.500000000E-02 -1.823206352E-02 6.359596039E-01
 -1.487457275E-01 -3.500000000E-02 -2.253933255E-02 6.043471910E-01
 -1.442839198E-01 -3.500000000E-02 -2.405543688E-02 6.025631862E-01
 -1.510632492E-01 -3.500000000E-02 -2.174897063E-02 6.074158938E-01
 -1.232248404E-01 -3.500000000E-02 -3.074672515E-02 5.660822559E-01
 -1.202915201E-01 -3.500000000E-02 -3.162982690E-02 5.643724134E-01
 -1.768459880E-01 -3.500000000E-02 -1.211272482E-02 6.761373866E-01
 -1.714742612E-01 -3.500000000E-02 -1.424910461E-02 6.611871533E-01
 -1.737968498E-01 -3.500000000E-02 -1.332242199E-02 6.671753582E-01
 -1.533892357E-01 -3.500000000E-02 -2.093398991E-02 6.140930580E-01
 -1.415150751E-01 -3.500000000E-02 -2.497271144E-02 5.910362284E-01
 -2.243162187E-01 -3.500000000E-02 1.205709175E-02 9.367593035E-01
 -2.219816390E-01 -3.500000000E-02 1.050529820E-02 8.926621258E-01
 -2.211008461E-01 -3.500000000E-02 9.915529761E-03 8.822212844E-01
 -1.837085283E-01 -3.500000000E-02 -9.262246277E-03 6.938790470E-01
 -1.861903507E-01 -3.500000000E-02 -8.191440748E-03 7.077694036E-01
 -1.793937957E-01 -3.500000000E-02 -1.106077965E-02 6.820668223E-01
 -1.886706923E-01 -3.500000000E-02 -7.108525939E-03 7.279735184E-01
 -1.920085205E-01 -3.500000000E-02 -5.581714467E-03 7.357913787E-01
 -1.955524543E-01 -3.500000000E-02 -3.970747736E-03 7.462025066E-01
 -2.010020087E-01 -3.500000000E-02 -1.342857756E-03 7.747767374E-01
 -2.040955529E-01 -3.500000000E-02 2.336785517E-04 7.906741020E-01
 -1.977691475E-01 -3.500000000E-02 -2.905383885E-03 7.587088655E-01
 -2.203129735E-01 -3.500000000E-02 9.415403152E-03 8.815737929E-01
 -2.186349469E-01 -3.500000000E-02 8.356054620E-03 8.939542853E-01
 -2.176374043E-01 -3.500000000E-02 7.750445411E-03 8.792187801E-01
 -2.163788816E-01 -3.500000000E-02 6.983503774E-03 8.537257257E-01
 -2.079176450E-01 -3.500000000E-02 2.214475509E-03 8.140058668E-01
 -1.422802031E-01 -3.500000000E-02 7.217447778E-02 -7.410285265E-01
 -1.472034437E-01 -3.500000000E-02 7.216603725E-02 -7.751657840E-01
 -1.579710326E-01 -3.500000000E-02 7.199277420E-02 -8.168560018E-01
 -1.511349538E-01 -3.500000000E-02 7.213155489E-02 -7.866181569E-01
 -1.586837778E-01 -3.500000000E-02 7.197401690E-02 -8.198042878E-01
 -1.637983523E-01 -3.500000000E-02 7.180101516E-02 -8.481654331E-01
 -1.683553851E-01 -3.500000000E-02 7.159043816E-02 -8.623930944E-01
 -1.690921190E-01 -3.500000000E-02 7.155691118E-02 -8.667734900E-01
 -1.748825851E-01 -3.500000000E-02 7.120541679E-02 -9.275777966E-01
 -1.705489419E-01 -3.500000000E-02 7.146821877E-02 -8.814431909E-01
 -1.769177871E-01 -3.500000000E-02 7.106060529E-02 -9.365685032E-01
 -1.828637157E-01 -3.500000000E-02 7.055835211E-02 -9.693982347E-01
 -1.852091708E-01 -3.500000000E-02 7.034843404E-02 -9.913896080E-01
 -1.878208314E-01 -3.500000000E-02 7.006720725E-02 -1.004351512E+00
 -2.082775238E-01 -3.500000000E-02 6.693237832E-02 -1.225542265E+00
 -2.067552883E-01 -3.500000000E-02 6.723378237E-02 -1.211314227E+00
 -4.639234100E-02 -3.500000000E-02 6.600061018E-02 -4.569850499E-01
 -4.619776537E-02 -3.500000000E-02 6.597821519E-02 -4.566648434E-01
 -4.677919038E-02 -3.500000000E-02 6.604278660E-02 -4.582037180E-01
 -4.519260266E-02 -3.500000000E-02 6.586305247E-02 -4.570138371E-01
 -2.544035980E-02 -3.500000000E-02 6.348519914E-02 -4.120835537E-01
 -1.553108532E-02 -3.500000000E-02 6.217629616E-02 -3.937215050E-01
 -1.035192297E-02 -3.500000000E-02 6.148563008E-02 -3.884367565E-01
 -5.579815628E-03 -3.500000000E-02 6.081263135E-02 -3.761771624E-01
 -3.291941683E-02 -3.500000000E-02 6.439829198E-02 -4.366711396E-01
 -3.838748175E-02 -3.500000000E-02 6.507811437E-02 -4.519289334E-01
 1.388165468E-03 -3.500000000E-02 5.982475411E-02 -3.616087511E-01
 8.566880796E-03 -3.500000000E-02 5.875791977E-02 -3.487516843E-01
 1.310577546E-02 -3.500000000E-02 5.808273942E-02 -3.409749389E-01
 2.212547165E-02 -3.500000000E-02 5.666615814E-02 -3.261613717E-01
 4.992458757E-02 -3.500000000E-02 5.210908310E-02 -2.713810685E-01
 2.980079951E-02 -3.500000000E-02 5.546355730E-02 -3.118531813E-01
 4.297623488E-02 -3.500000000E-02 5.326987349E-02 -2.865416747E-01
 5.315882964E-02 -3.500000000E-02 5.153948893E-02 -2.667237624E-01
 6.490290268E-02 -3.500000000E-02 4.946390776E-02 -2.438458038E-01
 6.991712724E-02 -3.500000000E-02 4.857754205E-02 -2.351685948E-01
 8.109834834E-02 -3.500000000E-02 4.651239205E-02 -2.219092889E-01
 9.036082830E-02 -3.500000000E-02 4.477045799E-02 -2.050016389E-01
 1.321031733E-01 -3.500000000E-02 3.648768838E-02 -1.378705462E-01
 1.198529885E-01 -3.500000000E-02 3.898754024E-02 -1.638336790E-01
 1.156308559E-01 -3.500000000E-02 3.984018089E-02 -1.690035448E-01
 1.326288611E-01 -3.500000000E-02 3.638059353E-02 -1.367073498E-01
 1.026272676E-01 -3.500000000E-02 4.241262743E-02 -1.833822856E-01
 1.067233687E-01 -3.500000000E-02 4.160628678E-02 -1.766431859E-01
 1.610225797E-01 -3.500000000E-02 3.035342821E-02 -9.664213383E-02
 1.329201235E-01 -3.500000000E-02 3.631955269E-02 -1.363705123E-01
 1.491595969E-01 -3.500000000E-02 3.291585840E-02 -1.153874905E-01
 -2.413623453E-01 -3.500000000E-02 5.252124143E-02 -1.707062232E+00
 -2.405974558E-01 -3.500000000E-02 5.328600889E-02 -1.798047376E+00
 -2.428034931E-01 -3.500000000E-02 5.085122482E-02 -1.646958226E+00
 -2.421580869E-01 -3.500000000E-02 5.164221622E-02 -1.710783179E+00
 -2.427148290E-01 -3.500000000E-02 5.096054072E-02 -1.656287313E+00
 -2.416335175E-01 -3.500000000E-02 5.222525877E-02 -1.715764538E+00
 -2.462492292E-01 -3.500000000E-02 4.308869105E-02 -5.629905775E-01
 -2.464047705E-01 -3.500000000E-02 4.162253860E-02 -3.441217821E-01
 -2.464255802E-01 -3.500000000E-02 4.130078038E-02 -2.960214194E-01
 -2.463916805E-01 -3.500000000E-02 3.947441660E-02 5.021508945E-04
 -2.463131189E-01 -3.500000000E-02 3.864578546E-02 1.893785649E-01
 -2.463353694E-01 -3.500000000E-02 4.249366441E-02 -4.180287048E-01
 -2.464031583E-01 -3.500000000E-02 3.959238383E-02 -3.143670885E-02
 -2.464054969E-01 -3.500000000E-02 3.965468753E-02 -3.139168179E-02
 -2.464384299E-01 -3.500000000E-02 4.058587415E-02 3.050913571E-03
 5.892824651E-01 -3.500000000E-02 -8.314186841E-02 3.326186795E-01
 5.764674254E-01 -3.500000000E-02 -7.922909470E-02 3.237838635E-01
 5.753099542E-01 -3.500000000E-02 -7.888223932E-02 3.228631199E-01
 5.702113522E-01 -3.500000000E-02 -7.736697704E-02 3.184772584E-01
 -9.140928582E-02 -3.500000000E-02 -3.975367470E-02 5.115650744E-01
 -9.626038960E-02 -3.500000000E-02 -3.845433134E-02 5.150969391E-01
 -7.338945367E-02 -3.500000000E-02 -4.437457247E-02 4.896110070E-01
 -8.849748857E-02 -3.500000000E-02 -4.052028230E-02 5.105617088E-01
 -8.190408453E-02 -3.500000000E-02 -4.223245072E-02 5.053927473E-01
 -6.229069606E-02 -3.500000000E-02 -4.708280503E-02 4.847866663E-01
 -7.078918014E-02 -3.500000000E-02 -4.502266750E-02 4.858801739E-01
 -5.734854241E-02 -3.500000000E-02 -4.824951857E-02 4.772584996E-01
 -5.282832903E-02 -3.500000000E-02 -4.930898547E-02 4.665789835E-01
 -1.021294884E-01 -3.500000000E-02 -3.684391526E-02 5.242676934E-01
 -1.069275448E-01 -3.500000000E-02 -3.550552183E-02 5.338843228E-01
 -1.047678038E-01 -3.500000000E-02 -3.611615503E-02 5.287957962E-01
 -1.129887577E-01 -3.500000000E-02 -3.377486892E-02 5.400677196E-01
 -1.157885430E-01 -3.500000000E-02 -3.296014792E-02 5.428531894E-01
 -4.409743570E-02 -3.500000000E-02 -5.127905723E-02 4.676218442E-01
 -3.676236511E-02 -3.500000000E-02 -5.292896537E-02 4.667986700E-01
 -3.994883703E-02 -3.500000000E-02 -5.222219574E-02 4.665616819E-01
 -3.227909149E-02 -3.500000000E-02 -5.389648617E-02 4.602251260E-01
 -2.809228894E-02 -3.500000000E-02 -5.480772862E-02 4.559718228E-01
 -2.088844258E-02 -3.500000000E-02 -5.632085304E-02 4.511674110E-01
 -1.093040124E-02 -3.500000000E-02 -5.837863259E-02 4.432595044E-01
 -2.427274655E-04 -3.500000000E-02 -6.051247783E-02 4.316219247E-01
 -1.244285050E-02 -3.500000000E-02 -5.807251061E-02 4.460289556E-01
 1.419985900E-02 -3.500000000E-02 -6.328482646E-02 4.311983520E-01
 9.571758752E-03 -3.500000000E-02 -6.241439995E-02 4.317068158E-01
 2.707202815E-02 -3.500000000E-02 -6.565936420E-02 4.228139582E-01
 1.975233960E-02 -3.500000000E-02 -6.432974222E-02 4.267399782E-01
 1.890541888E-03 -3.500000000E-02 -6.092828718E-02 4.314452061E-01
 3.345438099E-02 -3.500000000E-02 -6.682504870E-02 4.179907273E-01
 3.931118085E-02 -3.500000000E-02 -6.786006170E-02 4.110105506E-01
 5.069185205E-02 -3.500000000E-02 -6.983478612E-02 4.082348144E-01
 4.558021428E-02 -3.500000000E-02 -6.895364068E-02 4.076682826E-01
 6.054937050E-02 -3.500000000E-02 -7.149575820E-02 4.052217922E-01
 5.538985399E-02 -3.500000000E-02 -7.062579470E-02 4.065792323E-01
 6.738105358E-01 -3.500000000E-02 -1.279066612E-01 3.900580188E-01
 6.824362938E-01 -3.500000000E-02 -1.282577247E-01 3.929687277E-01
 7.283640598E-01 -3.500000000E-02 -1.299171756E-01 4.149736250E-01
 7.278911419E-01 -3.500000000E-02 -1.299020149E-01 4.146103861E-01
 6.911670033E-01 -3.500000000E-02 -1.286026191E-01 3.972719329E-01
 7.034966891E-01 -3.500000000E-02 -1.290645616E-01 4.026647618E-01
 6.970928297E-01 -3.500000000E-02 -1.288246462E-01 3.999781740E-01
 7.078232014E-01 -3.500000000E-02 -1.292183320E-01 4.052857345E-01
 6.405005150E-01 -3.500000000E-02 -1.264394986E-01 3.800561797E-01
 6.470798390E-01 -3.500000000E-02 -1.267450872E-01 3.819542952E-01
 6.570225844E-01 -3.500000000E-02 -1.271855856E-01 3.856471917E-01
 6.255014493E-01 -3.500000000E-02 -1.257222058E-01 3.776612986E-01
 7.176250499E-01 -3.500000000E-02 -1.295611708E-01 4.103915235E-01
 7.215427707E-01 -3.500000000E-02 -1.296927704E-01 4.119740071E-01
 7.188540921E-01 -3.500000000E-02 -1.296041502E-01 4.113043136E-01
 6.651815700E-01 -3.500000000E-02 -1.275457624E-01 3.882525090E-01
 6.192275560E-01 -3.500000000E-02 -1.254143192E-01 3.761392414E-01
 5.905002329E-01 -3.500000000E-02 -1.239186248E-01 3.681793478E-01
 6.011625022E-01 -3.500000000E-02 -1.244881271E-01 3.716379123E-01
 6.085582786E-01 -3.500000000E-02 -1.248710787E-01 3.734858301E-01
 5.816932609E-01 -3.500000000E-02 -1.234346302E-01 3.674177025E-01
 5.644919082E-01 -3.500000000E-02 -1.224599419E-01 3.655950939E-01
 5.332053464E-01 -3.500000000E-02 -1.205832541E-01 3.603241252E-01
 5.450957152E-01 -3.500000000E-02 -1.213115014E-01 3.598478329E-01
 5.544902032E-01 -3.500000000E-02 -1.218768116E-01 3.615595340E-01
 5.267482884E-01 -3.500000000E-02 -1.201746205E-01 3.596559920E-01
 5.118222889E-01 -3.500000000E-02 -1.192193170E-01 3.565684945E-01
 2 4
 4 5
 5 6
 6 8
 8 7
 7 9
 9 10
 10 11
 11 12
 12 13
 13 14
 14 15
 15 17
 17 18
 18 16
 16 19
 19 20
 20 21
 21 23
 23 24
 24 22
 22 25
 25 26
 26 27
 27 127
 127 128
 128 129
 129 130
 130 169
 169 171
 171 170
 170 172
 172 173
 173 205
 205 204
 204 206
 206 311
 311 312
 312 313
 313 314
 314 168
 168 167
 167 166
 166 165
 165 164
 164 163
 163 162
 162 161
 161 160
 160 159
 159 158
 158 150
 150 151
 151 148
 148 147
 147 149
 149 152
 152 154
 154 153
 153 155
 155 157
 157 156
 156 146
 146 293
 293 295
 295 294
 294 290
 290 287
 287 288
 288 289
 289 292
 292 291
 291 286
 286 285
 285 284
 284 283
 283 282
 282 279
 279 281
 281 280
 280 278
 278 277
 277 276
 276 275
 275 272
 272 271
 271 270
 270 269
 269 273
 273 274
 274 268
 268 266
 266 265
 265 267
 267 203
 203 202
 202 201
 201 197
 197 198
 198 199
 199 196
 196 200
 200 194
 194 193
 193 195
 195 189
 189 192
 192 190
 190 191
 191 187
 187 114
 114 188
 188 126
 126 249
 249 250
 250 252
 252 251
 251 115
 115 116
 116 253
 253 254
 254 255
 255 256
 256 118
 118 258
 258 257
 257 259
 259 117
 117 260
 260 261
 261 262
 262 119
 119 120
 120 121
 121 122
 122 123
 123 124
 124 125
 125 264
 264 263
 263 106
 106 105
 105 112
 112 111
 111 109
 109 110
 110 107
 107 113
 113 104
 104 103
 103 108
 108 87
 87 88
 88 94
 94 93
 93 84
 84 95
 95 97
 97 90
 90 86
 86 89
 89 92
 92 91
 91 85
 85 83
 83 98
 98 101
 101 102
 102 99
 99 100
 100 96
 96 136
 136 297
 297 296
 296 301
 301 299
 299 300
 300 298
 298 131
 131 132
 132 134
 134 133
 133 135
 135 141
 141 142
 142 139
 139 137
 137 138
 138 140
 140 143
 143 144
 144 145
 145 302
 302 307
 307 303
 303 304
 304 310
 310 309
 309 308
 308 305
 305 306
 306 212
 212 211
 211 210
 210 209
 209 207
 207 208
 208 213
 213 179
 179 178
 178 176
 176 177
 177 174
 174 175
 175 180
 180 181
 181 183
 183 184
 184 182
 182 185
 185 186
 186 232
 232 233
 233 234
 234 244
 244 245
 245 246
 246 247
 247 214
 214 215
 215 248
 248 242
 242 241
 241 243
 243 240
 240 239
 239 238
 238 236
 236 235
 235 237
 237 227
 227 229
 229 228
 228 219
 219 220
 220 221
 221 218
 218 230
 230 224
 224 222
 222 223
 223 231
 231 216
 216 217
 217 225
 225 226
 226 328
 328 327
 327 325
 325 326
 326 324
 324 316
 316 315
 315 318
 318 319
 319 317
 317 321
 321 320
 320 322
 322 323
 323 329
 329 331
 331 330
 330 332
 332 333
 333 334
 334 337
 337 335
 335 336
 336 342
 342 339
 339 338
 338 341
 341 340
 340 343
 343 344
 344 346
 346 345
 345 348
 348 347
 347 82
 82 80
 80 81
 81 79
 79 78
 78 74
 74 75
 75 77
 77 76
 76 64
 64 65
 65 63
 63 70
 70 71
 71 62
 62 61
 61 69
 69 68
 68 72
 72 73
 73 67
 67 66
 66 59
 59 60
 60 58
 58 57
 57 55
 55 54
 54 56
 56 53
 53 52
 52 51
 51 50
 50 49
 49 48
 48 47
 47 46
 46 45
 45 44
 44 43
 43 41
 41 40
 40 42
 42 39
 39 38
 38 37
 37 36
 36 32
 32 33
 33 34
 34 35
 35 30
 30 29
 29 28
 28 31
 31 375
 375 374
 374 371
 371 372
 372 373
 373 370
 370 369
 369 366
 366 367
 367 368
 368 365
 365 360
 360 357
 357 358
 358 359
 359 364
 364 349
 349 350
 350 353
 353 355
 355 354
 354 356
 356 361
 361 363
 363 362
 362 352
 352 351
 351 3
 3 1
 1 2
ZONE T="COFFE, MIT adapt Y=-0.73"
 STRANDID=8, SOLUTIONTIME=315
 Nodes=407, Elements=407, ZONETYPE=FELineSeg
 DATAPACKING=POINT
 AUXDATA CGNS.CGNSBase_t="Base"
 AUXDATA CGNS.Zone_t="Zone"
 DT=(DOUBLE DOUBLE DOUBLE DOUBLE )
 7.384328187E-01 -7.300000000E-01 -1.302308971E-01 1.441235456E-01
 7.384382243E-01 -7.300000000E-01 -1.302310607E-01 1.446131266E-01
 7.384150992E-01 -7.300000000E-01 -1.302303604E-01 1.440875563E-01
 7.384533779E-01 -7.300000000E-01 -1.302315193E-01 1.349046172E-01
 7.383263821E-01 -7.300000000E-01 -1.302276703E-01 1.457491972E-01
 7.385171356E-01 -7.300000000E-01 -1.302068626E-01 5.239856999E-02
 7.386058150E-01 -7.300000000E-01 -1.302361330E-01 9.508943513E-02
 7.385416185E-01 -7.300000000E-01 -1.302149437E-01 5.265487145E-02
 7.377470483E-01 -7.300000000E-01 -1.302101104E-01 1.679447662E-01
 7.372130810E-01 -7.300000000E-01 -1.301938595E-01 1.745975085E-01
 7.360593611E-01 -7.300000000E-01 -1.301586307E-01 1.867856126E-01
 3.062021840E-01 -7.300000000E-01 -1.026677916E-01 1.145633046E-01
 3.079386982E-01 -7.300000000E-01 -1.028332951E-01 1.149530386E-01
 3.221587210E-01 -7.300000000E-01 -1.041943286E-01 9.836715055E-02
 3.335114114E-01 -7.300000000E-01 -1.052517859E-01 1.015942224E-01
 3.057450667E-01 -7.300000000E-01 -1.026235298E-01 1.142943438E-01
 3.005491594E-01 -7.300000000E-01 -1.021089178E-01 1.153309323E-01
 2.685893810E-01 -7.300000000E-01 -9.887604582E-02 1.221671410E-01
 2.863627987E-01 -7.300000000E-01 -1.007018384E-01 1.124367835E-01
 2.694612655E-01 -7.300000000E-01 -9.896553105E-02 1.219801161E-01
 2.891721549E-01 -7.300000000E-01 -1.009837324E-01 1.104657482E-01
 2.685242764E-01 -7.300000000E-01 -9.886929686E-02 1.221811816E-01
 2.684344932E-01 -7.300000000E-01 -9.885967991E-02 1.222187506E-01
 2.497445546E-01 -7.300000000E-01 -9.686257297E-02 1.217057879E-01
 2.524776936E-01 -7.300000000E-01 -9.716432949E-02 1.205563397E-01
 2.106552839E-01 -7.300000000E-01 -9.245341513E-02 1.276097006E-01
 2.134279580E-01 -7.300000000E-01 -9.277085655E-02 1.280086521E-01
 2.323677797E-01 -7.300000000E-01 -9.494976234E-02 1.223692226E-01
 1.938035789E-01 -7.300000000E-01 -9.043819247E-02 1.248304677E-01
 1.830069697E-01 -7.300000000E-01 -8.910268925E-02 1.351029465E-01
 2.078574991E-01 -7.300000000E-01 -9.212150677E-02 1.279498198E-01
 1.426920836E-01 -7.300000000E-01 -8.385497625E-02 1.497234113E-01
 1.629127253E-01 -7.300000000E-01 -8.654787783E-02 1.367311069E-01
 1.790151297E-01 -7.300000000E-01 -8.860860614E-02 1.371468839E-01
 1.730621351E-01 -7.300000000E-01 -8.784500855E-02 1.359301300E-01
 1.557439519E-01 -7.300000000E-01 -8.560510377E-02 1.415187373E-01
 1.430812111E-01 -7.300000000E-01 -8.390750325E-02 1.499187617E-01
 -1.074400426E-01 -7.300000000E-01 7.115770811E-02 -2.124003317E-01
 -1.174535774E-01 -7.300000000E-01 7.161837513E-02 -2.330201886E-01
 -1.126697738E-01 -7.300000000E-01 7.140655272E-02 -2.259517384E-01
 -1.153921295E-01 -7.300000000E-01 7.153813054E-02 -2.320258502E-01
 -1.220637768E-01 -7.300000000E-01 7.179433751E-02 -2.377403761E-01
 -1.233678566E-01 -7.300000000E-01 7.183560757E-02 -2.409790807E-01
 -1.281104717E-01 -7.300000000E-01 7.197373760E-02 -2.509861488E-01
 -1.340854001E-01 -7.300000000E-01 7.209827234E-02 -2.496865731E-01
 -1.294073439E-01 -7.300000000E-01 7.200148506E-02 -2.509315624E-01
 -1.402681493E-01 -7.300000000E-01 7.214811796E-02 -2.594517015E-01
 -1.434995194E-01 -7.300000000E-01 7.217726018E-02 -2.641059511E-01
 -1.440535117E-01 -7.300000000E-01 7.217958513E-02 -2.692103888E-01
 -1.486603762E-01 -7.300000000E-01 7.215652908E-02 -2.855417762E-01
 -1.446251817E-01 -7.300000000E-01 7.217726228E-02 -2.703430442E-01
 -1.493754859E-01 -7.300000000E-01 7.215268836E-02 -2.890799070E-01
 -1.497529829E-01 -7.300000000E-01 7.214708650E-02 -2.880767029E-01
 -1.634651272E-01 -7.300000000E-01 7.181411839E-02 -3.161036529E-01
 -1.558905470E-01 -7.300000000E-01 7.204387388E-02 -2.929068294E-01
 -1.612311956E-01 -7.300000000E-01 7.188663733E-02 -3.058523014E-01
 -1.539917440E-01 -7.300000000E-01 7.208666009E-02 -2.964659291E-01
 -1.808240836E-01 -7.300000000E-01 7.075442508E-02 -3.644140872E-01
 -1.743980999E-01 -7.300000000E-01 7.124126555E-02 -3.313027199E-01
 -1.701534207E-01 -7.300000000E-01 7.149373194E-02 -3.195661426E-01
 -1.766354748E-01 -7.300000000E-01 7.106990331E-02 -3.412588230E-01
 -1.834788420E-01 -7.300000000E-01 7.051037792E-02 -3.757794978E-01
 -1.693910082E-01 -7.300000000E-01 7.154084859E-02 -3.200851559E-01
 -1.678048396E-01 -7.300000000E-01 7.161573533E-02 -3.174202493E-01
 -1.846977184E-01 -7.300000000E-01 7.039954965E-02 -3.688267172E-01
 -1.890123968E-01 -7.300000000E-01 6.994449902E-02 -3.869441087E-01
 -1.937294832E-01 -7.300000000E-01 6.936287840E-02 -4.117798811E-01
 -1.866031687E-01 -7.300000000E-01 7.019928104E-02 -3.834224179E-01
 -1.941080350E-01 -7.300000000E-01 6.931615878E-02 -4.129496939E-01
 -1.949035039E-01 -7.300000000E-01 6.920410594E-02 -4.195172578E-01
 -2.109011406E-01 -7.300000000E-01 6.635930060E-02 -4.933398646E-01
 -2.142013689E-01 -7.300000000E-01 6.557328843E-02 -5.310287818E-01
 -2.060154973E-01 -7.300000000E-01 6.738718281E-02 -4.803573288E-01
 -2.056590544E-01 -7.300000000E-01 6.745458963E-02 -4.718255492E-01
 -2.014519740E-01 -7.300000000E-01 6.821203374E-02 -4.689697857E-01
 -2.097690261E-01 -7.300000000E-01 6.661285697E-02 -4.769646435E-01
 -2.066787300E-01 -7.300000000E-01 6.725175724E-02 -4.826627144E-01
 -2.013283082E-01 -7.300000000E-01 6.823305072E-02 -4.684645975E-01
 -1.999927889E-01 -7.300000000E-01 6.844338932E-02 -4.608018498E-01
 -1.974903417E-01 -7.300000000E-01 6.883886223E-02 -4.258101277E-01
 -2.166664920E-01 -7.300000000E-01 6.492547487E-02 -5.274833031E-01
 -2.143921587E-01 -7.300000000E-01 6.552486963E-02 -5.306210045E-01
 -2.172560346E-01 -7.300000000E-01 6.475690270E-02 -5.261288265E-01
 -2.192401606E-01 -7.300000000E-01 6.418675943E-02 -5.366973323E-01
 -2.209763643E-01 -7.300000000E-01 6.364127948E-02 -5.361109206E-01
 -2.143228096E-01 -7.300000000E-01 6.554348152E-02 -5.300040488E-01
 -2.242094996E-01 -7.300000000E-01 6.255044122E-02 -5.902079232E-01
 -2.216982808E-01 -7.300000000E-01 6.341536973E-02 -5.546874977E-01
 -2.236673011E-01 -7.300000000E-01 6.273673351E-02 -5.898928449E-01
 -2.262915252E-01 -7.300000000E-01 6.176485952E-02 -5.837347204E-01
 -2.261431965E-01 -7.300000000E-01 6.182378833E-02 -5.805652912E-01
 -2.281603669E-01 -7.300000000E-01 6.099633148E-02 -6.152725135E-01
 -2.290948708E-01 -7.300000000E-01 6.058783169E-02 -6.316822738E-01
 -2.246685430E-01 -7.300000000E-01 6.238234833E-02 -5.943026539E-01
 -2.319379786E-01 -7.300000000E-01 5.923207337E-02 -6.746814876E-01
 -2.314944565E-01 -7.300000000E-01 5.945174401E-02 -6.870438194E-01
 -2.317658026E-01 -7.300000000E-01 5.932114963E-02 -6.849184840E-01
 -2.328211240E-01 -7.300000000E-01 5.876983337E-02 -6.300379924E-01
 -2.336528026E-01 -7.300000000E-01 5.830497661E-02 -6.102595719E-01
 -2.302012938E-01 -7.300000000E-01 6.008272124E-02 -6.386046380E-01
 -2.340816848E-01 -7.300000000E-01 5.806839729E-02 -6.158610311E-01
 2.626004262E-02 -7.300000000E-01 5.602831801E-02 -1.038972337E-01
 1.340499201E-02 -7.300000000E-01 5.803419518E-02 -1.064289747E-01
 1.507692992E-02 -7.300000000E-01 5.778128309E-02 -1.034087065E-01
 1.700260546E-02 -7.300000000E-01 5.747728190E-02 -1.031904940E-01
 4.740826438E-02 -7.300000000E-01 5.253991024E-02 -9.322589671E-02
 5.643685574E-02 -7.300000000E-01 5.096985272E-02 -9.013912902E-02
 4.128313139E-02 -7.300000000E-01 5.357268851E-02 -9.572388220E-02
 6.014286721E-02 -7.300000000E-01 5.032743171E-02 -9.090801538E-02
 7.360600502E-02 -7.300000000E-01 4.790491792E-02 -7.920148887E-02
 -5.719615987E-02 -7.300000000E-01 6.716317700E-02 -1.602250127E-01
 -1.657335532E-02 -7.300000000E-01 6.232748214E-02 -1.372419232E-01
 -1.393037155E-02 -7.300000000E-01 6.197086361E-02 -1.346467348E-01
 -3.976947293E-03 -7.300000000E-01 6.059415134E-02 -1.249063518E-01
 -9.931600380E-04 -7.300000000E-01 6.016446102E-02 -1.254658950E-01
 3.737780266E-02 -7.300000000E-01 5.422115712E-02 -9.914253510E-02
 -3.122254883E-02 -7.300000000E-01 6.420833999E-02 -1.441410304E-01
 -2.840539537E-02 -7.300000000E-01 6.386166916E-02 -1.408066681E-01
 -3.875552641E-02 -7.300000000E-01 6.512278058E-02 -1.562270921E-01
 7.381300213E-01 -7.300000000E-01 -1.300790998E-01 8.712165560E-02
 7.384935110E-01 -7.300000000E-01 -1.301990650E-01 5.505628785E-02
 7.381982178E-01 -7.300000000E-01 -1.301016062E-01 8.711485516E-02
 7.369509764E-01 -7.300000000E-01 -1.296901238E-01 7.080104566E-02
 -2.453475027E-01 -7.300000000E-01 3.465652057E-02 9.181310651E-01
 -8.281425912E-02 -7.300000000E-01 6.951350479E-02 -1.888942212E-01
 -7.856414151E-02 -7.300000000E-01 6.916501520E-02 -1.823332348E-01
 -1.045433397E-01 -7.300000000E-01 7.099387427E-02 -2.097731443E-01
 -9.717275161E-02 -7.300000000E-01 7.054595313E-02 -2.085497373E-01
 -9.181157207E-02 -7.300000000E-01 7.019027246E-02 -2.020372311E-01
 -8.655259409E-02 -7.300000000E-01 6.980242115E-02 -1.929933100E-01
 -7.273932538E-02 -7.300000000E-01 6.865809184E-02 -1.832188970E-01
 2.361858405E-01 -7.300000000E-01 1.326136408E-02 -7.984300516E-02
 2.180194449E-01 -7.300000000E-01 1.754270330E-02 -6.360953686E-02
 2.194183770E-01 -7.300000000E-01 1.721564502E-02 -6.429051796E-02
 2.271825451E-01 -7.300000000E-01 1.538350934E-02 -7.214896647E-02
 -2.423678080E-01 -7.300000000E-01 2.886804043E-02 9.867502958E-01
 -2.424788515E-01 -7.300000000E-01 2.904814660E-02 9.858786474E-01
 -2.420708218E-01 -7.300000000E-01 2.848233519E-02 9.794510971E-01
 -2.442287902E-01 -7.300000000E-01 3.204550826E-02 9.660199500E-01
 -2.397449505E-01 -7.300000000E-01 2.539996735E-02 8.899112491E-01
 -2.277292894E-01 -7.300000000E-01 1.449302911E-02 6.897469051E-01
 -2.302665022E-01 -7.300000000E-01 1.643148622E-02 7.296576154E-01
 -2.375122033E-01 -7.300000000E-01 2.304191029E-02 8.704686653E-01
 -2.445642228E-01 -7.300000000E-01 3.282495398E-02 9.635390831E-01
 -2.330617490E-01 -7.300000000E-01 1.874053891E-02 7.788194071E-01
 -2.316194667E-01 -7.300000000E-01 1.753721288E-02 7.619667957E-01
 -2.349408828E-01 -7.300000000E-01 2.043615563E-02 8.169109293E-01
 -2.361749450E-01 -7.300000000E-01 2.159199112E-02 8.480777095E-01
 -2.458447392E-01 -7.300000000E-01 3.627799571E-02 8.928450156E-01
 -2.273164226E-01 -7.300000000E-01 1.418597588E-02 6.848727770E-01
 -2.225455150E-01 -7.300000000E-01 1.086051430E-02 6.478576922E-01
 -2.237199842E-01 -7.300000000E-01 1.167135695E-02 6.623530336E-01
 -2.175293613E-01 -7.300000000E-01 7.676577272E-03 5.989898226E-01
 -2.205488877E-01 -7.300000000E-01 9.587243377E-03 6.381546617E-01
 -2.127934892E-01 -7.300000000E-01 4.918599932E-03 5.698711945E-01
 4.419345719E-01 -7.300000000E-01 -1.143071515E-01 8.785029829E-02
 4.590650889E-01 -7.300000000E-01 -1.155772989E-01 8.596886927E-02
 4.916275148E-01 -7.300000000E-01 -1.178669537E-01 9.075763390E-02
 4.801774662E-01 -7.300000000E-01 -1.170827001E-01 7.425803728E-02
 4.701578968E-01 -7.300000000E-01 -1.163704202E-01 8.602931776E-02
 5.183523386E-01 -7.300000000E-01 -1.196421199E-01 8.117155267E-02
 5.046084675E-01 -7.300000000E-01 -1.187412744E-01 8.472944632E-02
 5.559043456E-01 -7.300000000E-01 -1.219624213E-01 1.021761660E-01
 5.523506269E-01 -7.300000000E-01 -1.217487457E-01 1.017527967E-01
 5.692431832E-01 -7.300000000E-01 -1.227324513E-01 1.121452758E-01
 5.298506477E-01 -7.300000000E-01 -1.203693132E-01 8.363326493E-02
 5.967791592E-01 -7.300000000E-01 -1.242585291E-01 1.064112110E-01
 5.792241993E-01 -7.300000000E-01 -1.232964207E-01 1.146665905E-01
 5.753703246E-01 -7.300000000E-01 -1.230858109E-01 1.110561678E-01
 3.548383436E-01 -7.300000000E-01 -1.071801493E-01 9.650652421E-02
 3.645861511E-01 -7.300000000E-01 -1.080371432E-01 9.785926275E-02
 4.120517729E-01 -7.300000000E-01 -1.119912887E-01 9.080831238E-02
 3.849699758E-01 -7.300000000E-01 -1.097763778E-01 9.384464863E-02
 3.947426072E-01 -7.300000000E-01 -1.105938588E-01 9.323894129E-02
 3.390031807E-01 -7.300000000E-01 -1.057591515E-01 9.609283747E-02
 4.172163473E-01 -7.300000000E-01 -1.124039829E-01 8.838049508E-02
 4.152018378E-01 -7.300000000E-01 -1.122464120E-01 8.805127815E-02
 4.361138585E-01 -7.300000000E-01 -1.138688019E-01 8.915649280E-02
 6.401179979E-01 -7.300000000E-01 -1.264223654E-01 1.280988762E-01
 6.200555840E-01 -7.300000000E-01 -1.254551300E-01 1.233762501E-01
 6.589069685E-01 -7.300000000E-01 -1.272684210E-01 1.506785818E-01
 6.833368260E-01 -7.300000000E-01 -1.282935060E-01 1.795733615E-01
 6.675955719E-01 -7.300000000E-01 -1.276490480E-01 1.587967601E-01
 6.146936686E-01 -7.300000000E-01 -1.251842334E-01 1.228080600E-01
 6.177620233E-01 -7.300000000E-01 -1.253427518E-01 1.216537056E-01
 6.900870991E-01 -7.300000000E-01 -1.285573108E-01 1.913359042E-01
 6.993359379E-01 -7.300000000E-01 -1.288967791E-01 2.005302757E-01
 -1.942052701E-01 -7.300000000E-01 -4.601518808E-03 4.555486394E-01
 -2.054215426E-01 -7.300000000E-01 8.972551202E-04 5.231447655E-01
 -1.992293660E-01 -7.300000000E-01 -2.211981377E-03 4.996467080E-01
 -1.943066632E-01 -7.300000000E-01 -4.552878758E-03 4.563418301E-01
 -2.056544346E-01 -7.300000000E-01 1.016036621E-03 5.238725632E-01
 -1.763579546E-01 -7.300000000E-01 -1.230982948E-02 4.172760132E-01
 -1.773703898E-01 -7.300000000E-01 -1.189255534E-02 4.206264225E-01
 -1.764581534E-01 -7.300000000E-01 -1.227025595E-02 4.177724783E-01
 -1.765239046E-01 -7.300000000E-01 -1.224367228E-02 4.180012141E-01
 -1.718188328E-01 -7.300000000E-01 -1.411468966E-02 3.967049941E-01
 -1.661673374E-01 -7.300000000E-01 -1.628754179E-02 3.860070596E-01
 -1.831118392E-01 -7.300000000E-01 -9.515627365E-03 4.352203808E-01
 -1.849734373E-01 -7.300000000E-01 -8.713665821E-03 4.417991050E-01
 -1.656436816E-01 -7.300000000E-01 -1.648634632E-02 3.859824221E-01
 -1.606828260E-01 -7.300000000E-01 -1.832597262E-02 3.724941959E-01
 -2.080453846E-01 -7.300000000E-01 2.303841775E-03 5.406213410E-01
 -2.114515709E-01 -7.300000000E-01 4.137634951E-03 5.615129451E-01
 -1.941540760E-01 -7.300000000E-01 -4.625017190E-03 4.555450823E-01
 -1.892625677E-01 -7.300000000E-01 -6.846828460E-03 4.539525631E-01
 -8.115814448E-02 -7.300000000E-01 -4.242440541E-02 2.638227817E-01
 -7.213817205E-02 -7.300000000E-01 -4.468994031E-02 2.524620159E-01
 -7.803447131E-02 -7.300000000E-01 -4.321667143E-02 2.607505561E-01
 -5.162552966E-02 -7.300000000E-01 -4.958563075E-02 2.358874978E-01
 -5.734975253E-02 -7.300000000E-01 -4.825613340E-02 2.448818210E-01
 -6.815810642E-02 -7.300000000E-01 -4.566777963E-02 2.515318702E-01
 -6.297757601E-02 -7.300000000E-01 -4.691422407E-02 2.492917727E-01
 -9.808368026E-02 -7.300000000E-01 -3.795447857E-02 2.816421991E-01
 -9.483121651E-02 -7.300000000E-01 -3.884051342E-02 2.745431362E-01
 -9.542876410E-02 -7.300000000E-01 -3.868139267E-02 2.759297736E-01
 -8.599257686E-02 -7.300000000E-01 -4.117472957E-02 2.679789281E-01
 -8.788699579E-02 -7.300000000E-01 -4.068513580E-02 2.673256779E-01
 -1.035682638E-01 -7.300000000E-01 -3.645143378E-02 2.925281910E-01
 -1.139541159E-01 -7.300000000E-01 -3.349047084E-02 2.961533173E-01
 -4.921067529E-02 -7.300000000E-01 -5.014009775E-02 2.344493270E-01
 -3.471407934E-02 -7.300000000E-01 -5.336661176E-02 2.252168747E-01
 -4.225699216E-02 -7.300000000E-01 -5.171199330E-02 2.293500647E-01
 -3.181836505E-02 -7.300000000E-01 -5.400736272E-02 2.246055004E-01
 -2.883938083E-02 -7.300000000E-01 -5.464428285E-02 2.208025694E-01
 -1.159824034E-01 -7.300000000E-01 -3.290463726E-02 2.975804796E-01
 -1.237539427E-01 -7.300000000E-01 -3.058821342E-02 3.123086782E-01
 -1.151063123E-01 -7.300000000E-01 -3.316181239E-02 2.956137287E-01
 -1.260815493E-01 -7.300000000E-01 -2.987582825E-02 3.155181066E-01
 -1.328554559E-01 -7.300000000E-01 -2.777176670E-02 3.109201146E-01
 -2.244118576E-02 -7.300000000E-01 -5.600570679E-02 2.180375163E-01
 -1.528578479E-02 -7.300000000E-01 -5.748678892E-02 2.208028906E-01
 -1.331593743E-01 -7.300000000E-01 -2.767514680E-02 3.116326791E-01
 -1.394492626E-01 -7.300000000E-01 -2.565338162E-02 3.436272385E-01
 -1.415875018E-01 -7.300000000E-01 -2.494492426E-02 3.454226473E-01
 -1.488116462E-01 -7.300000000E-01 -2.252534856E-02 3.406270113E-01
 -1.511543755E-01 -7.300000000E-01 -2.170875403E-02 3.476499778E-01
 -1.582599979E-01 -7.300000000E-01 -1.920237721E-02 3.670648904E-01
 -1.559056501E-01 -7.300000000E-01 -2.005028910E-02 3.595138052E-01
 -6.777198718E-02 -7.300000000E-01 6.820426864E-02 -1.751189587E-01
 -6.128738173E-02 -7.300000000E-01 6.757156679E-02 -1.600632101E-01
 -5.227771017E-02 -7.300000000E-01 6.663855327E-02 -1.590853390E-01
 -4.884985178E-02 -7.300000000E-01 6.627331264E-02 -1.607481244E-01
 -4.624680976E-02 -7.300000000E-01 6.597637525E-02 -1.577866355E-01
 -2.342697241E-01 -7.300000000E-01 5.795794971E-02 -6.152328906E-01
 -2.360779452E-01 -7.300000000E-01 5.683288241E-02 -6.169273537E-01
 -2.354503207E-01 -7.300000000E-01 5.724360899E-02 -5.815011200E-01
 -2.366966484E-01 -7.300000000E-01 5.642610351E-02 -6.303228818E-01
 -2.372228405E-01 -7.300000000E-01 5.604943165E-02 -6.444955577E-01
 -2.379603870E-01 -7.300000000E-01 5.551955159E-02 -6.155815102E-01
 -2.391127063E-01 -7.300000000E-01 5.460574467E-02 -5.858851779E-01
 -2.392587968E-01 -7.300000000E-01 5.448925500E-02 -5.747942503E-01
 -2.409252619E-01 -7.300000000E-01 5.295763177E-02 -4.925911110E-01
 -2.403019649E-01 -7.300000000E-01 5.356801653E-02 -5.072908783E-01
 -2.393569878E-01 -7.300000000E-01 5.440347006E-02 -5.752057847E-01
 -2.411986648E-01 -7.300000000E-01 5.269089805E-02 -4.662087025E-01
 -2.413948702E-01 -7.300000000E-01 5.248485651E-02 -4.624751103E-01
 -2.416528218E-01 -7.300000000E-01 5.218801082E-02 -4.318126882E-01
 -2.423917760E-01 -7.300000000E-01 5.136149123E-02 -3.331600767E-01
 -2.428543288E-01 -7.300000000E-01 5.078017826E-02 -3.813873669E-01
 -2.438690198E-01 -7.300000000E-01 4.933737213E-02 -2.421670683E-01
 -2.433186494E-01 -7.300000000E-01 5.015026031E-02 -3.561256217E-01
 -2.433719435E-01 -7.300000000E-01 5.008047005E-02 -3.520929223E-01
 -2.433962654E-01 -7.300000000E-01 5.004710110E-02 -3.452817014E-01
 -2.434541229E-01 -7.300000000E-01 4.996092589E-02 -3.445569410E-01
 -2.429015684E-01 -7.300000000E-01 5.072344036E-02 -3.717236215E-01
 -2.453887259E-01 -7.300000000E-01 4.633020869E-02 4.959664726E-02
 -2.454496049E-01 -7.300000000E-01 4.615421992E-02 9.670927457E-02
 -2.453677285E-01 -7.300000000E-01 4.638517023E-02 4.030818022E-02
 -2.457654493E-01 -7.300000000E-01 4.523320238E-02 3.178936696E-01
 -2.462019380E-01 -7.300000000E-01 4.341204442E-02 4.098341313E-01
 -2.448851181E-01 -7.300000000E-01 4.749805815E-02 -1.578961644E-02
 -2.447910003E-01 -7.300000000E-01 4.769413487E-02 -4.296874159E-02
 -2.448343275E-01 -7.300000000E-01 4.760940890E-02 -1.605440363E-02
 -2.442957804E-01 -7.300000000E-01 4.862691397E-02 -1.298954833E-01
 -2.443307468E-01 -7.300000000E-01 4.856698226E-02 -1.270982872E-01
 -2.463108488E-01 -7.300000000E-01 4.264652434E-02 5.339998786E-01
 -2.463451467E-01 -7.300000000E-01 4.240680981E-02 5.761098717E-01
 -2.463631676E-01 -7.300000000E-01 4.213492958E-02 5.706260279E-01
 -2.459055639E-01 -7.300000000E-01 4.472021652E-02 2.653018181E-01
 -2.459954725E-01 -7.300000000E-01 4.439432944E-02 2.355471211E-01
 -2.460651974E-01 -7.300000000E-01 4.406100918E-02 2.988670032E-01
 -2.464370308E-01 -7.300000000E-01 4.088883582E-02 6.030351408E-01
 -2.463521255E-01 -7.300000000E-01 3.947146533E-02 7.097871630E-01
 -2.458987677E-01 -7.300000000E-01 3.646575403E-02 8.817635896E-01
 -2.463123290E-01 -7.300000000E-01 3.864420051E-02 8.129386865E-01
 -2.459226488E-01 -7.300000000E-01 3.660606426E-02 8.724632227E-01
 8.376415142E-02 -7.300000000E-01 4.602415031E-02 -7.754760875E-02
 7.399286776E-02 -7.300000000E-01 4.783463257E-02 -7.902200333E-02
 9.244796080E-02 -7.300000000E-01 4.437206807E-02 -7.275567627E-02
 9.632282389E-02 -7.300000000E-01 4.363630131E-02 -7.307354873E-02
 7.387646534E-02 -7.300000000E-01 4.785619942E-02 -7.902305309E-02
 1.242834014E-01 -7.300000000E-01 3.809275146E-02 -6.384008991E-02
 1.381467028E-01 -7.300000000E-01 3.522824857E-02 -6.262301294E-02
 1.402564887E-01 -7.300000000E-01 3.479324355E-02 -6.172348223E-02
 1.009805415E-01 -7.300000000E-01 4.272544114E-02 -7.138650899E-02
 1.121427168E-01 -7.300000000E-01 4.053728810E-02 -7.175317875E-02
 1.186584192E-01 -7.300000000E-01 3.922590826E-02 -6.140318593E-02
 1.541348024E-01 -7.300000000E-01 3.185485721E-02 -6.035875595E-02
 1.420594051E-01 -7.300000000E-01 3.441334383E-02 -6.168774399E-02
 1.597922122E-01 -7.300000000E-01 3.063013225E-02 -6.219629370E-02
 1.977605940E-01 -7.300000000E-01 2.220326416E-02 -6.387415168E-02
 1.852555429E-01 -7.300000000E-01 2.503541772E-02 -6.129980042E-02
 2.012305667E-01 -7.300000000E-01 2.142027523E-02 -6.320595304E-02
 1.688615755E-01 -7.300000000E-01 2.866616250E-02 -6.216150959E-02
 1.752714703E-01 -7.300000000E-01 2.724541343E-02 -6.216071237E-02
 2.043030198E-01 -7.300000000E-01 2.071396837E-02 -6.665577227E-02
 5.755512946E-01 -7.300000000E-01 -7.895360185E-02 -7.127580430E-01
 6.380895002E-01 -7.300000000E-01 -9.805737131E-02 -5.665253251E-01
 6.238808099E-01 -7.300000000E-01 -9.365957466E-02 -6.066597747E-01
 6.178996010E-01 -7.300000000E-01 -9.182051013E-02 -6.269922801E-01
 6.381721309E-01 -7.300000000E-01 -9.808291567E-02 -5.660881160E-01
 5.955109299E-01 -7.300000000E-01 -8.498020754E-02 -6.935986204E-01
 5.915291632E-01 -7.300000000E-01 -8.377434677E-02 -6.980109733E-01
 5.844980422E-01 -7.300000000E-01 -8.164692719E-02 -7.003498983E-01
 5.779416002E-01 -7.300000000E-01 -7.967321162E-02 -7.129460131E-01
 6.012947710E-01 -7.300000000E-01 -8.673859005E-02 -6.737763711E-01
 6.058164688E-01 -7.300000000E-01 -8.811780921E-02 -6.603586390E-01
 6.382435130E-01 -7.300000000E-01 -9.810511286E-02 -5.658512391E-01
 6.458046500E-01 -7.300000000E-01 -1.004603406E-01 -5.130877813E-01
 6.650136740E-01 -7.300000000E-01 -1.064895597E-01 -4.320279340E-01
 6.542325203E-01 -7.300000000E-01 -1.030972177E-01 -4.944647001E-01
 6.538909599E-01 -7.300000000E-01 -1.029904104E-01 -4.962911982E-01
 6.546537963E-01 -7.300000000E-01 -1.032296668E-01 -4.935676960E-01
 5.666056395E-01 -7.300000000E-01 -7.627376922E-02 -7.061001019E-01
 5.719125448E-01 -7.300000000E-01 -7.786370832E-02 -7.165536163E-01
 5.628446426E-01 -7.300000000E-01 -7.515329421E-02 -7.079490268E-01
 6.774094651E-01 -7.300000000E-01 -1.104163882E-01 -3.735406627E-01
 6.751144061E-01 -7.300000000E-01 -1.096902953E-01 -3.911438312E-01
 6.795217735E-01 -7.300000000E-01 -1.110878328E-01 -3.669565413E-01
 6.892640651E-01 -7.300000000E-01 -1.142011391E-01 -3.096657723E-01
 6.975498769E-01 -7.300000000E-01 -1.168651417E-01 -2.724475106E-01
 7.291552860E-01 -7.300000000E-01 -1.271261136E-01 -1.069642172E-02
 7.215379533E-01 -7.300000000E-01 -1.246342171E-01 -8.867202242E-02
 7.308910108E-01 -7.300000000E-01 -1.276956492E-01 7.149646199E-03
 7.367579005E-01 -7.300000000E-01 -1.296264596E-01 7.055844232E-02
 7.062201917E-01 -7.300000000E-01 -1.196563236E-01 -2.119541287E-01
 7.171985882E-01 -7.300000000E-01 -1.232170649E-01 -1.173210932E-01
 7.027862128E-01 -7.300000000E-01 -1.185447229E-01 -2.311496553E-01
 7.368302872E-01 -7.300000000E-01 -1.296503067E-01 7.147965338E-02
 2.382437017E-01 -7.300000000E-01 1.276873384E-02 -8.000861714E-02
 2.578280455E-01 -7.300000000E-01 8.048589405E-03 -8.790355518E-02
 2.590223829E-01 -7.300000000E-01 7.760713671E-03 -8.827623675E-02
 2.591629418E-01 -7.300000000E-01 7.726057587E-03 -8.843850618E-02
 2.779432000E-01 -7.300000000E-01 3.108071275E-03 -1.038841374E-01
 2.885942028E-01 -7.300000000E-01 4.382085578E-04 -1.186890150E-01
 3.007926369E-01 -7.300000000E-01 -2.617706978E-03 -1.235011780E-01
 3.134925209E-01 -7.300000000E-01 -5.859878510E-03 -1.444137979E-01
 3.216750915E-01 -7.300000000E-01 -7.948204300E-03 -1.504174251E-01
 3.281159934E-01 -7.300000000E-01 -9.617722386E-03 -1.667792698E-01
 3.427647010E-01 -7.300000000E-01 -1.342196597E-02 -1.859489639E-01
 3.609041664E-01 -7.300000000E-01 -1.820894961E-02 -2.196086379E-01
 3.676095882E-01 -7.300000000E-01 -1.997886729E-02 -2.276642234E-01
 3.729976838E-01 -7.300000000E-01 -2.141738788E-02 -2.412845266E-01
 4.277353727E-01 -7.300000000E-01 -3.630471357E-02 -3.803185867E-01
 4.379784601E-01 -7.300000000E-01 -3.915298091E-02 -4.176774933E-01
 4.149638666E-01 -7.300000000E-01 -3.278557980E-02 -3.605157598E-01
 3.983477151E-01 -7.300000000E-01 -2.824667975E-02 -2.896191590E-01
 4.116995861E-01 -7.300000000E-01 -3.189019472E-02 -3.467692831E-01
 3.898889045E-01 -7.300000000E-01 -2.595964712E-02 -2.760487569E-01
 4.442265336E-01 -7.300000000E-01 -4.088923083E-02 -4.302294549E-01
 4.559089906E-01 -7.300000000E-01 -4.416606692E-02 -4.622572635E-01
 4.601896037E-01 -7.300000000E-01 -4.537044531E-02 -4.703934658E-01
 4.762596373E-01 -7.300000000E-01 -4.992162001E-02 -5.466057733E-01
 4.902285298E-01 -7.300000000E-01 -5.391165868E-02 -5.659942480E-01
 4.767687154E-01 -7.300000000E-01 -5.006660658E-02 -5.483561638E-01
 4.928102187E-01 -7.300000000E-01 -5.465340636E-02 -5.804931618E-01
 5.034898591E-01 -7.300000000E-01 -5.772947420E-02 -6.066167267E-01
 5.068231155E-01 -7.300000000E-01 -5.869198385E-02 -6.070173723E-01
 5.168102404E-01 -7.300000000E-01 -6.159083215E-02 -6.340383004E-01
 5.193354596E-01 -7.300000000E-01 -6.232524830E-02 -6.425343175E-01
 5.235381764E-01 -7.300000000E-01 -6.355499684E-02 -6.573089307E-01
 5.437577176E-01 -7.300000000E-01 -6.948744279E-02 -7.004626782E-01
 5.328157450E-01 -7.300000000E-01 -6.626686934E-02 -6.563376992E-01
 5.410562635E-01 -7.300000000E-01 -6.869170621E-02 -6.980237159E-01
 5.540200036E-01 -7.300000000E-01 -7.252517805E-02 -6.880298443E-01
 5.465848674E-01 -7.300000000E-01 -7.032449598E-02 -7.057579930E-01
 -1.329700201E-02 -7.300000000E-01 -5.789892705E-02 2.210947434E-01
 -1.108346413E-02 -7.300000000E-01 -5.834516640E-02 2.168642864E-01
 7.639884463E-03 -7.300000000E-01 -6.204456335E-02 2.021174963E-01
 -3.159481522E-03 -7.300000000E-01 -5.993791136E-02 2.000558467E-01
 5.756786601E-03 -7.300000000E-01 -6.167739807E-02 2.020036394E-01
 1.937624273E-02 -7.300000000E-01 -6.425936977E-02 2.013971290E-01
 1.998517455E-02 -7.300000000E-01 -6.437422489E-02 2.013221680E-01
 2.011189607E-02 -7.300000000E-01 -6.439733881E-02 2.011632023E-01
 5.318383700E-02 -7.300000000E-01 -7.025930220E-02 1.830916994E-01
 5.275765039E-02 -7.300000000E-01 -7.018640913E-02 1.833199271E-01
 4.136122726E-02 -7.300000000E-01 -6.822380301E-02 1.833900527E-01
 5.574630192E-02 -7.300000000E-01 -7.068364917E-02 1.817524003E-01
 2.997640412E-02 -7.300000000E-01 -6.620107595E-02 1.877128599E-01
 3.561722895E-02 -7.300000000E-01 -6.720115073E-02 1.863161118E-01
 6.994141389E-02 -7.300000000E-01 -7.303871906E-02 1.700601551E-01
 9.870493114E-02 -7.300000000E-01 -7.754286647E-02 1.560123160E-01
 9.601653381E-02 -7.300000000E-01 -7.713344679E-02 1.585643479E-01
 7.552526771E-02 -7.300000000E-01 -7.392720336E-02 1.702546553E-01
 8.741452795E-02 -7.300000000E-01 -7.581375547E-02 1.680161424E-01
 1.131089801E-01 -7.300000000E-01 -7.968294564E-02 1.615412634E-01
 1.129546075E-01 -7.300000000E-01 -7.966028632E-02 1.616877235E-01
 1.133558035E-01 -7.300000000E-01 -7.971819532E-02 1.615371030E-01
 1.425118339E-01 -7.300000000E-01 -8.382987647E-02 1.498560717E-01
 1.283412115E-01 -7.300000000E-01 -8.186669441E-02 1.483487843E-01
 7.320593234E-01 -7.300000000E-01 -1.300340181E-01 2.012810614E-01
 7.130476820E-01 -7.300000000E-01 -1.294051230E-01 2.081044873E-01
 7.269864344E-01 -7.300000000E-01 -1.298673009E-01 2.078168898E-01
 7.293340328E-01 -7.300000000E-01 -1.299471285E-01 2.078271934E-01
 7.304996063E-01 -7.300000000E-01 -1.299852919E-01 2.081252477E-01
 7.105834284E-01 -7.300000000E-01 -1.293134514E-01 2.076560957E-01
 8 6
 6 121
 121 122
 122 120
 120 123
 123 340
 340 336
 336 335
 335 333
 333 334
 334 338
 338 337
 337 339
 339 332
 332 331
 331 330
 330 328
 328 329
 329 321
 321 324
 324 322
 322 323
 323 320
 320 319
 319 312
 312 309
 309 310
 310 311
 311 318
 318 317
 317 313
 313 314
 314 315
 315 316
 316 308
 308 326
 326 325
 325 327
 327 376
 376 377
 377 373
 373 375
 375 374
 374 372
 372 371
 371 370
 370 369
 369 368
 368 367
 367 365
 365 366
 366 364
 364 363
 363 362
 362 361
 361 356
 356 355
 355 357
 357 359
 359 358
 358 360
 360 354
 354 353
 353 352
 352 351
 351 350
 350 349
 349 348
 348 347
 347 346
 346 345
 345 344
 344 343
 343 342
 342 341
 341 132
 132 135
 135 134
 134 133
 133 307
 307 304
 304 302
 302 303
 303 306
 306 305
 305 301
 301 299
 299 300
 300 295
 295 294
 294 293
 293 298
 298 297
 297 296
 296 291
 291 290
 290 288
 288 289
 289 292
 292 110
 110 109
 109 107
 107 106
 106 108
 108 116
 116 102
 102 105
 105 104
 104 103
 103 115
 115 114
 114 113
 113 112
 112 118
 118 117
 117 119
 119 244
 244 243
 243 242
 242 111
 111 241
 241 240
 240 131
 131 126
 126 125
 125 130
 130 129
 129 128
 128 127
 127 38
 38 40
 40 41
 41 39
 39 42
 42 43
 43 44
 44 46
 46 45
 45 47
 47 48
 48 49
 49 51
 51 50
 50 52
 52 53
 53 57
 57 55
 55 56
 56 54
 54 64
 64 63
 63 60
 60 59
 59 61
 61 58
 58 62
 62 65
 65 68
 68 66
 66 67
 67 69
 69 70
 70 80
 80 79
 79 78
 78 75
 75 74
 74 73
 73 77
 77 76
 76 71
 71 72
 72 86
 86 82
 82 81
 81 83
 83 84
 84 85
 85 88
 88 89
 89 87
 87 94
 94 91
 91 90
 90 92
 92 93
 93 100
 100 96
 96 97
 97 95
 95 98
 98 99
 99 101
 101 245
 245 247
 247 246
 246 248
 248 249
 249 250
 250 251
 251 252
 252 255
 255 254
 254 253
 253 256
 256 257
 257 258
 258 259
 259 260
 260 266
 266 262
 262 263
 263 264
 264 265
 265 261
 261 275
 275 276
 276 273
 273 274
 274 272
 272 269
 269 267
 267 268
 268 270
 270 280
 280 281
 281 282
 282 271
 271 277
 277 278
 278 279
 279 283
 283 284
 284 286
 286 287
 287 285
 285 149
 149 124
 124 144
 144 139
 139 137
 137 136
 136 138
 138 140
 140 143
 143 148
 148 147
 147 145
 145 146
 146 142
 142 141
 141 150
 150 152
 152 151
 151 154
 154 153
 153 155
 155 204
 204 203
 203 192
 192 189
 189 190
 190 191
 191 188
 188 205
 205 206
 206 200
 200 199
 199 194
 194 196
 196 195
 195 193
 193 197
 197 198
 198 201
 201 202
 202 238
 238 239
 239 237
 237 236
 236 235
 235 234
 234 233
 233 230
 230 229
 229 227
 227 226
 226 228
 228 220
 220 219
 219 214
 214 216
 216 215
 215 218
 218 217
 217 207
 207 209
 209 208
 208 212
 212 213
 213 211
 211 210
 210 221
 221 223
 223 222
 222 224
 224 225
 225 231
 231 232
 232 378
 378 379
 379 381
 381 382
 382 380
 380 383
 383 384
 384 385
 385 390
 390 391
 391 388
 388 387
 387 386
 386 389
 389 392
 392 395
 395 396
 396 394
 394 393
 393 398
 398 397
 397 399
 399 401
 401 400
 400 32
 32 37
 37 36
 36 33
 33 35
 35 34
 34 30
 30 29
 29 31
 31 26
 26 27
 27 28
 28 24
 24 25
 25 23
 23 22
 22 18
 18 20
 20 19
 19 21
 21 17
 17 16
 16 12
 12 13
 13 14
 14 15
 15 175
 175 170
 170 171
 171 173
 173 174
 174 172
 172 177
 177 176
 176 178
 178 156
 156 157
 157 160
 160 159
 159 158
 158 162
 162 161
 161 166
 166 164
 164 163
 163 165
 165 169
 169 168
 168 167
 167 184
 184 185
 185 180
 180 179
 179 181
 181 183
 183 182
 182 186
 186 187
 187 407
 407 403
 403 404
 404 405
 405 406
 406 402
 402 11
 11 10
 10 9
 9 5
 5 3
 3 1
 1 2
 2 4
 4 7
 7 8
