TITLE     = "Surface mesh and solution"
VARIABLES = "x" "y" "z" "cfx" "Cp"
DATASETAUXDATA alpha_deg="  0.0000000E+00"
DATASETAUXDATA beta_deg="  0.0000000E+00"
DATASETAUXDATA bref="  0.7500000"
DATASETAUXDATA cref="   1.000000"
DATASETAUXDATA itranflg="           0"
DATASETAUXDATA ivisc="           2"
DATASETAUXDATA mach="  0.2000000"
DATASETAUXDATA reue_mil="   4.600000"
DATASETAUXDATA sref="  0.7500000"
DATASETAUXDATA tinf_r="   521.0000"
DATASETAUXDATA xmc="  0.0000000E+00"
DATASETAUXDATA ymc="  0.0000000E+00"
DATASETAUXDATA zmc="  0.0000000E+00"
ZONE T="COFFE, MIT adapt Y=-0.001"
 STRANDID=0, SOLUTIONTIME=0
 Nodes=167, Elements=162, ZONETYPE=FELineSeg
 DATAPACKING=POINT
 DT=(DOUBLE DOUBLE DOUBLE DOUBLE DOUBLE )
7.38605797E-01 -1.00000005E-03 -1.30236134E-01 2.80565233E-03 4.42433447E-01
7.37656057E-01 -9.99999931E-04 -1.29923224E-01 7.99586778E-05 4.45484221E-01
7.36758411E-01 -9.99999931E-04 -1.29627839E-01 4.06448926E-05 4.44405824E-01
7.35651910E-01 -1.00000028E-03 -1.29263774E-01 4.06448708E-05 4.43020672E-01
7.37606287E-01 -9.99999931E-04 -1.30205214E-01 9.73073591E-04 4.38116550E-01
7.35497475E-01 -1.00000005E-03 -1.30139589E-01 1.11656426E-03 4.39314306E-01
7.33968139E-01 -9.99999931E-04 -1.28709689E-01 3.97280091E-05 4.41334754E-01
7.27809787E-01 -9.99999465E-04 -1.26687318E-01 -7.48586681E-05 4.38359410E-01
7.33725727E-01 -9.99999931E-04 -1.30084202E-01 1.28241570E-03 4.38951582E-01
7.28851736E-01 -1.00000028E-03 -1.29929617E-01 1.37202488E-03 4.34563339E-01
7.24975646E-01 -9.99999233E-04 -1.25759229E-01 -7.48588136E-05 4.36520606E-01
7.26302326E-01 -1.00000040E-03 -1.29845589E-01 1.37202383E-03 4.32745188E-01
7.19415843E-01 -9.99937416E-04 -1.23941682E-01 -8.99957304E-05 4.32892948E-01
7.10590184E-01 -1.00001798E-03 -1.21074148E-01 -9.12166724E-05 4.27537054E-01
7.00674891E-01 -9.99719836E-04 -1.17867686E-01 -7.24159836E-05 4.21189815E-01
7.21301854E-01 -9.99998301E-04 -1.29680797E-01 1.37202174E-03 4.29179132E-01
7.10651040E-01 -9.99996671E-04 -1.29314259E-01 1.14783226E-03 4.21548188E-01
7.01694012E-01 -9.99990734E-04 -1.28996611E-01 1.14783505E-03 4.15197939E-01
6.82004690E-01 -9.99937532E-04 -1.11883961E-01 -6.47480847E-05 4.08813953E-01
6.81886792E-01 -9.99984099E-04 -1.28233701E-01 1.21373381E-03 4.08444166E-01
6.71255112E-01 -9.99946962E-04 -1.27797872E-01 1.21373672E-03 4.02828902E-01
6.46453559E-01 -9.98784089E-04 -1.00676298E-01 -3.45029694E-05 3.83054882E-01
6.32367790E-01 -9.99951153E-04 -9.62920710E-02 -3.45030166E-05 3.71945739E-01
6.21222377E-01 -1.00032578E-03 -9.28509980E-02 4.23658821E-05 3.62975568E-01
6.25554919E-01 -1.00000016E-03 -1.25727698E-01 1.67316280E-03 3.87913346E-01
6.14115059E-01 -9.99999349E-04 -1.25155672E-01 1.71677826E-03 3.84269893E-01
5.58611631E-01 -1.00115221E-03 -7.39108250E-02 1.83305106E-04 3.11919600E-01
5.52426100E-01 -9.99998883E-04 -1.21751547E-01 1.84419518E-03 3.70062500E-01
5.40521204E-01 -1.00000016E-03 -1.21032923E-01 1.73314731E-03 3.69263917E-01
-2.45155439E-01 -9.99908661E-04 3.41473855E-02 -4.56963870E-04 5.90526819E-01
-2.44709834E-01 -1.00005232E-03 3.30829360E-02 -7.61403295E-04 6.60180271E-01
-2.44933009E-01 -1.00022252E-03 3.36149931E-02 -7.61530187E-04 6.25074208E-01
-2.45438695E-01 -9.99923912E-04 3.49477865E-02 -6.53131225E-04 5.03095686E-01
-2.45779797E-01 -9.99955693E-04 3.60503793E-02 -8.08362383E-04 3.71384919E-01
-2.45991424E-01 -1.00000051E-03 3.68727781E-02 -5.25715237E-04 2.84260005E-01
-2.46218085E-01 -1.00000424E-03 3.80052663E-02 -5.92204160E-04 1.90103009E-01
-2.46108875E-01 -1.00012857E-03 3.74382026E-02 -5.25682408E-04 2.44183451E-01
-2.45235905E-01 -1.00000377E-03 4.66938801E-02 2.27569928E-03 -1.05791438E+00
-2.45011240E-01 -1.00003218E-03 4.72263470E-02 3.24961264E-03 -1.13018227E+00
-2.45990306E-01 -1.00002787E-03 4.43891212E-02 1.49588636E-03 -6.46938682E-01
-2.45542258E-01 -9.99995391E-04 4.59025949E-02 2.27717031E-03 -9.48910713E-01
-2.45825082E-01 -9.99998767E-04 4.50144261E-02 1.27899263E-03 -8.14285040E-01
-2.45723218E-01 -1.00000284E-03 4.53651436E-02 2.27725087E-03 -9.03428316E-01
-2.46332735E-01 -9.99967568E-04 3.88454087E-02 -3.17123428E-04 4.78713885E-02
-2.46413261E-01 -1.00002205E-03 3.99977490E-02 -3.76900462E-05 -1.01865068E-01
-2.46425197E-01 -1.00000435E-03 4.08460833E-02 4.32817205E-06 -1.95328608E-01
-2.46341914E-01 -9.99963842E-04 4.24201973E-02 2.78116291E-04 -4.65865523E-01
-2.46392637E-01 -1.00001215E-03 4.17020023E-02 2.76489503E-04 -3.28174412E-01
-2.46201932E-01 -1.00000005E-03 4.34120446E-02 1.55959185E-03 -6.22625053E-01
-2.44351357E-01 -9.99914948E-04 3.23131271E-02 -6.34337775E-04 7.13803232E-01
-2.43816391E-01 -9.99949407E-04 3.12796831E-02 -5.65547321E-04 7.81540751E-01
-2.44096652E-01 -1.00002985E-03 3.17933857E-02 -8.27647687E-04 7.50129044E-01
-2.43391052E-01 -1.00009178E-03 3.05268727E-02 -5.74163045E-04 8.23018253E-01
-2.42783487E-01 -9.99984099E-04 2.95199230E-02 -4.92064923E-04 8.66626620E-01
-2.43101925E-01 -9.99993761E-04 3.00178695E-02 -4.92066320E-04 8.50573242E-01
-2.42273554E-01 -9.99853597E-04 2.87429318E-02 -4.82590607E-04 8.94913495E-01
-2.41520122E-01 -9.99950804E-04 2.76766047E-02 -3.00630461E-04 9.33047771E-01
-2.41936192E-01 -1.00002426E-03 2.82432511E-02 -4.58198047E-04 9.15689945E-01
-2.40722224E-01 -1.00021460E-03 2.66293678E-02 -3.57786135E-04 9.54612672E-01
-2.40059644E-01 -9.99881420E-04 2.57991217E-02 -2.74304504E-04 9.71437037E-01
-2.39260316E-01 -9.99988988E-04 2.48661712E-02 -2.89035146E-04 9.84666705E-01
-2.37972364E-01 -9.99990851E-04 2.34229751E-02 -2.08383441E-04 9.99650538E-01
-2.38719165E-01 -9.99997486E-04 2.42285803E-02 -2.89034098E-04 9.93231177E-01
-2.36531302E-01 -1.00000540E-03 2.19410080E-02 -1.51374959E-04 1.00687158E+00
-2.35322848E-01 -9.99987707E-04 2.07749493E-02 2.59632234E-05 1.00789046E+00
-2.33855054E-01 -9.99998185E-04 1.94375142E-02 9.39335005E-05 1.00457251E+00
-2.32869968E-01 -1.00000796E-03 1.85898077E-02 1.18403921E-04 1.00147247E+00
-2.29346156E-01 -9.99997719E-04 1.57154165E-02 2.83170637E-04 9.78548229E-01
-2.27314755E-01 -1.00000144E-03 1.42044080E-02 3.44608939E-04 9.69652832E-01
-2.31647477E-01 -9.99974553E-04 1.75493024E-02 2.34098756E-04 9.96923089E-01
-2.32869968E-01 -1.00000796E-03 1.85898077E-02 1.18403921E-04 1.00147247E+00
-2.24449292E-01 -1.00000494E-03 1.21611878E-02 3.27087793E-04 9.42708910E-01
-2.20677346E-01 -9.99985030E-04 9.66082234E-03 4.85453464E-04 9.22211111E-01
-2.22740844E-01 -1.00001763E-03 1.10049965E-02 4.85439843E-04 9.25154209E-01
-2.16640458E-01 -1.00000110E-03 7.14739552E-03 5.87887946E-04 8.93298507E-01
-2.12938637E-01 -9.99991898E-04 4.97763650E-03 8.47711985E-04 8.66473436E-01
-2.08575457E-01 -9.99990269E-04 2.57095997E-03 8.48298019E-04 8.41624141E-01
-2.01828524E-01 -9.99976532E-04 -9.25689412E-04 1.03759486E-03 7.86970794E-01
-1.94746062E-01 -1.00000598E-03 -4.33581509E-03 1.01629389E-03 7.62433052E-01
-1.88171566E-01 -9.99985030E-04 -7.31364544E-03 1.28556183E-03 7.31500626E-01
-1.78468421E-01 -9.99979558E-04 -1.14460280E-02 1.18124264E-03 6.95727408E-01
-1.65076286E-01 -1.00000121E-03 -1.66950375E-02 1.29675516E-03 6.56555057E-01
-1.54134169E-01 -9.99994110E-04 -2.06708871E-02 1.24875188E-03 6.21966124E-01
-1.34282783E-01 -9.99993063E-04 -2.73157377E-02 1.70333567E-03 5.85230589E-01
-1.45931706E-01 -9.99999931E-04 -2.34982856E-02 1.60360511E-03 6.13670051E-01
-1.24370210E-01 -9.99999349E-04 -3.03992014E-02 1.77137542E-03 5.64359963E-01
-1.08559676E-01 -9.99955344E-04 -3.50413807E-02 1.59344962E-03 5.40073156E-01
2.54257917E-01 -9.99999233E-04 -9.73514691E-02 1.97407394E-03 3.60969841E-01
2.72353262E-01 -9.99999116E-04 -9.92635414E-02 2.29607895E-03 3.59462380E-01
2.19954282E-01 -9.99999116E-04 -9.35335606E-02 1.93028606E-03 3.65084857E-01
1.99412122E-01 -9.99997952E-04 -9.11086500E-02 2.03871494E-03 3.69863003E-01
1.58126786E-01 -9.99995158E-04 -8.59160945E-02 2.02198816E-03 3.77745181E-01
1.31284982E-01 -9.99998301E-04 -8.22760239E-02 2.04968825E-03 3.84967327E-01
-4.86292467E-02 -9.99998301E-04 -5.02743907E-02 2.02921685E-03 4.76328760E-01
-5.88841327E-02 -9.99999116E-04 -4.78917770E-02 2.27178400E-03 4.80799228E-01
-8.53194389E-03 -9.99997719E-04 -5.88591099E-02 2.03190208E-03 4.46016937E-01
4.26442036E-03 -9.99998534E-04 -6.13906197E-02 2.16520787E-03 4.36232895E-01
5.28728291E-02 -9.99998068E-04 -7.02020153E-02 1.88462122E-03 4.12071735E-01
6.85759857E-02 -9.99997836E-04 -7.28137940E-02 2.07431777E-03 4.05144781E-01
3.16858411E-01 -9.99998301E-04 -1.03689782E-01 1.61149085E-03 3.55239183E-01
3.33750486E-01 -9.99999582E-04 -1.05273634E-01 1.87398097E-03 3.55761796E-01
3.96042436E-01 -9.99998883E-04 -1.10697530E-01 1.92635402E-03 3.55127603E-01
4.10650194E-01 -9.99998767E-04 -1.11880109E-01 1.85343402E-03 3.55764955E-01
4.68018264E-01 -9.99999233E-04 -1.16222635E-01 1.92705903E-03 3.59673321E-01
4.80210990E-01 -9.99997603E-04 -1.17081553E-01 1.18233834E-03 3.61678481E-01
5.40521204E-01 -1.00000016E-03 -1.21032923E-01 1.73314731E-03 3.69263917E-01
-2.42594272E-01 -9.99994343E-04 5.11085987E-02 3.86862084E-03 -1.39255583E+00
-2.43285924E-01 -1.00003823E-03 5.01845218E-02 3.75736132E-03 -1.35423243E+00
-2.42948607E-01 -9.99986893E-04 5.06529324E-02 3.72535666E-03 -1.36783111E+00
-2.42051661E-01 -9.99978976E-04 5.17617576E-02 3.45869199E-03 -1.44525898E+00
-2.41270915E-01 -1.00000808E-03 5.26116304E-02 4.13022283E-03 -1.50496328E+00
-2.43770152E-01 -9.99994343E-04 4.94866744E-02 2.66083586E-03 -1.33237255E+00
-2.44366512E-01 -1.00001914E-03 4.84975986E-02 3.61841917E-03 -1.18867517E+00
-2.40667120E-01 -1.00004196E-03 5.32088764E-02 4.92481934E-03 -1.48366463E+00
-2.39815697E-01 -9.99999233E-04 5.40048741E-02 4.82925773E-03 -1.49517500E+00
-2.39155233E-01 -1.00000307E-03 5.45659885E-02 4.94660111E-03 -1.51980305E+00
-2.38230675E-01 -1.00002345E-03 5.53042032E-02 5.38076088E-03 -1.51277649E+00
-2.37481609E-01 -1.00000540E-03 5.58672249E-02 5.38048986E-03 -1.50524056E+00
-2.36439437E-01 -1.00005418E-03 5.65876886E-02 3.01487115E-03 -1.49320149E+00
-2.35608488E-01 -1.00001472E-03 5.71425706E-02 3.32201179E-03 -1.48156464E+00
-2.34359741E-01 -1.00000110E-03 5.79003468E-02 3.36960098E-03 -1.47635126E+00
-2.33305871E-01 -9.99996322E-04 5.85016459E-02 5.18580526E-03 -1.46622825E+00
-2.31692851E-01 -9.99999582E-04 5.93498722E-02 3.41686816E-03 -1.44834113E+00
-2.30276436E-01 -1.00008585E-03 6.00455925E-02 2.95943581E-03 -1.41260421E+00
-2.28139639E-01 -9.99954063E-04 6.10054694E-02 3.01153422E-03 -1.39780796E+00
-2.26252228E-01 -9.99997370E-04 6.17712736E-02 2.93595879E-03 -1.34032619E+00
-2.23717824E-01 -9.99730197E-04 6.27257526E-02 3.14698461E-03 -1.33649898E+00
-2.21589029E-01 -1.00001961E-03 6.34439290E-02 5.33802621E-03 -1.29281962E+00
-2.18454629E-01 -1.00010587E-03 6.44098967E-02 4.65490017E-03 -1.23521769E+00
-2.44757801E-01 -1.00001565E-03 4.77455668E-02 3.24957701E-03 -1.13729310E+00
-2.45011240E-01 -1.00003218E-03 4.72263470E-02 3.24961264E-03 -1.13018227E+00
-2.18454629E-01 -1.00010587E-03 6.44098967E-02 4.65490017E-03 -1.23521769E+00
-2.14389592E-01 -9.99964774E-04 6.55257404E-02 4.73080436E-03 -1.18160963E+00
-2.10635036E-01 -1.00005511E-03 6.64189234E-02 4.05456871E-03 -1.14946711E+00
-2.12774947E-01 -1.00008596E-03 6.59145638E-02 4.24831593E-03 -1.17134690E+00
-2.06671208E-01 -9.99986310E-04 6.72578737E-02 3.90126603E-03 -1.11485696E+00
-2.01422483E-01 -1.00024266E-03 6.82091713E-02 2.70669069E-03 -1.05183280E+00
-1.96336970E-01 -9.99821583E-04 6.90057352E-02 3.37198959E-03 -1.01702666E+00
-1.89333543E-01 -1.00020727E-03 6.99029863E-02 2.23394646E-03 -9.61071670E-01
-1.83491245E-01 -9.99859767E-04 7.05121979E-02 3.84161132E-03 -9.25398648E-01
-1.73053235E-01 -9.98776522E-04 7.13198036E-02 1.81117875E-03 -8.55043411E-01
-1.60476223E-01 -1.00021902E-03 7.19196647E-02 3.59682017E-03 -7.99681962E-01
-1.48777008E-01 -9.97919240E-04 7.21416548E-02 9.84306098E-04 -7.48776674E-01
-1.36780217E-01 -1.00004661E-03 7.21290484E-02 1.71459187E-03 -7.02847362E-01
-1.19677350E-01 -1.00007129E-03 7.17026964E-02 1.29440054E-03 -6.43325567E-01
-1.09202556E-01 -9.99982120E-04 7.12398738E-02 1.65364647E-03 -6.18546963E-01
-9.32223275E-02 -9.93586029E-04 7.02778995E-02 8.27827665E-04 -5.69814026E-01
2.70514309E-01 -9.99405282E-04 4.94295452E-03 5.92735945E-04 4.01690900E-02
2.83904552E-01 -9.99597600E-04 1.62144413E-03 5.92734315E-04 5.52068017E-02
1.66940197E-01 -1.00156642E-03 2.90796570E-02 8.58856598E-04 -9.10416916E-02
1.44630864E-01 -1.00162101E-03 3.38693596E-02 1.09176664E-03 -1.20074548E-01
2.32917443E-01 -1.00006524E-03 1.40341660E-02 6.94935268E-04 -3.06584151E-03
2.15752870E-01 -9.99835785E-04 1.80643685E-02 9.42490529E-04 -2.47886721E-02
-4.59585711E-02 -9.99197946E-04 6.59256205E-02 5.41083806E-04 -4.56202000E-01
-2.96782069E-02 -1.00321823E-03 6.39971942E-02 3.61822982E-04 -4.19925034E-01
2.77798437E-03 -9.97131807E-04 5.96111193E-02 4.35982074E-04 -3.58394623E-01
2.26177201E-02 -9.98665695E-04 5.66005781E-02 4.22915735E-04 -3.18387002E-01
6.68425709E-02 -1.00114523E-03 4.91215549E-02 3.94864357E-04 -2.44120821E-01
8.56605992E-02 -9.98391421E-04 4.56470698E-02 4.73490247E-04 -2.11806446E-01
3.33213747E-01 -9.99781420E-04 -1.09350914E-02 4.70275409E-04 1.09182239E-01
3.46318990E-01 -1.00013462E-03 -1.43597564E-02 4.88759659E-04 1.22411989E-01
4.07437146E-01 -1.00022508E-03 -3.07400767E-02 3.49255715E-04 1.81425974E-01
4.19200778E-01 -1.00009574E-03 -3.39601003E-02 1.88732389E-04 1.91923827E-01
4.78304535E-01 -1.00078213E-03 -5.05094975E-02 2.33933461E-04 2.44466230E-01
4.89937246E-01 -1.00000016E-03 -5.38428240E-02 2.45901028E-04 2.54240930E-01
5.46720505E-01 -1.00004999E-03 -7.03847855E-02 1.77433918E-04 3.02143395E-01
5.58611631E-01 -1.00115221E-03 -7.39108250E-02 1.83305106E-04 3.11919600E-01
 5 1
 1 2
 2 3
 3 4
 4 7
 7 8
 8 11
 11 13
 13 14
 14 15
 15 19
 19 22
 22 23
 23 24
 24 27
 6 9
 9 10
 10 12
 12 16
 16 17
 17 18
 18 20
 20 21
 21 25
 25 26
 26 28
 28 29
 5 6
 30 33
 33 34
 34 35
 35 37
 37 36
 36 44
 44 45
 45 46
 46 48
 48 47
 47 49
 49 40
 40 42
 42 43
 43 41
 41 38
 38 39
 51 52
 52 50
 50 31
 31 32
 32 30
 61 60
 60 59
 59 57
 57 58
 58 56
 56 54
 54 55
 55 53
 53 51
 65 64
 64 62
 62 63
 63 61
 66 67
 66 65
 68 70
 70 71
 72 69
 69 68
 75 73
 73 74
 74 72
 76 75
 79 78
 78 77
 77 76
 81 82
 82 83
 83 85
 85 84
 84 86
 86 87
 87 95
 95 94
 94 96
 96 97
 97 98
 98 99
 99 93
 93 92
 92 91
 91 90
 90 88
 88 89
 89 100
 100 101
 101 102
 102 103
 103 104
 104 105
 105 106
 81 80
 80 79
 107 110
 110 111
 111 114
 114 115
 115 116
 116 117
 117 118
 118 119
 119 120
 120 121
 121 122
 122 123
 123 124
 124 125
 125 126
 126 127
 127 128
 128 129
 112 108
 108 109
 109 107
 130 113
 113 112
 130 131
 132 133
 133 135
 135 134
 134 136
 136 137
 137 138
 138 139
 139 140
 140 141
 141 142
 142 143
 143 144
 144 145
 145 146
 146 147
 147 154
 154 155
 155 156
 156 157
 157 158
 158 159
 159 151
 151 150
 150 153
 153 152
 152 148
 148 149
 149 160
 160 161
 161 162
 162 163
 163 164
 164 165
 165 166
 166 167
ZONE T="COFFE, MIT adapt Y=-0.035"
 STRANDID=0, SOLUTIONTIME=0
 Nodes=188, Elements=183, ZONETYPE=FELineSeg
 DATAPACKING=POINT
 DT=(DOUBLE DOUBLE DOUBLE DOUBLE DOUBLE )
7.36352086E-01 -3.50000001E-02 -1.30167544E-01 1.29477971E-03 4.42754924E-01
7.38038182E-01 -3.50000001E-02 -1.30218819E-01 1.26302755E-03 4.45340306E-01
7.38605797E-01 -3.50000001E-02 -1.30236134E-01 2.80565233E-03 4.44432199E-01
7.38092363E-01 -3.50000001E-02 -1.30066693E-01 5.73916986E-05 4.42423880E-01
7.33821392E-01 -3.50000001E-02 -1.30089328E-01 1.31875370E-03 4.39584643E-01
7.33305454E-01 -3.50000001E-02 -1.30073249E-01 1.31875381E-03 4.39258218E-01
7.33627558E-01 -3.50000001E-02 -1.30083293E-01 1.31875370E-03 4.39462006E-01
7.10316718E-01 -3.50000001E-02 -1.29309222E-01 1.43927301E-03 4.21434164E-01
7.26765513E-01 -3.50000001E-02 -1.29865602E-01 1.42775371E-03 4.33779389E-01
7.20274448E-01 -3.50000001E-02 -1.29651010E-01 1.48447766E-03 4.28134412E-01
6.90788567E-01 -3.50000001E-02 -1.28587544E-01 1.57492352E-03 4.10450369E-01
6.87476754E-01 -3.50000001E-02 -1.28459468E-01 1.57491665E-03 4.09292042E-01
6.80069625E-01 -3.50000001E-02 -1.28163174E-01 1.56843278E-03 4.05212909E-01
6.43295050E-01 -3.50000001E-02 -1.26570642E-01 1.69835472E-03 3.91338617E-01
6.18261993E-01 -3.50000001E-02 -1.25365168E-01 1.71793427E-03 3.84880662E-01
7.36960948E-01 -3.50000001E-02 -1.29693463E-01 5.24247553E-05 4.43276644E-01
7.34145343E-01 -3.50000001E-02 -1.28766000E-01 5.21451002E-05 4.40692037E-01
7.33882785E-01 -3.50000001E-02 -1.28679574E-01 5.21451002E-05 4.40550596E-01
7.33634651E-01 -3.50000001E-02 -1.28597885E-01 5.21451002E-05 4.40416902E-01
7.16061115E-01 -3.50000001E-02 -1.22851364E-01 9.79274628E-05 4.31410760E-01
7.28249669E-01 -3.50000001E-02 -1.26829550E-01 5.31633013E-05 4.37630385E-01
7.21366644E-01 -3.50000001E-02 -1.24577835E-01 5.30774487E-05 4.34326619E-01
6.91911399E-01 -3.50000001E-02 -1.15060151E-01 1.55798029E-04 4.15526569E-01
6.88259244E-01 -3.50000001E-02 -1.13891140E-01 1.55798043E-04 4.12933171E-01
-2.46276051E-01 -3.50000188E-02 3.84042040E-02 -3.59686092E-04 2.03033239E-01
-2.45296955E-01 -3.49999554E-02 3.45474146E-02 -3.81351827E-04 6.53427184E-01
-2.46386439E-01 -3.50000001E-02 4.19559255E-02 6.21088780E-04 -4.61854339E-01
-2.44528860E-01 -3.49999629E-02 3.26948725E-02 -4.14078240E-04 7.68054008E-01
-2.43524760E-01 -3.50000001E-02 3.07317823E-02 -4.10311448E-04 8.97482395E-01
-2.42511585E-01 -3.50000001E-02 2.90911738E-02 -4.06699954E-04 9.35233593E-01
-2.45460451E-01 -3.49999815E-02 3.50135379E-02 -3.81265359E-04 6.16400421E-01
-2.45733365E-01 -3.49999890E-02 3.58820334E-02 -4.30082291E-04 5.07187903E-01
-2.45127484E-01 -3.50000001E-02 3.40830684E-02 -4.21648903E-04 6.86736524E-01
-2.44691610E-01 -3.49999741E-02 3.30565237E-02 -4.13873990E-04 7.47130632E-01
-2.44366288E-01 -3.50000001E-02 3.23331840E-02 -2.91367818E-04 7.89734244E-01
-2.43788332E-01 -3.49999964E-02 3.12260110E-02 -4.45279438E-04 8.65103781E-01
-2.44088322E-01 -3.49999927E-02 3.17916274E-02 -4.45573882E-04 8.27363610E-01
-2.43273497E-01 -3.50000001E-02 3.03172469E-02 -4.21950681E-04 9.11936164E-01
-2.42745653E-01 -3.50000001E-02 2.94497218E-02 -4.21893870E-04 9.27547932E-01
-2.39310116E-01 -3.50000001E-02 2.48930417E-02 -3.72106988E-05 9.97288644E-01
-2.46196032E-01 -3.50000039E-02 3.79222035E-02 -3.69797257E-04 2.73626775E-01
-2.46020988E-01 -3.49999964E-02 3.70160267E-02 -4.07978339E-04 4.19389188E-01
-2.42255792E-01 -3.50000039E-02 2.87162978E-02 -1.92158361E-04 9.43418622E-01
-2.41433591E-01 -3.50000039E-02 2.75443457E-02 -1.77465889E-04 9.74546075E-01
-2.41889790E-01 -3.50000039E-02 2.81816702E-02 -1.92167558E-04 9.54951823E-01
-2.46331468E-01 -3.49999927E-02 3.88885364E-02 -2.00665905E-04 1.40799358E-01
-2.46410146E-01 -3.50000039E-02 3.97092551E-02 -8.60548753E-05 3.48145068E-02
-2.46422201E-01 -3.50000001E-02 4.13132720E-02 1.90761741E-04 -2.32988343E-01
-2.46428341E-01 -3.50000076E-02 4.07029614E-02 -1.42338657E-04 -9.12455693E-02
-2.46270508E-01 -3.49999964E-02 4.29496653E-02 6.57742959E-04 -4.88565385E-01
-2.46201932E-01 -3.50000001E-02 4.34120446E-02 7.19363627E-04 -5.48640072E-01
-2.46108532E-01 -3.50000039E-02 4.38679829E-02 5.90633485E-04 -6.78356767E-01
-2.36898303E-01 -3.50000001E-02 2.23073307E-02 5.84483350E-05 1.00225961E+00
-2.38670692E-01 -3.50000001E-02 2.41820551E-02 -3.56074852E-05 1.00265265E+00
-2.37453103E-01 -3.50000001E-02 2.28731260E-02 2.37483073E-05 1.00334466E+00
-2.39866272E-01 -3.50000001E-02 2.55646911E-02 -1.58788185E-04 9.95823801E-01
-2.40571275E-01 -3.49999964E-02 2.64173504E-02 -1.36859700E-04 9.94408071E-01
-2.36448273E-01 -3.50000001E-02 2.18611527E-02 5.84486625E-05 1.00105727E+00
-2.35222951E-01 -3.49999964E-02 2.06912570E-02 1.47266735E-04 9.96411085E-01
-2.33801737E-01 -3.49999927E-02 1.93879884E-02 1.65249759E-04 9.93713200E-01
-2.30105311E-01 -3.50000039E-02 1.63243990E-02 2.74556427E-04 9.61442411E-01
-2.32610330E-01 -3.50000113E-02 1.83788761E-02 1.65252961E-04 9.85192239E-01
-2.28549123E-01 -3.49999927E-02 1.51162418E-02 2.74550344E-04 9.41280305E-01
-2.25238919E-01 -3.49999852E-02 1.27192959E-02 3.58518562E-04 9.25727606E-01
-2.45870918E-01 -3.50000039E-02 4.48405929E-02 1.55242614E-03 -8.12427402E-01
-2.45198414E-01 -3.50000039E-02 4.67838384E-02 2.85283080E-03 -1.15689349E+00
-2.44996741E-01 -3.50000001E-02 4.72583547E-02 2.57855211E-03 -1.19352436E+00
-2.45760083E-01 -3.49999964E-02 4.52495292E-02 1.62017962E-03 -8.55018139E-01
-2.45565891E-01 -3.49999964E-02 4.58299257E-02 1.58699055E-03 -1.04130864E+00
-2.22419858E-01 -3.50000113E-02 1.08028399E-02 3.99014854E-04 9.08363461E-01
-2.25238919E-01 -3.49999852E-02 1.27192959E-02 3.58518562E-04 9.25727606E-01
-2.21911430E-01 -3.49999890E-02 1.04627972E-02 3.99053039E-04 9.02516007E-01
-2.19391078E-01 -3.50000039E-02 8.83754063E-03 5.26413147E-04 8.74684930E-01
-2.17970550E-01 -3.50000001E-02 7.94672780E-03 6.39494276E-04 8.60607922E-01
-2.05455020E-01 -3.50000039E-02 9.19195998E-04 8.94481083E-04 7.93251812E-01
-2.00264871E-01 -3.49999927E-02 -1.70483487E-03 1.06854667E-03 7.70380199E-01
-2.14004904E-01 -3.50000039E-02 5.59229450E-03 7.82424584E-04 8.48340034E-01
-2.10213363E-01 -3.50000039E-02 3.45703843E-03 1.01207779E-03 8.22821200E-01
-1.79217800E-01 -3.50000001E-02 -1.11372983E-02 1.27404684E-03 6.82419121E-01
-1.83800206E-01 -3.49999927E-02 -9.21795890E-03 1.24567223E-03 6.97094440E-01
-1.92898139E-01 -3.49999964E-02 -5.20114833E-03 1.14816998E-03 7.35776722E-01
-1.71451643E-01 -3.49999927E-02 -1.42542711E-02 1.46032264E-03 6.62236691E-01
-1.52166575E-01 -3.49999964E-02 -2.13642474E-02 1.86187797E-03 6.07418835E-01
-1.63283810E-01 -3.50000001E-02 -1.73640661E-02 1.51957013E-03 6.36516988E-01
-9.38611701E-02 -3.50000001E-02 -3.90997678E-02 1.92337460E-03 5.14499485E-01
-7.58611038E-02 -3.50000039E-02 -4.37634028E-02 2.03016330E-03 4.97278482E-01
2.96845399E-02 -3.49999964E-02 -6.61457106E-02 2.07259809E-03 4.20482665E-01
1.76313356E-01 -3.49999815E-02 -8.82658660E-02 1.85275171E-03 3.72230619E-01
2.10111737E-01 -3.50000001E-02 -9.23876241E-02 2.06292770E-03 3.66002709E-01
3.58674020E-01 -3.50000001E-02 -1.07522756E-01 2.02631345E-03 3.54206026E-01
2.67548114E-01 -3.50000001E-02 -9.87638384E-02 1.95848825E-03 3.58428776E-01
2.52190143E-01 -3.49999964E-02 -9.71314758E-02 1.97407254E-03 3.60139281E-01
4.87231225E-01 -3.50000001E-02 -1.17569588E-01 1.78996369E-03 3.61663938E-01
3.71237993E-01 -3.49999964E-02 -1.08615562E-01 1.98684353E-03 3.53747666E-01
4.70752507E-01 -3.50000001E-02 -1.16417594E-01 1.79005123E-03 3.59358907E-01
4.28166181E-01 -3.50000001E-02 -1.13257967E-01 1.96462986E-03 3.56944889E-01
4.12146509E-01 -3.50000001E-02 -1.12000398E-01 1.80747570E-03 3.55555296E-01
1.24986582E-02 -3.50000001E-02 -6.29695505E-02 1.81867578E-03 4.29079145E-01
-1.09436497E-01 -3.49999852E-02 -3.47941928E-02 1.99082145E-03 5.35838008E-01
-1.33601964E-01 -3.50000001E-02 -2.75343470E-02 1.70333893E-03 5.74136794E-01
1.46024585E-01 -3.50000001E-02 -8.43051821E-02 1.86490780E-03 3.78367364E-01
4.77739647E-02 -3.49999964E-02 -6.93332031E-02 2.29227263E-03 4.10435587E-01
1.11316472E-01 -3.50000076E-02 -7.94178173E-02 1.91507733E-03 3.88614178E-01
6.84439242E-02 -3.50000001E-02 -7.27937445E-02 2.07432359E-03 4.02449638E-01
-1.82312578E-02 -3.49999927E-02 -5.68818934E-02 2.14047055E-03 4.46939886E-01
4.97678757E-01 -3.50000001E-02 -1.18280418E-01 1.79539144E-03 3.62385184E-01
5.46001494E-01 -3.50000001E-02 -1.21368699E-01 1.79180386E-03 3.69469464E-01
3.48456919E-01 -3.50000001E-02 -1.06613152E-01 2.12074420E-03 3.53455454E-01
3.24760199E-01 -3.49999964E-02 -1.04438685E-01 2.17028498E-03 3.54406506E-01
-5.83537854E-02 -3.49999927E-02 -4.80181389E-02 2.27177981E-03 4.76198643E-01
-3.76528054E-02 -3.50000001E-02 -5.27334772E-02 2.24666880E-03 4.61474568E-01
5.82428157E-01 -3.50000001E-02 -1.23478442E-01 1.82703778E-03 3.76196265E-01
6.18261993E-01 -3.50000001E-02 -1.25365168E-01 1.71793427E-03 3.84880662E-01
-2.43533999E-01 -3.49999927E-02 4.98405211E-02 5.01971226E-03 -1.60968769E+00
-2.42326051E-01 -3.50000300E-02 5.14255129E-02 4.93341265E-03 -1.65934658E+00
-2.43248627E-01 -3.50000001E-02 5.02425805E-02 6.48790272E-03 -1.63354814E+00
-2.42695108E-01 -3.50000039E-02 5.09771481E-02 4.93352301E-03 -1.66700554E+00
-2.43805051E-01 -3.49999964E-02 4.94278297E-02 3.86523549E-03 -1.55980337E+00
-2.44375646E-01 -3.50000001E-02 4.84772585E-02 3.60662653E-03 -1.42049289E+00
-2.44743139E-01 -3.50000001E-02 4.77873273E-02 3.10794427E-03 -1.32144582E+00
-2.44996741E-01 -3.50000001E-02 4.72583547E-02 2.57855211E-03 -1.19352436E+00
-2.41891026E-01 -3.49999964E-02 5.19462973E-02 6.75386610E-03 -1.66405809E+00
-2.41548896E-01 -3.50000039E-02 5.23155741E-02 6.75347168E-03 -1.74019825E+00
-2.40631893E-01 -3.50000113E-02 5.32549545E-02 5.95513731E-03 -1.83156359E+00
-2.39791438E-01 -3.50000039E-02 5.40233180E-02 3.71767976E-03 -1.81232274E+00
-2.40239188E-01 -3.50000225E-02 5.36207333E-02 3.71809886E-03 -1.84546173E+00
-2.39160553E-01 -3.50000001E-02 5.45670316E-02 4.20700805E-03 -1.80563116E+00
-2.38289535E-01 -3.49999927E-02 5.52658327E-02 4.97878063E-03 -1.86677480E+00
-2.33509168E-01 -3.50000001E-02 5.83875477E-02 4.42453939E-03 -1.74054146E+00
-2.37269625E-01 -3.49999666E-02 5.60145564E-02 4.06404119E-03 -1.82242084E+00
-2.36300588E-01 -3.50000001E-02 5.66862859E-02 4.05838015E-03 -1.78531694E+00
-2.29495525E-01 -3.50000001E-02 6.04074411E-02 2.94469087E-03 -1.65391850E+00
-2.34002978E-01 -3.50000001E-02 5.81054315E-02 3.27532948E-03 -1.75634742E+00
-2.35455379E-01 -3.50000001E-02 5.72358109E-02 4.24583396E-03 -1.78082693E+00
-2.32709333E-01 -3.50000001E-02 5.88261001E-02 4.08169394E-03 -1.72484720E+00
-2.30606169E-01 -3.50000151E-02 5.98876700E-02 5.63654164E-03 -1.65136373E+00
-2.32200071E-01 -3.50000001E-02 5.90968393E-02 4.08157660E-03 -1.72971833E+00
-2.29027599E-01 -3.50000001E-02 6.06182218E-02 4.45629330E-03 -1.63978910E+00
-2.28139624E-01 -3.50001901E-02 6.10026456E-02 4.51335683E-03 -1.59718883E+00
-2.20528200E-01 -3.50000001E-02 6.37876242E-02 3.60708218E-03 -1.45697641E+00
-2.20588237E-01 -3.50000001E-02 6.37691021E-02 3.60708195E-03 -1.45671344E+00
-2.24830613E-01 -3.50000001E-02 6.23195656E-02 3.09740962E-03 -1.54875576E+00
-2.20477194E-01 -3.50000001E-02 6.38033748E-02 3.60708241E-03 -1.45719993E+00
-2.15242982E-01 -3.49999592E-02 6.52980804E-02 3.90197057E-03 -1.34092963E+00
-2.12790668E-01 -3.49999964E-02 6.59175739E-02 5.28076058E-03 -1.29727733E+00
-2.10134506E-01 -3.50000300E-02 6.65318668E-02 2.54344358E-03 -1.26360559E+00
-2.04341650E-01 -3.49999890E-02 6.76932782E-02 3.47442343E-03 -1.19989085E+00
-2.01528206E-01 -3.50000113E-02 6.81981072E-02 4.03367216E-03 -1.14599800E+00
-2.01528206E-01 -3.50000113E-02 6.81981072E-02 4.03367216E-03 -1.14599800E+00
-1.93503529E-01 -3.50002237E-02 6.93755522E-02 2.39056605E-03 -1.07603776E+00
-1.84544668E-01 -3.50004062E-02 7.04126507E-02 2.33809021E-03 -9.87309217E-01
-1.71038285E-01 -3.49999331E-02 7.14469552E-02 2.29452830E-03 -9.02939081E-01
-1.59040377E-01 -3.50001380E-02 7.19583109E-02 3.65464948E-03 -8.33257496E-01
-1.51630774E-01 -3.49997990E-02 7.21171424E-02 3.35306209E-03 -7.92873800E-01
-1.27295032E-01 -3.49997692E-02 7.19479173E-02 3.63349030E-03 -6.91251993E-01
-4.75367233E-02 -3.49999927E-02 6.61281049E-02 4.20954777E-03 -4.69830871E-01
6.17242873E-01 -3.50000039E-02 -9.16264653E-02 3.73344810E-04 3.58711541E-01
1.43838704E-01 -3.50000001E-02 3.40272523E-02 1.90017000E-03 -1.26218721E-01
3.82706523E-02 -3.50000747E-02 5.40726520E-02 2.32512853E-03 -2.99484044E-01
4.74896252E-01 -3.50000039E-02 -4.95390743E-02 8.07581120E-04 2.40405604E-01
-1.06984816E-01 -3.50000151E-02 7.11284652E-02 3.13971005E-03 -6.23685420E-01
-8.13694373E-02 -3.49991955E-02 6.93889186E-02 2.49964418E-03 -5.52935541E-01
1.46539062E-01 -3.50000001E-02 3.34589891E-02 1.90016872E-03 -1.21732391E-01
1.81986153E-01 -3.49999703E-02 2.57601999E-02 2.01160973E-03 -7.26667643E-02
3.21289659E-01 -3.49999443E-02 -7.86808506E-03 7.69213075E-04 9.38388333E-02
2.89888978E-01 -3.49999256E-02 1.23131846E-04 1.25701551E-03 6.04320616E-02
3.05088013E-01 -3.49999443E-02 -3.72575503E-03 8.65405484E-04 7.57644773E-02
1.39973164E-01 -3.50000076E-02 3.48407142E-02 1.90017174E-03 -1.32640868E-01
7.07525983E-02 -3.50001603E-02 4.84202467E-02 2.29755789E-03 -2.42431432E-01
8.95023867E-02 -3.50002348E-02 4.49321494E-02 1.68231956E-03 -2.10512415E-01
6.44884825E-01 -3.50000188E-02 -1.00186549E-01 2.71484168E-04 3.80216926E-01
5.08541882E-01 -3.49999666E-02 -5.92034571E-02 6.71965827E-04 2.68234223E-01
5.35614431E-01 -3.49999964E-02 -6.70933351E-02 7.05105776E-04 2.91912109E-01
3.61123711E-01 -3.50000113E-02 -1.82669107E-02 8.98719882E-04 1.36264667E-01
3.76766175E-01 -3.49999927E-02 -2.24373043E-02 8.26840871E-04 1.51579574E-01
3.70277524E-01 -3.50000039E-02 -2.06898078E-02 8.26844247E-04 1.45917177E-01
5.88484168E-01 -3.50000001E-02 -8.28582868E-02 4.66278289E-04 3.34907860E-01
5.76852918E-01 -3.50000001E-02 -7.93585181E-02 4.66278609E-04 3.24837923E-01
6.85397804E-01 -3.50000001E-02 -1.12975210E-01 1.55798043E-04 4.10901248E-01
4.34328556E-01 -3.50000374E-02 -3.81466113E-02 7.70760467E-04 2.04621658E-01
4.23333108E-01 -3.49999964E-02 -3.50889675E-02 8.31739802E-04 1.95461512E-01
1.34009644E-02 -3.50003950E-02 5.80271371E-02 2.11887993E-03 -3.43486786E-01
-1.67068634E-02 -3.49994786E-02 6.23394363E-02 2.50629266E-03 -4.03603286E-01
3.22974357E-03 -3.50000001E-02 5.95490970E-02 3.51246633E-03 -3.62099349E-01
2.16962501E-01 -3.50000039E-02 1.77850816E-02 1.80264458E-03 -2.53908429E-02
2.28855923E-01 -3.49999852E-02 1.49841942E-02 1.13490399E-03 -1.12921661E-02
6.87498629E-01 -3.50000001E-02 -1.13647662E-01 1.55798043E-04 4.12393034E-01
6.88259244E-01 -3.50000001E-02 -1.13891140E-01 1.55798043E-04 4.12933171E-01
 3 2
 2 1
 1 5
 5 7
 7 6
 6 9
 9 10
 10 8
 8 11
 11 12
 12 13
 13 14
 14 15
 4 3
 16 4
 16 17
 17 18
 18 19
 19 21
 21 22
 22 20
 20 23
 23 24
 25 41
 41 42
 42 32
 32 31
 31 26
 26 33
 33 34
 34 28
 28 35
 35 37
 37 36
 36 29
 29 38
 38 39
 39 30
 30 43
 43 45
 45 44
 44 57
 57 56
 56 40
 40 54
 54 55
 55 53
 53 58
 58 59
 59 60
 60 62
 62 61
 61 63
 63 64
 46 47
 47 49
 49 48
 48 27
 27 50
 50 51
 51 52
 52 65
 65 68
 68 69
 69 66
 66 67
 46 25
 70 71
 72 70
 72 73
 73 74
 74 77
 77 78
 78 75
 75 76
 76 81
 81 80
 80 79
 79 82
 82 84
 84 83
 83 100
 100 99
 99 85
 85 86
 86 110
 110 111
 111 105
 105 98
 98 87
 87 102
 102 104
 104 103
 103 101
 101 88
 88 89
 89 92
 92 91
 91 109
 109 108
 108 90
 90 94
 94 97
 97 96
 96 95
 95 93
 93 106
 106 107
 107 112
 112 113
 114 118
 118 119
 119 120
 120 121
 116 117
 117 115
 115 122
 122 123
 123 124
 124 126
 126 125
 125 127
 127 128
 128 130
 130 131
 131 134
 134 133
 133 129
 129 135
 135 137
 137 136
 136 132
 132 138
 138 139
 139 142
 142 141
 141 140
 140 143
 143 144
 144 145
 145 146
 146 147
 147 148
 116 114
 149 150
 150 151
 151 152
 152 153
 153 154
 154 155
 155 161
 161 162
 162 156
 156 183
 183 184
 184 182
 182 159
 159 169
 169 170
 170 168
 168 158
 158 163
 163 164
 164 185
 185 186
 186 166
 166 167
 167 165
 165 174
 174 176
 176 175
 175 181
 181 180
 180 160
 160 172
 172 173
 173 178
 178 177
 177 157
 157 171
 171 179
 179 187
 187 188
ZONE T="COFFE, MIT adapt Y=-0.73"
 STRANDID=0, SOLUTIONTIME=0
 Nodes=197, Elements=191, ZONETYPE=FELineSeg
 DATAPACKING=POINT
 DT=(DOUBLE DOUBLE DOUBLE DOUBLE DOUBLE )
-2.34023526E-01 -7.30000019E-01 1.95931736E-02 6.72448135E-04 7.91314662E-01
-2.33737066E-01 -7.30000019E-01 1.93391852E-02 6.72459078E-04 7.87496388E-01
-2.30455190E-01 -7.30000019E-01 1.65905524E-02 8.94268102E-04 7.28408098E-01
-2.36741811E-01 -7.30000019E-01 2.21480597E-02 3.82752973E-04 8.43144000E-01
-2.34419689E-01 -7.30000019E-01 1.99478734E-02 6.58488716E-04 7.95249045E-01
-2.36434013E-01 -7.30000019E-01 2.18492988E-02 3.82743456E-04 8.36372674E-01
-2.24863157E-01 -7.30000019E-01 1.24478554E-02 1.11262687E-03 6.69869840E-01
-2.20815286E-01 -7.30000019E-01 9.73267108E-03 1.27112982E-03 6.22109830E-01
-2.28662014E-01 -7.30000019E-01 1.52012650E-02 1.30825094E-03 7.04510808E-01
-2.25955039E-01 -7.30000019E-01 1.32124983E-02 1.11263595E-03 6.81408823E-01
-2.18716785E-01 -7.30000019E-01 8.40693247E-03 1.61557400E-03 6.14950001E-01
-2.12773129E-01 -7.30000019E-01 4.88248514E-03 1.64917437E-03 5.57535112E-01
-2.08072007E-01 -7.30000019E-01 2.29966315E-03 1.56906527E-03 5.27968287E-01
-2.01649249E-01 -7.30000019E-01 -1.01925922E-03 2.09027156E-03 4.93127078E-01
-1.94800362E-01 -7.30000019E-01 -4.31724917E-03 2.24732677E-03 4.67334688E-01
-1.88378349E-01 -7.30000019E-01 -7.23926071E-03 2.16505327E-03 4.39164370E-01
-1.74016997E-01 -7.30000019E-01 -1.32440692E-02 2.55444041E-03 4.03299063E-01
-1.66589096E-01 -7.30000019E-01 -1.61274448E-02 2.14887667E-03 3.78164798E-01
-1.49363458E-01 -7.30000019E-01 -2.23332159E-02 2.20395625E-03 3.46607894E-01
-4.42801639E-02 -7.30000019E-01 -5.12595996E-02 3.12525895E-03 2.31523976E-01
3.22963223E-02 -7.30000019E-01 -6.66169673E-02 2.89987377E-03 1.90378517E-01
6.24148548E-02 -7.30000019E-01 -7.18033314E-02 3.33952717E-03 1.75019041E-01
-1.43011689E-01 -7.29999959E-01 -2.44798567E-02 2.33060075E-03 3.30206096E-01
-2.40983013E-02 -7.30000019E-01 -5.56505993E-02 2.43366812E-03 2.21952558E-01
1.61507651E-02 -7.30000019E-01 -6.36582002E-02 2.44247355E-03 1.96770996E-01
-8.75408575E-02 -7.29999959E-01 -4.07727472E-02 2.53269076E-03 2.65099704E-01
-9.70344469E-02 -7.29999959E-01 -3.82448919E-02 2.76092882E-03 2.77025223E-01
-1.87657192E-01 -7.30000019E-01 7.00940937E-02 4.87796450E-03 -3.96847218E-01
-1.95084080E-01 -7.30000019E-01 6.91821054E-02 4.71710740E-03 -4.27486837E-01
-1.80113047E-01 -7.30000019E-01 7.08124563E-02 3.24111804E-03 -3.62004519E-01
-1.75580367E-01 -7.30000019E-01 7.11586624E-02 4.73184604E-03 -3.51269186E-01
-1.59286350E-01 -7.30000019E-01 7.19541535E-02 4.30761091E-03 -3.06564003E-01
-1.51761502E-01 -7.30000019E-01 7.21187219E-02 3.71967303E-03 -2.93600023E-01
-1.39353871E-01 -7.30000019E-01 7.21605346E-02 3.60859092E-03 -2.67064899E-01
-1.13282554E-01 -7.30000019E-01 7.14427307E-02 2.96527543E-03 -2.34082907E-01
4.52521704E-02 -7.30000019E-01 5.29013239E-02 2.70079845E-03 -8.81506577E-02
-5.17069511E-02 -7.30000019E-01 6.65807649E-02 2.55229650E-03 -1.61031529E-01
-5.32107353E-02 -7.30000019E-01 6.67444393E-02 2.69996980E-03 -1.61066338E-01
-5.22778928E-02 -7.30000019E-01 6.66430295E-02 2.55228835E-03 -1.61011308E-01
2.01436058E-01 -7.30000019E-01 2.13716850E-02 2.93138786E-03 -5.07425740E-02
1.91164672E-01 -7.30000019E-01 2.37058438E-02 2.48483941E-03 -5.00044636E-02
1.27472907E-01 -7.29999959E-01 3.74391973E-02 2.28235940E-03 -5.35663925E-02
3.72267216E-02 -7.29999959E-01 5.42464666E-02 2.77966284E-03 -9.49061289E-02
1.88730378E-03 -7.30000019E-01 5.97481243E-02 2.85472628E-03 -1.17701538E-01
5.34251332E-02 -7.29999959E-01 5.14999107E-02 2.67480989E-03 -8.46073776E-02
1.13890007E-01 -7.30000019E-01 4.01886925E-02 2.81404704E-03 -5.71487024E-02
-1.10298008E-01 -7.30000019E-01 7.12983012E-02 3.08434013E-03 -2.23845407E-01
2.60008723E-01 -7.30000019E-01 7.51838181E-03 2.88964924E-03 -7.35981241E-02
2.80938447E-01 -7.30000019E-01 2.36339518E-03 3.01834987E-03 -9.31216404E-02
4.98094767E-01 -7.30000019E-01 -1.18309744E-01 2.84431200E-03 7.72233829E-02
5.11682808E-01 -7.30000019E-01 -1.19207978E-01 2.39040260E-03 7.83053413E-02
4.88675654E-01 -7.30000019E-01 -1.17668293E-01 2.59335246E-03 7.75620416E-02
4.59169924E-01 -7.30000019E-01 -1.15582392E-01 2.81795161E-03 7.71461576E-02
3.89892220E-01 -7.30000019E-01 -1.10188924E-01 2.81378999E-03 8.81624594E-02
3.05271149E-01 -7.30000019E-01 -1.02576241E-01 2.61544622E-03 1.02454625E-01
1.76210403E-01 -7.30000019E-01 -8.82525146E-02 2.96993367E-03 1.33668914E-01
1.81704715E-01 -7.30000019E-01 -8.89426246E-02 2.88282102E-03 1.31161943E-01
2.18434930E-01 -7.30000019E-01 -9.33597609E-02 2.90833553E-03 1.21066615E-01
9.98788923E-02 -7.30000019E-01 -7.77203515E-02 2.94132787E-03 1.56449616E-01
1.71217754E-01 -7.30000019E-01 -8.76186639E-02 2.73897196E-03 1.36571273E-01
1.06719047E-01 -7.30000019E-01 -7.87398517E-02 3.55113344E-03 1.58647269E-01
1.36656553E-01 -7.30000019E-01 -8.30248967E-02 2.79630651E-03 1.45221218E-01
5.25996745E-01 -7.29999959E-01 -1.20130047E-01 2.66976771E-03 7.69564211E-02
4.33556885E-01 -7.30000019E-01 -1.13672346E-01 3.04344436E-03 8.20029303E-02
4.18151706E-01 -7.30000019E-01 -1.12472638E-01 2.40383786E-03 8.21031183E-02
3.60605538E-01 -7.29999959E-01 -1.07691780E-01 3.00651882E-03 9.40376371E-02
3.42144608E-01 -7.30000019E-01 -1.06044397E-01 2.93062441E-03 9.46859568E-02
3.48377109E-01 -7.30000019E-01 -1.06607109E-01 2.62620440E-03 9.29188058E-02
2.65546292E-01 -7.30000019E-01 -9.85525921E-02 2.98692216E-03 1.10235989E-01
2.62905270E-01 -7.30000019E-01 -9.82759744E-02 2.98691471E-03 1.10937126E-01
2.63988018E-01 -7.30000019E-01 -9.83893871E-02 2.98691774E-03 1.10649668E-01
9.30026695E-02 -7.30000019E-01 -7.66749680E-02 2.76926020E-03 1.62084714E-01
6.24148548E-02 -7.30000019E-01 -7.18033314E-02 3.33952717E-03 1.75019041E-01
6.10308647E-01 -7.30000019E-01 -1.24963075E-01 2.22138106E-03 9.68402848E-02
6.55691445E-01 -7.30000019E-01 -1.27132595E-01 2.66302633E-03 1.31502315E-01
6.59609199E-01 -7.30000019E-01 -1.27304092E-01 2.66304216E-03 1.36742026E-01
6.60677850E-01 -7.30000019E-01 -1.27350882E-01 2.66304635E-03 1.38171300E-01
5.80466926E-01 -7.30000019E-01 -1.23368770E-01 2.41864100E-03 8.56278539E-02
5.55911303E-01 -7.30000019E-01 -1.21961057E-01 2.36297888E-03 8.07769299E-02
-2.46376127E-01 -7.30000019E-01 3.94027159E-02 -6.55087642E-05 7.47029662E-01
-2.46421471E-01 -7.30000019E-01 4.12215739E-02 7.57821035E-05 5.97402990E-01
-2.46057317E-01 -7.30000019E-01 3.71644869E-02 -5.74937512E-05 8.75111282E-01
-2.45678514E-01 -7.30000019E-01 3.56934965E-02 -9.18250444E-05 9.41080630E-01
-2.45887280E-01 -7.30000019E-01 3.64721008E-02 -1.16293319E-04 9.07049000E-01
-2.46389434E-01 -7.30000019E-01 3.95970717E-02 -6.54823525E-05 7.31895268E-01
-2.46423915E-01 -7.30000019E-01 4.10158597E-02 7.57560119E-05 6.15121841E-01
-2.46431917E-01 -7.30000019E-01 4.03412357E-02 7.56224617E-05 6.73230112E-01
-2.46419117E-01 -7.30000019E-01 4.14196849E-02 7.58022143E-05 5.80339074E-01
-2.46301487E-01 -7.30000019E-01 4.27350476E-02 5.07346180E-04 4.95941043E-01
-2.46365666E-01 -7.30000019E-01 4.20847386E-02 1.89669328E-04 5.43740034E-01
-2.45547339E-01 -7.29999959E-01 3.53166312E-02 -1.06013264E-04 9.60447848E-01
-2.45012298E-01 -7.30000019E-01 3.38081308E-02 -1.06025291E-04 9.51195896E-01
-2.46362537E-01 -7.30000019E-01 3.92043330E-02 -6.55378099E-05 7.62477696E-01
-2.46215224E-01 -7.30000019E-01 3.80866230E-02 -7.29392195E-05 8.23361337E-01
-2.44864509E-01 -7.30000019E-01 3.34375575E-02 -9.58227101E-05 9.50395823E-01
-2.44155958E-01 -7.29999959E-01 3.20039168E-02 3.20892832E-05 9.64800835E-01
-2.43974462E-01 -7.29999959E-01 3.16474438E-02 3.20896106E-05 9.69514430E-01
-2.43323579E-01 -7.30000019E-01 3.03882193E-02 9.59418685E-06 9.85399365E-01
-2.40624830E-01 -7.30000019E-01 2.65205987E-02 1.73997818E-04 9.22860503E-01
-2.42856935E-01 -7.29999959E-01 2.96655353E-02 9.59231056E-06 9.72911775E-01
-2.42275760E-01 -7.29999959E-01 2.87654903E-02 9.58782948E-06 9.57359314E-01
-2.42566258E-01 -7.29999959E-01 2.92153656E-02 9.59042882E-06 9.65133071E-01
-2.40386218E-01 -7.30000019E-01 2.62090098E-02 1.73997934E-04 9.18287396E-01
-2.39175349E-01 -7.30000019E-01 2.47540232E-02 2.83136091E-04 9.01221871E-01
-2.46201932E-01 -7.30000019E-01 4.34120446E-02 9.58054501E-04 3.95749331E-01
-2.40973607E-01 -7.30000019E-01 2.69760322E-02 1.73997556E-04 9.29544806E-01
-2.41759658E-01 -7.30000019E-01 2.80025043E-02 1.73996508E-04 9.44610357E-01
-2.46060982E-01 -7.30000019E-01 4.40816842E-02 8.64249712E-04 3.20915937E-01
-2.38794312E-01 -7.30000019E-01 2.43155565E-02 2.93068500E-04 8.86100769E-01
-2.36741811E-01 -7.30000019E-01 2.21480597E-02 3.82752973E-04 8.43144000E-01
-2.45755389E-01 -7.30000019E-01 4.52522449E-02 1.32225244E-03 2.26716205E-01
-2.45905623E-01 -7.30000019E-01 4.47165594E-02 1.32213871E-03 2.48790190E-01
7.36874580E-01 -7.30000019E-01 -1.30183563E-01 3.12781637E-03 1.32734939E-01
7.37307727E-01 -7.30000019E-01 -1.30196735E-01 3.12781800E-03 1.29056662E-01
7.38605797E-01 -7.30000019E-01 -1.30236134E-01 8.58764723E-03 3.93237472E-02
7.37474859E-01 -7.30000019E-01 -1.29862934E-01 3.60746606E-04 6.11412004E-02
7.35796750E-01 -7.30000019E-01 -1.30150482E-01 2.79692840E-03 1.45756364E-01
7.33644009E-01 -7.30000019E-01 -1.30083889E-01 2.82349670E-03 1.63039312E-01
7.30873883E-01 -7.30000019E-01 -1.29996508E-01 2.20114156E-03 1.74145520E-01
7.24792361E-01 -7.30000019E-01 -1.29799142E-01 2.18816078E-03 1.83975920E-01
7.29187131E-01 -7.30000019E-01 -1.29942551E-01 2.18817173E-03 1.78939015E-01
7.18032122E-01 -7.30000019E-01 -1.29574969E-01 1.90842827E-03 1.88924372E-01
7.04601943E-01 -7.30000019E-01 -1.29101112E-01 1.56964420E-03 1.85376912E-01
7.00166106E-01 -7.30000019E-01 -1.28938779E-01 1.56965863E-03 1.80646524E-01
6.68069124E-01 -7.30000019E-01 -1.27668127E-01 1.77818385E-03 1.45262897E-01
6.60677850E-01 -7.30000019E-01 -1.27350882E-01 2.66304635E-03 1.38171300E-01
7.36447811E-01 -7.30000019E-01 -1.29524380E-01 6.00732164E-04 4.77765203E-02
7.34845638E-01 -7.30000019E-01 -1.28996342E-01 6.00729429E-04 1.96633060E-02
7.34057784E-01 -7.30000019E-01 -1.28737003E-01 1.02519710E-03 8.38560332E-03
7.31257498E-01 -7.30000019E-01 -1.27816156E-01 1.02519582E-03 -2.04583108E-02
7.29652643E-01 -7.30000019E-01 -1.27289429E-01 1.02019485E-03 -4.49447110E-02
7.25571275E-01 -7.30000019E-01 -1.25951901E-01 1.02458114E-03 -1.02836758E-01
7.20730066E-01 -7.30000019E-01 -1.24369718E-01 2.93799350E-03 -1.58427045E-01
7.06731379E-01 -7.30000019E-01 -1.19821072E-01 2.83646490E-03 -2.86335081E-01
7.02808142E-01 -7.30000019E-01 -1.18553549E-01 3.52731626E-03 -3.14952433E-01
6.81148648E-01 -7.30000019E-01 -1.11607298E-01 3.65843135E-03 -4.54277217E-01
6.65544391E-01 -7.30000019E-01 -1.06657512E-01 4.09197202E-03 -5.26016712E-01
6.53465092E-01 -7.30000019E-01 -1.02856606E-01 4.54952428E-03 -5.80665469E-01
5.21786332E-01 -7.30000019E-01 -6.30400404E-02 5.54520031E-03 -7.53639936E-01
6.02596045E-01 -7.30000019E-01 -8.71347114E-02 4.89514926E-03 -7.87802279E-01
4.99685735E-01 -7.30000019E-01 -5.66310845E-02 5.42773586E-03 -6.61902368E-01
4.71278667E-01 -7.30000019E-01 -4.85069305E-02 4.86328034E-03 -5.45372486E-01
6.23913884E-01 -7.30000019E-01 -9.36695039E-02 5.03508886E-03 -7.01787710E-01
5.35469830E-01 -7.30000019E-01 -6.70468286E-02 5.81016624E-03 -7.93090522E-01
5.87716281E-01 -7.30000019E-01 -8.26188922E-02 5.69393672E-03 -8.25890362E-01
4.46572363E-01 -7.30000019E-01 -4.15461659E-02 4.26887069E-03 -4.50384259E-01
4.31665927E-01 -7.30000019E-01 -3.73936445E-02 4.84848535E-03 -3.94100934E-01
3.76029670E-01 -7.29999959E-01 -2.22263318E-02 3.93185858E-03 -2.37915188E-01
3.58053952E-01 -7.30000019E-01 -1.74441319E-02 3.48537625E-03 -2.02976376E-01
2.83566505E-01 -7.30000019E-01 1.70840975E-03 3.43010691E-03 -9.53256860E-02
2.80938447E-01 -7.30000019E-01 2.36339518E-03 3.01834987E-03 -9.31216404E-02
-2.40263835E-01 -7.30000019E-01 5.36037423E-02 5.39909210E-03 -5.61076760E-01
-2.44078457E-01 -7.30000019E-01 4.89950329E-02 2.85580219E-03 -2.38452330E-01
-2.42954344E-01 -7.30000019E-01 5.06492890E-02 4.71509201E-03 -3.39628518E-01
-2.38742068E-01 -7.30000019E-01 5.49111627E-02 4.81441757E-03 -5.72522819E-01
-2.37097427E-01 -7.30000019E-01 5.61463125E-02 6.60357997E-03 -6.40715778E-01
-2.41674095E-01 -7.30000019E-01 5.21856397E-02 4.48884396E-03 -4.48895574E-01
-2.44180650E-01 -7.30000019E-01 4.88234535E-02 2.85590347E-03 -2.10116908E-01
-2.44806692E-01 -7.30000019E-01 4.76623774E-02 2.80620670E-03 -7.88177326E-02
-2.44568735E-01 -7.30000019E-01 4.81320694E-02 2.86009582E-03 -1.13080382E-01
-2.42833883E-01 -7.30000019E-01 5.08085676E-02 4.71510272E-03 -3.33681464E-01
-2.41807237E-01 -7.30000019E-01 5.20366579E-02 4.48878761E-03 -4.44238067E-01
-2.42288932E-01 -7.30000019E-01 5.14806733E-02 4.45145322E-03 -4.05315876E-01
-2.45755389E-01 -7.30000019E-01 4.52522449E-02 1.32225244E-03 2.26716205E-01
-2.41539121E-01 -7.30000019E-01 5.23329377E-02 5.25554363E-03 -4.52238649E-01
-2.40408361E-01 -7.30000019E-01 5.34654260E-02 5.34786796E-03 -5.52640438E-01
-2.40983471E-01 -7.30000019E-01 5.29090278E-02 5.36166318E-03 -4.61197376E-01
-2.40114942E-01 -7.30000019E-01 5.37373312E-02 5.97074162E-03 -5.62998354E-01
-2.38898039E-01 -7.30000019E-01 5.47852628E-02 6.01470051E-03 -5.70020676E-01
-2.39465088E-01 -7.30000019E-01 5.43114394E-02 5.91234118E-03 -5.38861692E-01
-2.38582715E-01 -7.30000019E-01 5.50359972E-02 4.81441012E-03 -5.79055309E-01
-2.37265378E-01 -7.30000019E-01 5.60265034E-02 6.46429276E-03 -6.43793523E-01
-2.37940252E-01 -7.30000019E-01 5.55332676E-02 6.05764519E-03 -5.91058135E-01
-2.43074805E-01 -7.30000019E-01 5.04900031E-02 4.71508177E-03 -3.45575720E-01
-2.43975386E-01 -7.30000019E-01 4.91660051E-02 3.16106342E-03 -2.55886734E-01
-2.45179370E-01 -7.30000019E-01 4.68458049E-02 2.25258362E-03 6.91170245E-02
-2.45432928E-01 -7.30000019E-01 4.62116823E-02 2.28947541E-03 1.26131371E-01
-2.33206078E-01 -7.30000019E-01 5.85569628E-02 5.43795712E-03 -6.30135000E-01
-2.35020861E-01 -7.30000019E-01 5.75098433E-02 6.21975912E-03 -6.59377575E-01
-2.34176025E-01 -7.30000019E-01 5.80122992E-02 5.62527822E-03 -6.42979264E-01
-2.36783996E-01 -7.30000019E-01 5.63618392E-02 6.64978055E-03 -6.35572851E-01
-2.35369578E-01 -7.30000019E-01 5.72911091E-02 6.53672917E-03 -6.44220471E-01
-2.25239933E-01 -7.30000019E-01 6.21697903E-02 5.94158284E-03 -5.76401651E-01
-2.22083628E-01 -7.30000019E-01 6.32862002E-02 6.31881366E-03 -5.86825550E-01
-2.32546449E-01 -7.30000019E-01 5.89149483E-02 6.46355236E-03 -6.32095754E-01
-2.29940921E-01 -7.30000019E-01 6.02041855E-02 5.38967736E-03 -6.11422539E-01
-2.29387194E-01 -7.30000019E-01 6.04585968E-02 6.50019292E-03 -6.18076622E-01
-2.26584151E-01 -7.30000019E-01 6.16465397E-02 6.59647258E-03 -6.03032470E-01
-2.09648341E-01 -7.30000019E-01 6.66379556E-02 6.23790035E-03 -4.88000602E-01
-2.10765213E-01 -7.30000019E-01 6.63885698E-02 4.59565036E-03 -5.03265202E-01
-2.15729386E-01 -7.30000019E-01 6.51738271E-02 5.41143212E-03 -5.38645387E-01
-2.20577061E-01 -7.30000019E-01 6.37751669E-02 5.85658243E-03 -5.62658191E-01
-2.16434091E-01 -7.30000019E-01 6.49862066E-02 5.39271208E-03 -5.45252442E-01
-2.08331317E-01 -7.30000019E-01 6.69173673E-02 5.08457702E-03 -4.78764951E-01
-2.01086029E-01 -7.30000019E-01 6.82732463E-02 4.95652528E-03 -4.47215736E-01
-1.99353501E-01 -7.30000019E-01 6.85487315E-02 4.97277640E-03 -4.43985760E-01
-1.95084080E-01 -7.30000019E-01 6.91821054E-02 4.71710740E-03 -4.27486837E-01
 2 1
 1 5
 5 6
 6 4
 2 3
 3 9
 9 10
 10 7
 7 8
 8 11
 11 12
 12 13
 13 14
 14 15
 15 16
 16 17
 17 18
 18 19
 19 23
 23 27
 27 26
 26 20
 20 24
 24 25
 25 21
 21 22
 29 28
 28 30
 30 31
 31 32
 32 33
 33 34
 34 35
 35 47
 47 38
 38 39
 39 37
 37 44
 44 43
 43 36
 36 45
 45 46
 46 42
 42 41
 41 40
 40 48
 48 49
 50 52
 52 53
 53 64
 64 65
 65 54
 54 66
 66 68
 68 67
 67 55
 55 69
 69 71
 71 70
 70 58
 58 57
 57 56
 56 60
 60 62
 62 61
 61 59
 59 72
 72 73
 75 76
 76 77
 63 51
 51 50
 74 75
 78 79
 79 63
 78 74
 80 85
 85 87
 87 86
 86 81
 81 88
 88 90
 90 89
 89 105
 105 108
 108 112
 112 111
 96 97
 97 98
 98 100
 100 102
 102 101
 101 107
 107 106
 106 99
 99 103
 103 104
 104 109
 109 110
 95 96
 92 95
 83 91
 91 92
 83 84
 84 82
 82 94
 94 93
 93 80
 114 115
 115 116
 116 127
 127 128
 128 129
 129 130
 130 131
 131 132
 132 133
 133 134
 134 135
 135 136
 136 137
 137 138
 138 143
 143 140
 140 145
 145 144
 144 139
 139 141
 141 142
 142 146
 146 147
 147 148
 148 149
 149 150
 150 151
 120 121
 121 119
 119 118
 118 117
 117 113
 113 114
 124 125
 125 126
 120 122
 122 123
 123 124
 154 161
 161 163
 163 162
 162 157
 157 165
 165 167
 167 166
 166 152
 152 168
 168 170
 170 169
 169 155
 155 171
 171 173
 173 172
 172 156
 156 181
 181 182
 182 179
 179 180
 180 178
 178 185
 185 186
 186 187
 187 188
 188 183
 183 184
 184 192
 192 193
 193 191
 191 190
 190 189
 189 194
 194 195
 195 196
 196 197
 174 154
 159 176
 176 177
 177 164
 158 160
 160 159
 153 175
 175 174
 158 153
