TITLE     = "Surface mesh and solution"
VARIABLES = "x"
"y"
"z"
"cfx"
"Cp"
ZONE T="CFD++, HM Y=-0.001"
STRANDID=0, SOLUTIONTIME=0
Nodes=314, Elements=313, ZONETYPE=FELineSeg
DATAPACKING=POINT
DT=(DOUBLE DOUBLE DOUBLE DOUBLE DOUBLE )
0.0754274280	-0.0009999500	0.0475579240	0.0018762379	-0.2338856800
0.0986090750	-0.0009999500	0.0431653450	0.0016866632	-0.1984150900
0.1036362900	-0.0009999500	0.0422161330	0.0016541751	-0.1906256100
0.1228137200	-0.0009999500	0.0383590390	0.0014845786	-0.1613809300
0.1313109100	-0.0009999500	0.0366518870	0.0014135251	-0.1485456800
0.1323056400	-0.0009999500	0.0364461060	0.0014005692	-0.1468452200
0.1626684100	-0.0009999500	0.0300076120	0.0011674389	-0.1017344700
0.1682312000	-0.0009999500	0.0287975890	0.0011321727	-0.0939033930
0.1985469200	-0.0009999500	0.0220244250	0.0009200226	-0.0516168850
0.2070255600	-0.0009999500	0.0200819560	0.0008728959	-0.0403805150
0.2350782800	-0.0009999500	0.0135193720	0.0007411162	-0.0061027962
0.2431203000	-0.0009999500	0.0115972360	0.0007169149	0.0028409972
0.2684033200	-0.0009999500	0.0054593235	0.0006630149	0.0323194750
0.2775406500	-0.0009999500	0.0032010316	0.0006562313	0.0429337880
0.3012775500	-0.0009999500	-0.0027464107	0.0006212087	0.0702395440
0.3137189100	-0.0009999500	-0.0059163659	0.0005914491	0.0832035240
0.3357129400	-0.0009999500	-0.0115849070	0.0005192573	0.1063581700
0.3483892400	-0.0009999500	-0.0149022270	0.0005055214	0.1202639900
0.3686907000	-0.0009999500	-0.0202716460	0.0004816542	0.1397863900
0.3812600700	-0.0009999500	-0.0236336270	0.0004772326	0.1527980900
0.4037232100	-0.0009999500	-0.0297178530	0.0004422227	0.1738886700
0.4169738300	-0.0009999500	-0.0333418180	0.0004179523	0.1865399200
0.4417043300	-0.0009999500	-0.0401905070	0.0003523160	0.2087634700
0.4512555300	-0.0009999500	-0.0428618420	0.0003240407	0.2168227000
0.4756921800	-0.0009999500	-0.0497631690	0.0002590015	0.2379231000
0.4819736200	-0.0009999500	-0.0515525300	0.0002367634	0.2430978900
0.5065522800	-0.0009999500	-0.0586177190	0.0001508446	0.2635102600
0.5139377100	-0.0009999500	-0.0607577040	0.0001309502	0.2689428900
0.5391699700	-0.0009999500	-0.0681385400	0.0000528805	0.2896568800
0.5504489500	-0.0009999500	-0.0714706930	0.0000257304	0.2988899400
0.5746510600	-0.0009999500	-0.0786859840	-0.0000468643	0.3172996600
0.5891115100	-0.0009999500	-0.0830479190	-0.0000821107	0.3283926200
0.6110545400	-0.0009999500	-0.0897214560	-0.0001363574	0.3443703700
0.6276046600	-0.0009999500	-0.0948228840	-0.0001534843	0.3555717500
0.6485490200	-0.0009999500	-0.1013230800	-0.0001717748	0.3691747200
0.6598233000	-0.0009999500	-0.1048692500	-0.0001712860	0.3759647300
0.6788473100	-0.0009999500	-0.1108794000	-0.0001705874	0.3876446500
0.6859462900	-0.0009999500	-0.1131484800	-0.0001663094	0.3915333700
0.7005255800	-0.0009999500	-0.1178226800	-0.0001514505	0.3991512400
0.7058058400	-0.0009999500	-0.1195292200	-0.0001427911	0.4019228800
0.7162189500	-0.0009999500	-0.1229046400	-0.0001315231	0.4062523500
0.7196039600	-0.0009999500	-0.1240063200	-0.0001283173	0.4075239000
0.7233830700	-0.0009999500	-0.1252364500	-0.0001336775	0.4090980600
0.7259063700	-0.0009999500	-0.1260606500	-0.0001342116	0.4100637700
0.7304741100	-0.0009999500	-0.1275586300	-0.0001517816	0.4121483300
0.7305833100	-0.0009999500	-0.1275944900	-0.0001520742	0.4121944000
0.7306027400	-0.0009999500	-0.1276008500	-0.0001521591	0.4122051300
0.7343328000	-0.0009999500	-0.1288274400	-0.0001839195	0.4144471600
0.7343682100	-0.0009999500	-0.1288390800	-0.0001840367	0.4144761300
0.7348065400	-0.0009999500	-0.1289834400	-0.0001823947	0.4149284400
0.7363634100	-0.0009999500	-0.1294963700	-0.0001744626	0.4164659100
0.7364738000	-0.0009999500	-0.1295327700	-0.0001498281	0.4166207900
0.7376793000	-0.0009999500	-0.1299307900	0.0001264572	0.4179118900
0.7386057400	-0.0009999500	-0.1302361200	0.0009844893	0.4173092800
0.7386058000	-0.0009999500	-0.1302361300	0.0009845136	0.4173092500
0.7386057400	-0.0009999500	-0.1302361300	0.0009845290	0.4173091900
0.7386050800	-0.0009999500	-0.1302361200	0.0009844653	0.4173087200
0.7368686200	-0.0009999500	-0.1301833800	0.0008416134	0.4159835900
0.7367231200	-0.0009999500	-0.1301789400	0.0008182959	0.4159130200
0.7348190500	-0.0009999500	-0.1301203700	0.0007795467	0.4151594300
0.7343787600	-0.0009999500	-0.1301067600	0.0007701582	0.4149921200
0.7343030000	-0.0009999500	-0.1301043500	0.0007691003	0.4149413400
0.7303516900	-0.0009999500	-0.1299802700	0.0007466399	0.4128652500
0.7301001000	-0.0009999500	-0.1299721300	0.0007453018	0.4126951400
0.7282295800	-0.0009999500	-0.1299123800	0.0007461358	0.4117376500
0.7250928300	-0.0009999500	-0.1298114100	0.0007547874	0.4100198700
0.7233526700	-0.0009999500	-0.1297532500	0.0007622872	0.4090347900
0.7182313200	-0.0009999500	-0.1295781100	0.0008066253	0.4057371600
0.7147769900	-0.0009999500	-0.1294591900	0.0008259532	0.4038535700
0.7041592000	-0.0009999500	-0.1290799400	0.0008711832	0.3983185900
0.6983394600	-0.0009999500	-0.1288676100	0.0009169698	0.3952260000
0.6844688700	-0.0009999500	-0.1283270400	0.0009887429	0.3897733100
0.6748395000	-0.0009999500	-0.1279446200	0.0010497570	0.3863238400
0.6575992100	-0.0009999500	-0.1272014400	0.0011197566	0.3806727200
0.6434616400	-0.0009999500	-0.1265743500	0.0011761555	0.3764845100
0.6240307100	-0.0009999500	-0.1256414200	0.0012218650	0.3712163000
0.6055365800	-0.0009999500	-0.1247147000	0.0012414655	0.3670364600
0.5842785200	-0.0009999500	-0.1235762100	0.0012617362	0.3629346200
0.5670326400	-0.0009999500	-0.1226076900	0.0012656236	0.3598278500
0.5411958700	-0.0009999500	-0.1210738600	0.0012585942	0.3556772200
0.5307804900	-0.0009999500	-0.1204293000	0.0012419167	0.3544310000
0.5026032900	-0.0009999500	-0.1186092300	0.0012303320	0.3514974400
0.4965089900	-0.0009999500	-0.1182001000	0.0012308169	0.3510336300
0.4704670600	-0.0009999500	-0.1163959100	0.0012981317	0.3489017800
0.4637795100	-0.0009999500	-0.1159165900	0.0013187811	0.3482984000
0.4391473500	-0.0009999500	-0.1140949500	0.0013936191	0.3468412200
0.4282312400	-0.0009999500	-0.1132599000	0.0014192545	0.3463474200
0.4041350200	-0.0009999500	-0.1113555200	0.0014669201	0.3458526400
0.3888478600	-0.0009999500	-0.1100976200	0.0014785137	0.3457036600
0.3667032400	-0.0009999500	-0.1082211700	0.0015069394	0.3459444000
0.3536284900	-0.0009999500	-0.1070714400	0.0015416973	0.3464058600
0.3325478700	-0.0009999500	-0.1051593900	0.0015817658	0.3475202600
0.3194913300	-0.0009999500	-0.1039401400	0.0016164231	0.3484370700
0.2971283800	-0.0009999500	-0.1017684900	0.0016372658	0.3499503400
0.2836509600	-0.0009999500	-0.1004219000	0.0016466208	0.3512488000
0.2596932900	-0.0009999500	-0.0979308340	0.0016579061	0.3538452400
0.2502695000	-0.0009999500	-0.0969207810	0.0016618777	0.3548924600
0.2245793800	-0.0009999500	-0.0940598100	0.0016941739	0.3586792900
0.2162300200	-0.0009999500	-0.0930999590	0.0017087010	0.3599651200
0.1880004400	-0.0009999500	-0.0897179920	0.0017742716	0.3654789600
0.1788377200	-0.0009999500	-0.0885773150	0.0018027392	0.3675538900
0.1488697700	-0.0009999500	-0.0846829340	0.0018696121	0.3753252000
0.1415946200	-0.0009999500	-0.0836956280	0.0018750059	0.3772484100
0.1119818800	-0.0009999500	-0.0795162840	0.0018899442	0.3865180600
0.1103659900	-0.0009999500	-0.0792799140	0.0018885252	0.3870444600
0.0981319920	-0.0009999500	-0.0774180000	0.0018758978	0.3913078000
0.0821349320	-0.0009999500	-0.0749879480	0.0018631583	0.3967346500
0.0774438160	-0.0009999500	-0.0742188620	0.0018623228	0.3986133300
0.0539573540	-0.0009999500	-0.0703779090	0.0018753729	0.4076009100
0.0398657430	-0.0009999500	-0.0679314360	0.0019119087	0.4148180500
0.0124582320	-0.0009999500	-0.0629464460	0.0019922172	0.4289614300
0.0018310203	-0.0009999500	-0.0609014000	0.0020160525	0.4349025500
-0.0226052380	-0.0009999500	-0.0559531820	0.0020463849	0.4517189600
-0.0317343320	-0.0009999500	-0.0540077130	0.0020447752	0.4582403000
-0.0567139690	-0.0009999500	-0.0483868490	0.0020624196	0.4795252400
-0.0645237570	-0.0009999500	-0.0465252850	0.0020684979	0.4869589800
-0.0883376970	-0.0009999500	-0.0405544340	0.0020851036	0.5126430400
-0.0949927340	-0.0009999500	-0.0387712830	0.0021079872	0.5207608900
-0.1158499600	-0.0009999500	-0.0329360810	0.0021025826	0.5495197200
-0.1208843900	-0.0009999500	-0.0314284940	0.0021102656	0.5570861700
-0.1378022700	-0.0009999500	-0.0261847210	0.0020696880	0.5872762800
-0.1413064000	-0.0009999500	-0.0250309650	0.0020628235	0.5954873000
-0.1554184000	-0.0009999500	-0.0202145170	0.0020413530	0.6275129300
-0.1588321500	-0.0009999500	-0.0189837330	0.0020228811	0.6360581500
-0.1707649500	-0.0009999500	-0.0145228260	0.0019577054	0.6703357700
-0.1731788500	-0.0009999500	-0.0135681460	0.0019412478	0.6782860200
-0.1829421400	-0.0009999500	-0.0095867068	0.0018635904	0.7127804200
-0.1842484800	-0.0009999500	-0.0090276897	0.0018528050	0.7183365200
-0.1922787300	-0.0009999500	-0.0054838206	0.0017492182	0.7526432900
-0.1940057900	-0.0009999500	-0.0046844813	0.0017228219	0.7601712900
-0.2008015700	-0.0009999500	-0.0014420295	0.0015826504	0.7937089800
-0.2020093100	-0.0009999500	-0.0008366257	0.0015525848	0.8004243400
-0.2076144100	-0.0009999500	0.0020494089	0.0014070314	0.8317565300
-0.2085312900	-0.0009999500	0.0025429409	0.0013880288	0.8377567500
-0.2130946800	-0.0009999500	0.0050676139	0.0012949668	0.8670802700
-0.2141151100	-0.0009999500	0.0056563304	0.0012710227	0.8738715100
-0.2179939300	-0.0009999500	0.0079623954	0.0011636792	0.9001992900
-0.2187563300	-0.0009999500	0.0084351385	0.0011402556	0.9056058500
-0.2219882000	-0.0009999500	0.0104942060	0.0010257269	0.9285190100
-0.2226790900	-0.0009999500	0.0109528680	0.0010024337	0.9336812500
-0.2254375800	-0.0009999500	0.0128364360	0.0008904333	0.9534009100
-0.2259772100	-0.0009999500	0.0132196170	0.0008683487	0.9573432800
-0.2283439300	-0.0009999500	0.0149497540	0.0007578863	0.9740528500
-0.2288781900	-0.0009999500	0.0153561950	0.0007329375	0.9777517900
-0.2308892200	-0.0009999500	0.0169287310	0.0006204191	0.9914735600
-0.2312668300	-0.0009999500	0.0172360780	0.0005972075	0.9941353200
-0.2329258000	-0.0009999500	0.0186216310	0.0004713966	1.0048649000
-0.2332615300	-0.0009999500	0.0189126530	0.0004402129	1.0071222000
-0.2346981500	-0.0009999500	0.0201935380	0.0002686165	1.0143864000
-0.2349908600	-0.0009999500	0.0204640400	0.0002267851	1.0155234000
-0.2362406000	-0.0009999500	0.0216515160	0.0000239951	1.0175745000
-0.2365034200	-0.0009999500	0.0219107010	-0.0000204810	1.0173475000
-0.2375772300	-0.0009999500	0.0229977150	-0.0002083462	1.0138975000
-0.2377763100	-0.0009999500	0.0232064970	-0.0002415994	1.0128226000
-0.2387205700	-0.0009999500	0.0242257790	-0.0004285099	1.0048878000
-0.2389360400	-0.0009999500	0.0244670160	-0.0004744332	1.0025357000
-0.2397794300	-0.0009999500	0.0254410340	-0.0006821960	0.9890431800
-0.2399453100	-0.0009999500	0.0256400800	-0.0007233881	0.9856581100
-0.2406787100	-0.0009999500	0.0265468450	-0.0009205003	0.9672066000
-0.2408380100	-0.0009999500	0.0267515010	-0.0009610695	0.9623701000
-0.2414822700	-0.0009999500	0.0276051420	-0.0011443362	0.9387738700
-0.2416117600	-0.0009999500	0.0277833310	-0.0011780062	0.9334366300
-0.2421728500	-0.0009999500	0.0285795650	-0.0013443780	0.9064624300
-0.2422971100	-0.0009999500	0.0287630630	-0.0013764338	0.8997829600
-0.2427827600	-0.0009999500	0.0295028890	-0.0015479415	0.8690983700
-0.2428733000	-0.0009999500	0.0296465510	-0.0015724394	0.8625595600
-0.2433634700	-0.0009999500	0.0304529290	-0.0017230767	0.8203172700
-0.2433789800	-0.0009999500	0.0304783710	-0.0017265830	0.8190074000
-0.2433802800	-0.0009999500	0.0304805280	-0.0017267699	0.8189146500
-0.2433815900	-0.0009999500	0.0304828210	-0.0017272313	0.8187280900
-0.2434075900	-0.0009999500	0.0305291530	-0.0017356928	0.8163049200
-0.2438389400	-0.0009999500	0.0312961300	-0.0018482132	0.7758709800
-0.2438830600	-0.0009999500	0.0313782280	-0.0018557400	0.7710028300
-0.2442855800	-0.0009999500	0.0321624280	-0.0019699408	0.7167804200
-0.2443272600	-0.0009999500	0.0322434420	-0.0019786474	0.7112311700
-0.2443293000	-0.0009999500	0.0322474800	-0.0019788512	0.7109893000
-0.2443312100	-0.0009999500	0.0322514740	-0.0019791155	0.7105786800
-0.2443682400	-0.0009999500	0.0323312360	-0.0019864113	0.7051262900
-0.2447228900	-0.0009999500	0.0330931950	-0.0020190641	0.6527661100
-0.2447598100	-0.0009999500	0.0331772790	-0.0020194041	0.6463896600
-0.2450959100	-0.0009999500	0.0339898880	-0.0020703797	0.5753629200
-0.2451319700	-0.0009999500	0.0340768660	-0.0020717996	0.5678476700
-0.2451337100	-0.0009999500	0.0340811540	-0.0020716453	0.5675206800
-0.2451352900	-0.0009999500	0.0340853740	-0.0020712936	0.5669786900
-0.2451657800	-0.0009999500	0.0341695880	-0.0020682064	0.5597021000
-0.2454521400	-0.0009999500	0.0349579790	-0.0019910905	0.4914260800
-0.2454813100	-0.0009999500	0.0350449530	-0.0019774806	0.4832555400
-0.2457403100	-0.0009999500	0.0358843430	-0.0019372629	0.3926714700
-0.2457684300	-0.0009999500	0.0359751320	-0.0019275020	0.3830105400
-0.2457697700	-0.0009999500	0.0359796020	-0.0019267321	0.3825796800
-0.2457709500	-0.0009999500	0.0359839980	-0.0019254454	0.3818906200
-0.2457931800	-0.0009999500	0.0360716360	-0.0019062274	0.3725968000
-0.2460002200	-0.0009999500	0.0368835180	-0.0016652021	0.2864879100
-0.2460203600	-0.0009999500	0.0369728990	-0.0016333798	0.2764145400
-0.2461894900	-0.0009999500	0.0378334860	-0.0014426485	0.1667316300
-0.2462081800	-0.0009999500	0.0379279780	-0.0014145919	0.1548857200
-0.2462090600	-0.0009999500	0.0379326310	-0.0014128781	0.1543473300
-0.2462097600	-0.0009999500	0.0379371940	-0.0014102648	0.1535204400
-0.2462222300	-0.0009999500	0.0380280090	-0.0013701306	0.1423869100
-0.2463373800	-0.0009999500	0.0388565510	-0.0009209265	0.0410264250
-0.2463471100	-0.0009999500	0.0389474890	-0.0008644909	0.0294294490
-0.2464138300	-0.0009999500	0.0398200560	-0.0004786046	-0.0946706010
-0.2464214300	-0.0009999500	0.0399178830	-0.0004257003	-0.1083241500
-0.2464217500	-0.0009999500	0.0399226960	-0.0004227038	-0.1089452300
-0.2464219000	-0.0009999500	0.0399273970	-0.0004184882	-0.1099011000
-0.2464230200	-0.0009999500	0.0400038440	-0.0003678567	-0.1198705400
-0.2464371800	-0.0009999500	0.0408618860	0.0003322980	-0.2314338100
-0.2464354500	-0.0009999500	0.0409740170	0.0004221859	-0.2467340800
-0.2463997500	-0.0009999500	0.0417816750	0.0011190745	-0.3626590100
-0.2463828600	-0.0009999500	0.0419976530	0.0012939219	-0.3974987900
-0.2463196200	-0.0009999500	0.0426214260	0.0019139579	-0.4905524600
-0.2462019300	-0.0009999500	0.0434119960	0.0023235015	-0.5996959800
-0.2462019300	-0.0009999500	0.0434120450	0.0023235716	-0.5997013400
-0.2462019200	-0.0009999500	0.0434120930	0.0023235932	-0.5997086200
-0.2460435000	-0.0009999500	0.0441892180	0.0034508739	-0.7054771800
-0.2458924500	-0.0009999500	0.0447885280	0.0038482519	-0.7952238900
-0.2458390900	-0.0009999500	0.0449806120	0.0041055318	-0.8215813600
-0.2456069100	-0.0009999500	0.0457184950	0.0045040379	-0.9225884700
-0.2455750100	-0.0009999500	0.0458210930	0.0046063038	-0.9357517400
-0.2455685300	-0.0009999500	0.0458398800	0.0046267126	-0.9381163700
-0.2454817900	-0.0009999500	0.0460672380	0.0048398154	-0.9657393700
-0.2452398500	-0.0009999500	0.0467042700	0.0055941559	-1.0401061000
-0.2452060400	-0.0009999500	0.0467852650	0.0056721622	-1.0495132000
-0.2449101400	-0.0009999500	0.0474368110	0.0061235642	-1.1341257000
-0.2448070200	-0.0009999500	0.0476647910	0.0063369556	-1.1624314000
-0.2448010300	-0.0009999500	0.0476776550	0.0063471817	-1.1639235000
-0.2447948000	-0.0009999500	0.0476898770	0.0063658850	-1.1659107000
-0.2446838800	-0.0009999500	0.0478998240	0.0065092201	-1.1818812000
-0.2443657200	-0.0009999500	0.0485045130	0.0071073050	-1.2267436000
-0.2443224200	-0.0009999500	0.0485810560	0.0071728984	-1.2337005000
-0.2439518600	-0.0009999500	0.0491950440	0.0075000316	-1.2989347000
-0.2438236000	-0.0009999500	0.0494082270	0.0076752815	-1.3204169000
-0.2438162100	-0.0009999500	0.0494202450	0.0076806676	-1.3214594000
-0.2438087000	-0.0009999500	0.0494316290	0.0076941932	-1.3227354000
-0.2436759800	-0.0009999500	0.0496270060	0.0077769792	-1.3322947000
-0.2432921100	-0.0009999500	0.0501939430	0.0082104478	-1.3585440000
-0.2432407600	-0.0009999500	0.0502654950	0.0082511159	-1.3633670000
-0.2428073700	-0.0009999500	0.0508382840	0.0084608478	-1.4074690000
-0.2426581200	-0.0009999500	0.0510360560	0.0085971081	-1.4217101000
-0.2426495700	-0.0009999500	0.0510471980	0.0086004441	-1.4224384000
-0.2426409900	-0.0009999500	0.0510577260	0.0086131365	-1.4231766000
-0.2424901400	-0.0009999500	0.0512383360	0.0086654724	-1.4285966000
-0.2420513500	-0.0009999500	0.0517651960	0.0090117082	-1.4429069000
-0.2419933100	-0.0009999500	0.0518315360	0.0090360331	-1.4457861000
-0.2415077200	-0.0009999500	0.0523617570	0.0091163115	-1.4783435000
-0.2413410400	-0.0009999500	0.0525441840	0.0092062895	-1.4886220000
-0.2413315000	-0.0009999500	0.0525544550	0.0092063172	-1.4891003000
-0.2413220400	-0.0009999500	0.0525641480	0.0092100695	-1.4895365000
-0.2411816000	-0.0009999500	0.0527047660	0.0091855219	-1.4893661000
-0.2406632500	-0.0009999500	0.0532253160	0.0093278235	-1.4867738000
-0.2405845500	-0.0009999500	0.0533010920	0.0093437511	-1.4883772000
-0.2399448300	-0.0009999500	0.0538936480	0.0095880997	-1.4907497000
-0.2398316100	-0.0009999500	0.0539945700	0.0095967136	-1.4922286000
-0.2391907000	-0.0009999500	0.0545453620	0.0096421235	-1.4941591000
-0.2390543100	-0.0009999500	0.0546585320	0.0096307143	-1.4948595000
-0.2383814500	-0.0009999500	0.0551969330	0.0095952042	-1.4946036000
-0.2382516900	-0.0009999500	0.0552975570	0.0096073051	-1.4946668000
-0.2375156600	-0.0009999500	0.0558473620	0.0095889836	-1.4910651000
-0.2373454300	-0.0009999500	0.0559706460	0.0095787764	-1.4901159000
-0.2365291900	-0.0009999500	0.0565390920	0.0095473266	-1.4818352000
-0.2363490000	-0.0009999500	0.0566604730	0.0095301090	-1.4802186000
-0.2354527700	-0.0009999500	0.0572414510	0.0094941549	-1.4707700000
-0.2352463300	-0.0009999500	0.0573707040	0.0094670915	-1.4685963000
-0.2342178500	-0.0009999500	0.0579889640	0.0092275755	-1.4561234000
-0.2340526600	-0.0009999500	0.0580849350	0.0092065067	-1.4537898000
-0.2328690100	-0.0009999500	0.0587435700	0.0091040333	-1.4316617000
-0.2326300600	-0.0009999500	0.0588717310	0.0090799399	-1.4282420000
-0.2313534200	-0.0009999500	0.0595270920	0.0089089255	-1.4061682000
-0.2311121500	-0.0009999500	0.0596465650	0.0088805153	-1.4024571000
-0.2297111200	-0.0009999500	0.0603105910	0.0088497558	-1.3786852000
-0.2293840600	-0.0009999500	0.0604601870	0.0088385490	-1.3741734000
-0.2278057600	-0.0009999500	0.0611477200	0.0087378442	-1.3524232000
-0.2274456000	-0.0009999500	0.0612985790	0.0087003165	-1.3477930000
-0.2256764600	-0.0009999500	0.0620033110	0.0085741990	-1.3207762000
-0.2252794500	-0.0009999500	0.0621549970	0.0085285346	-1.3148819000
-0.2231826800	-0.0009999500	0.0629130380	0.0082535139	-1.2848256000
-0.2228412500	-0.0009999500	0.0630314500	0.0082082765	-1.2799169000
-0.2202808400	-0.0009999500	0.0638661610	0.0080428135	-1.2413551000
-0.2197293500	-0.0009999500	0.0640373600	0.0079789053	-1.2340602000
-0.2168548900	-0.0009999500	0.0648711700	0.0077909813	-1.1962256000
-0.2162227800	-0.0009999500	0.0650447830	0.0077148803	-1.1888626000
-0.2131233500	-0.0009999500	0.0658375840	0.0075418808	-1.1523166000
-0.2122212100	-0.0009999500	0.0660550300	0.0074320213	-1.1423454000
-0.2087922200	-0.0009999500	0.0668197350	0.0071989485	-1.1074097000
-0.2074107700	-0.0009999500	0.0671076180	0.0070467891	-1.0942277000
-0.2028069000	-0.0009999500	0.0679775330	0.0067118203	-1.0541465000
-0.2023111700	-0.0009999500	0.0680644590	0.0066661437	-1.0499605000
-0.2001498000	-0.0009999500	0.0684059410	0.0065440838	-1.0298638000
-0.1968487100	-0.0009999500	0.0689320940	0.0063852028	-0.9984439000
-0.1960640500	-0.0009999500	0.0690411180	0.0063416230	-0.9918555600
-0.1894282300	-0.0009999500	0.0698937180	0.0060204620	-0.9503548700
-0.1816963900	-0.0009999500	0.0706583560	0.0057280517	-0.9028078300
-0.1799788200	-0.0009999500	0.0708218890	0.0056712421	-0.8941590800
-0.1742571100	-0.0009999500	0.0712070610	0.0054302079	-0.8617939400
-0.1697484400	-0.0009999500	0.0715181230	0.0052182947	-0.8363940100
-0.1687699600	-0.0009999500	0.0715717670	0.0051654773	-0.8312091200
-0.1576249500	-0.0009999500	0.0719956380	0.0048565857	-0.7780738500
-0.1555916100	-0.0009999500	0.0720505940	0.0048032966	-0.7686938600
-0.1424721200	-0.0009999500	0.0721612800	0.0045443889	-0.7172212600
-0.1386978200	-0.0009999500	0.0721479130	0.0044481000	-0.7048835200
-0.1237712400	-0.0009999500	0.0718384390	0.0040782871	-0.6558231700
-0.1204652700	-0.0009999500	0.0717344660	0.0039662563	-0.6448150300
-0.1026707200	-0.0009999500	0.0708656310	0.0034678810	-0.5938633100
-0.0969363300	-0.0009999500	0.0705298260	0.0033449930	-0.5799320300
-0.0752593870	-0.0009999500	0.0688596520	0.0030534525	-0.5256098500
-0.0689397010	-0.0009999500	0.0683038830	0.0029976987	-0.5095074200
-0.0443416910	-0.0009999500	0.0657431040	0.0027074730	-0.4556642200
-0.0355157780	-0.0009999500	0.0647166590	0.0026127083	-0.4375771000
-0.0102443870	-0.0009999500	0.0614549180	0.0023432865	-0.3869738300
-0.0016821881	-0.0009999500	0.0602499620	0.0022864938	-0.3710075600
0.0231417790	-0.0009999500	0.0565088320	0.0021259580	-0.3241889800
0.0344765220	-0.0009999500	0.0546850900	0.0021004210	-0.3052964500
0.0615231390	-0.0009999500	0.0500554550	0.0019421419	-0.2586401400
0.0754274280	-0.0009999500	0.0475579240	0.0018762379	-0.2338856800
1 2 
2 3 
3 4 
4 5 
5 6 
6 7 
7 8 
8 9 
9 10 
10 11 
11 12 
12 13 
13 14 
14 15 
15 16 
16 17 
17 18 
18 19 
19 20 
20 21 
21 22 
22 23 
23 24 
24 25 
25 26 
26 27 
27 28 
28 29 
29 30 
30 31 
31 32 
32 33 
33 34 
34 35 
35 36 
36 37 
37 38 
38 39 
39 40 
40 41 
41 42 
42 43 
43 44 
44 45 
45 46 
46 47 
47 48 
48 49 
49 50 
50 51 
51 52 
52 53 
53 54 
54 55 
55 56 
56 57 
57 58 
58 59 
59 60 
60 61 
61 62 
62 63 
63 64 
64 65 
65 66 
66 67 
67 68 
68 69 
69 70 
70 71 
71 72 
72 73 
73 74 
74 75 
75 76 
76 77 
77 78 
78 79 
79 80 
80 81 
81 82 
82 83 
83 84 
84 85 
85 86 
86 87 
87 88 
88 89 
89 90 
90 91 
91 92 
92 93 
93 94 
94 95 
95 96 
96 97 
97 98 
98 99 
99 100 
100 101 
101 102 
102 103 
103 104 
104 105 
105 106 
106 107 
107 108 
108 109 
109 110 
110 111 
111 112 
112 113 
113 114 
114 115 
115 116 
116 117 
117 118 
118 119 
119 120 
120 121 
121 122 
122 123 
123 124 
124 125 
125 126 
126 127 
127 128 
128 129 
129 130 
130 131 
131 132 
132 133 
133 134 
134 135 
135 136 
136 137 
137 138 
138 139 
139 140 
140 141 
141 142 
142 143 
143 144 
144 145 
145 146 
146 147 
147 148 
148 149 
149 150 
150 151 
151 152 
152 153 
153 154 
154 155 
155 156 
156 157 
157 158 
158 159 
159 160 
160 161 
161 162 
162 163 
163 164 
164 165 
165 166 
166 167 
167 168 
168 169 
169 170 
170 171 
171 172 
172 173 
173 174 
174 175 
175 176 
176 177 
177 178 
178 179 
179 180 
180 181 
181 182 
182 183 
183 184 
184 185 
185 186 
186 187 
187 188 
188 189 
189 190 
190 191 
191 192 
192 193 
193 194 
194 195 
195 196 
196 197 
197 198 
198 199 
199 200 
200 201 
201 202 
202 203 
203 204 
204 205 
205 206 
206 207 
207 208 
208 209 
209 210 
210 211 
211 212 
212 213 
213 214 
214 215 
215 216 
216 217 
217 218 
218 219 
219 220 
220 221 
221 222 
222 223 
223 224 
224 225 
225 226 
226 227 
227 228 
228 229 
229 230 
230 231 
231 232 
232 233 
233 234 
234 235 
235 236 
236 237 
237 238 
238 239 
239 240 
240 241 
241 242 
242 243 
243 244 
244 245 
245 246 
246 247 
247 248 
248 249 
249 250 
250 251 
251 252 
252 253 
253 254 
254 255 
255 256 
256 257 
257 258 
258 259 
259 260 
260 261 
261 262 
262 263 
263 264 
264 265 
265 266 
266 267 
267 268 
268 269 
269 270 
270 271 
271 272 
272 273 
273 274 
274 275 
275 276 
276 277 
277 278 
278 279 
279 280 
280 281 
281 282 
282 283 
283 284 
284 285 
285 286 
286 287 
287 288 
288 289 
289 290 
290 291 
291 292 
292 293 
293 294 
294 295 
295 296 
296 297 
297 298 
298 299 
299 300 
300 301 
301 302 
302 303 
303 304 
304 305 
305 306 
306 307 
307 308 
308 309 
309 310 
310 311 
311 312 
312 313 
313 314 
ZONE T="CFD++, HM Y=-0.035"
STRANDID=0, SOLUTIONTIME=0
Nodes=297, Elements=296, ZONETYPE=FELineSeg
DATAPACKING=POINT
DT=(DOUBLE DOUBLE DOUBLE DOUBLE DOUBLE )
0.1072482300	-0.0349999520	0.0415032020	0.0026660999	-0.1888876400
0.1238374900	-0.0349999520	0.0381356440	0.0025551858	-0.1657104200
0.1405460100	-0.0349999520	0.0347300840	0.0024047325	-0.1418876900
0.1538209200	-0.0349999520	0.0319022310	0.0023174749	-0.1206135600
0.1682639600	-0.0349999520	0.0287930850	0.0021746194	-0.0951705500
0.1844478500	-0.0349999520	0.0251817700	0.0021273526	-0.0725524130
0.1948211600	-0.0349999520	0.0228783800	0.0020634786	-0.0581513230
0.2014932900	-0.0349999520	0.0213501300	0.0020347165	-0.0483937000
0.2333226400	-0.0349999520	0.0139403780	0.0018844096	-0.0107591520
0.2346115700	-0.0349999520	0.0136348150	0.0018784089	-0.0093773948
0.2706615600	-0.0349999520	0.0049039787	0.0016564951	0.0339465290
0.2756292500	-0.0349999520	0.0036761207	0.0016296450	0.0397309590
0.3203329100	-0.0349999520	-0.0076042865	0.0014375030	0.0878378820
0.3211564400	-0.0349999520	-0.0078151496	0.0014336250	0.0887231680
0.3232954700	-0.0349999520	-0.0083732335	0.0014262525	0.0908937680
0.3542664300	-0.0349999520	-0.0164424010	0.0012898600	0.1234210700
0.3805147100	-0.0349999520	-0.0234423950	0.0011768895	0.1472120000
0.3853145200	-0.0349999520	-0.0247200950	0.0011531847	0.1515179000
0.3893674000	-0.0349999520	-0.0258196050	0.0011385153	0.1554360100
0.4098353700	-0.0349999520	-0.0313785110	0.0010196185	0.1763263200
0.4354191700	-0.0349999520	-0.0384402240	0.0009409205	0.2015936200
0.4380203500	-0.0349999520	-0.0391583440	0.0009280845	0.2040162700
0.4407036900	-0.0349999520	-0.0399103350	0.0009227582	0.2065954100
0.4726945500	-0.0349999520	-0.0489190030	0.0008278155	0.2334069000
0.4763111800	-0.0349999520	-0.0499365930	0.0008159641	0.2364834200
0.4769664100	-0.0349999520	-0.0501231220	0.0008141523	0.2370170100
0.5098747600	-0.0349999520	-0.0595793020	0.0006888710	0.2650418000
0.5175309800	-0.0349999520	-0.0618054980	0.0006627334	0.2714028400
0.5445610300	-0.0349999520	-0.0697276070	0.0005638981	0.2934176000
0.5563318100	-0.0349999520	-0.0732212810	0.0005229336	0.3027291600
0.5763760800	-0.0349999520	-0.0792035980	0.0004467155	0.3183754700
0.5963789800	-0.0349999520	-0.0852547510	0.0003807337	0.3332252800
0.6080703100	-0.0349999520	-0.0888063390	0.0003362739	0.3419854300
0.6375588800	-0.0349999520	-0.0978935810	0.0002371023	0.3628304300
0.6379734900	-0.0349999520	-0.0980211790	0.0002355591	0.3631267000
0.6382131000	-0.0349999520	-0.0980960500	0.0002348077	0.3632820500
0.6678805900	-0.0349999520	-0.1073969100	0.0001323225	0.3819243900
0.6832544200	-0.0349999520	-0.1122872600	0.0000992082	0.3900151300
0.6950151900	-0.0349999520	-0.1160420500	0.0000646089	0.3974641300
0.7044796300	-0.0349999520	-0.1190939200	0.0000496255	0.4030881800
0.7082754400	-0.0349999520	-0.1203190200	0.0000407087	0.4049584900
0.7134358300	-0.0349999520	-0.1219972600	0.0000338372	0.4072575000
0.7198336100	-0.0349999520	-0.1240762500	0.0000159119	0.4100068500
0.7238904200	-0.0349999520	-0.1254018200	0.0000188216	0.4117423300
0.7275813800	-0.0349999520	-0.1266094400	0.0000109084	0.4138196100
0.7307584900	-0.0349999520	-0.1276523500	0.0000098188	0.4153721900
0.7317943000	-0.0349999520	-0.1279923300	0.0000079821	0.4157921700
0.7325741600	-0.0349999520	-0.1282488700	0.0000078856	0.4161191600
0.7344324600	-0.0349999520	-0.1288601900	0.0000011885	0.4165529600
0.7356401700	-0.0349999520	-0.1292581000	0.0000227439	0.4171058800
0.7365347100	-0.0349999520	-0.1295528400	0.0000415367	0.4174514100
0.7374730100	-0.0349999520	-0.1298623400	0.0003851261	0.4156206800
0.7375862000	-0.0349999520	-0.1298996500	0.0004250638	0.4154354300
0.7376804900	-0.0349999520	-0.1299307900	0.0005503437	0.4156037300
0.7386058000	-0.0349999520	-0.1302361300	0.0017709162	0.4173685600
0.7376315000	-0.0349999520	-0.1302066000	0.0017783662	0.4194732900
0.7374712200	-0.0349999520	-0.1302017400	0.0017759536	0.4197745900
0.7370446900	-0.0349999520	-0.1301887200	0.0016913805	0.4193650200
0.7360872000	-0.0349999520	-0.1301595100	0.0014770660	0.4184115800
0.7355575600	-0.0349999520	-0.1301432000	0.0014998246	0.4181819600
0.7341913000	-0.0349999520	-0.1301010300	0.0015383999	0.4174981700
0.7308033700	-0.0349999520	-0.1299948400	0.0015571600	0.4149527300
0.7305035000	-0.0349999520	-0.1299854200	0.0015585344	0.4147462000
0.7299550800	-0.0349999520	-0.1299678200	0.0015601238	0.4143374900
0.7262809900	-0.0349999520	-0.1298500400	0.0015702059	0.4116562000
0.7233617900	-0.0349999520	-0.1297540200	0.0015876526	0.4092781500
0.7201390300	-0.0349999520	-0.1296474900	0.0016122464	0.4069826000
0.7100193500	-0.0349999520	-0.1292973300	0.0016647958	0.4010341800
0.7079759200	-0.0349999520	-0.1292267400	0.0016752674	0.3997580700
0.7067008000	-0.0349999520	-0.1291803400	0.0016843558	0.3989465200
0.6935735900	-0.0349999520	-0.1286933000	0.0017431517	0.3924076300
0.6800131200	-0.0349999520	-0.1281566200	0.0017805472	0.3874578800
0.6659265200	-0.0349999520	-0.1275761700	0.0018193274	0.3824127000
0.6400354500	-0.0349999520	-0.1264074900	0.0018766577	0.3746979800
0.6345984300	-0.0349999520	-0.1261649400	0.0018880678	0.3730256900
0.6314382000	-0.0349999520	-0.1260090900	0.0018939110	0.3722381600
0.6018438300	-0.0349999520	-0.1245252600	0.0019424413	0.3651077400
0.5909774900	-0.0349999520	-0.1239372300	0.0019561359	0.3629317600
0.5694598600	-0.0349999520	-0.1227485500	0.0019917928	0.3588570700
0.5479666600	-0.0349999520	-0.1214795100	0.0020196577	0.3554616000
0.5360015600	-0.0349999520	-0.1207556900	0.0020372830	0.3537622700
0.5082804000	-0.0349999520	-0.1189810100	0.0020850466	0.3505606100
0.5002589200	-0.0349999520	-0.1184521800	0.0020944117	0.3497374100
0.4671579300	-0.0349999520	-0.1161600100	0.0021644525	0.3470965000
0.4625670300	-0.0349999520	-0.1158282300	0.0021714529	0.3467984500
0.4328007400	-0.0349999520	-0.1136152500	0.0022054621	0.3453005900
0.4239836300	-0.0349999520	-0.1129227100	0.0022123902	0.3450123400
0.3981861200	-0.0349999520	-0.1108765400	0.0022153170	0.3441001800
0.3694546800	-0.0349999520	-0.1084596100	0.0022653005	0.3444438900
0.3676036300	-0.0349999520	-0.1083033400	0.0022675425	0.3444658200
0.3655635400	-0.0349999520	-0.1081212500	0.0022689193	0.3445571700
0.3382055500	-0.0349999520	-0.1056861700	0.0022720657	0.3456681400
0.3057395500	-0.0349999520	-0.1026181800	0.0022883826	0.3478590500
0.3044527800	-0.0349999520	-0.1024973800	0.0022887945	0.3479391900
0.3035759600	-0.0349999520	-0.1024106700	0.0022892288	0.3480025500
0.2963424000	-0.0349999520	-0.1016735800	0.0022971152	0.3486407700
0.2642114500	-0.0349999520	-0.0984105690	0.0023357214	0.3514242800
0.2579341800	-0.0349999520	-0.0977456200	0.0023368638	0.3521276100
0.2286466200	-0.0349999520	-0.0945273560	0.0023508789	0.3560456300
0.2249224500	-0.0349999520	-0.0941021140	0.0023509026	0.3566616800
0.2028550200	-0.0349999520	-0.0915253980	0.0023457923	0.3601578500
0.1815767100	-0.0349999520	-0.0889191110	0.0023633957	0.3642770100
0.1745229500	-0.0349999520	-0.0880395100	0.0023679111	0.3659822300
0.1636104400	-0.0349999520	-0.0866043940	0.0023789689	0.3694388000
0.1494441300	-0.0349999520	-0.0847609120	0.0023742633	0.3737962500
0.1330814400	-0.0349999520	-0.0825110820	0.0023985638	0.3783928800
0.1101774500	-0.0349999520	-0.0792311360	0.0024077552	0.3847490000
0.0896513090	-0.0349999520	-0.0761441960	0.0024145363	0.3913549200
0.0680329650	-0.0349999520	-0.0727032050	0.0024196947	0.3993457000
0.0523468810	-0.0349999520	-0.0701036600	0.0024197900	0.4056670100
0.0283945610	-0.0349999520	-0.0658925100	0.0024138646	0.4170662800
0.0174582170	-0.0349999520	-0.0638940480	0.0024094635	0.4227904100
-0.0100782750	-0.0349999520	-0.0585379120	0.0023887136	0.4385969300
-0.0139459620	-0.0349999520	-0.0577637520	0.0023870487	0.4410674900
-0.0219264250	-0.0349999520	-0.0560645610	0.0023859822	0.4465205100
-0.0390472490	-0.0349999520	-0.0524269570	0.0023795729	0.4584237600
-0.0626328140	-0.0349999520	-0.0470012870	0.0023705649	0.4788940300
-0.0632776840	-0.0349999520	-0.0468477940	0.0023705338	0.4794708500
-0.0891832860	-0.0349999520	-0.0403421410	0.0023341569	0.5064071400
-0.0899351460	-0.0349999520	-0.0401449950	0.0023319875	0.5072528700
-0.0961693300	-0.0349999520	-0.0384160910	0.0023096463	0.5153650600
-0.1131873100	-0.0349999520	-0.0337120780	0.0022487460	0.5373932700
-0.1157582200	-0.0349999520	-0.0329637900	0.0022396382	0.5411281000
-0.1370010400	-0.0349999520	-0.0264406260	0.0021522948	0.5754802800
-0.1385635700	-0.0349999520	-0.0259382040	0.0021441587	0.5783945300
-0.1526932100	-0.0349999520	-0.0211107100	0.0020466850	0.6099647300
-0.1578895000	-0.0349999520	-0.0193391610	0.0020111551	0.6215120000
-0.1580985900	-0.0349999520	-0.0192648530	0.0020095194	0.6220300800
-0.1583854300	-0.0349999520	-0.0191566110	0.0020075660	0.6228030300
-0.1734461800	-0.0349999520	-0.0134746210	0.0018901076	0.6630969000
-0.1756333300	-0.0349999520	-0.0125769740	0.0018593870	0.6695482100
-0.1836203500	-0.0349999520	-0.0093007386	0.0017649826	0.6952876400
-0.1902104200	-0.0349999520	-0.0064147091	0.0016556244	0.7206122300
-0.1914546300	-0.0349999520	-0.0058613620	0.0016355189	0.7261327500
-0.1989193400	-0.0349999520	-0.0023636704	0.0014941766	0.7598405500
-0.1992345000	-0.0349999520	-0.0022120771	0.0014889787	0.7612828600
-0.2059873300	-0.0349999520	0.0012063681	0.0013579972	0.7921699900
-0.2070225300	-0.0349999520	0.0017346307	0.0013332655	0.7976115300
-0.2082215800	-0.0349999520	0.0023790509	0.0013113541	0.8040366200
-0.2125436200	-0.0349999520	0.0047515389	0.0012581477	0.8340574500
-0.2125743500	-0.0349999520	0.0047688489	0.0012578470	0.8342973000
-0.2126911000	-0.0349999520	0.0048370003	0.0012558756	0.8350880700
-0.2164362700	-0.0349999520	0.0070170141	0.0011825331	0.8612669700
-0.2184135900	-0.0349999520	0.0082394416	0.0011303643	0.8744416200
-0.2204019900	-0.0349999520	0.0094688106	0.0010674144	0.8882807500
-0.2212051000	-0.0349999520	0.0099861575	0.0010419779	0.8946976100
-0.2242354900	-0.0349999520	0.0120034330	0.0009590009	0.9194427700
-0.2249231300	-0.0349999520	0.0124772950	0.0009403913	0.9250882900
-0.2276399900	-0.0349999520	0.0144252850	0.0008429765	0.9469007800
-0.2280055300	-0.0349999520	0.0146958170	0.0008272498	0.9499118300
-0.2304602600	-0.0349999520	0.0165856240	0.0007040523	0.9694673400
-0.2306674400	-0.0349999520	0.0167504700	0.0006918276	0.9711079000
-0.2327579000	-0.0349999520	0.0184770920	0.0005497465	0.9869034300
-0.2328446700	-0.0349999520	0.0185512580	0.0005429903	0.9875181900
-0.2345821600	-0.0349999520	0.0200868010	0.0004105385	0.9989976900
-0.2346820700	-0.0349999520	0.0201778300	0.0004006468	0.9995810400
-0.2360706900	-0.0349999520	0.0214855390	0.0002522919	1.0077866000
-0.2361220900	-0.0349999520	0.0215353330	0.0002458481	1.0079644000
-0.2371996600	-0.0349999520	0.0226078670	0.0000848506	1.0114192000
-0.2372962200	-0.0349999520	0.0227077400	0.0000711503	1.0114975000
-0.2381173500	-0.0349999520	0.0235668250	-0.0000506502	1.0087727000
-0.2385746200	-0.0349999520	0.0240662020	-0.0001516386	1.0082785000
-0.2388782900	-0.0349999520	0.0244014840	-0.0002037683	1.0070120000
-0.2397305500	-0.0349999520	0.0253827240	-0.0003164155	1.0031654000
-0.2398067700	-0.0349999520	0.0254731090	-0.0003294221	1.0025332000
-0.2406607300	-0.0349999520	0.0265233130	-0.0004834442	0.9947686200
-0.2407115000	-0.0349999520	0.0265881420	-0.0004943777	0.9939936400
-0.2414482500	-0.0349999520	0.0275583900	-0.0006628518	0.9820630000
-0.2415053000	-0.0349999520	0.0276359790	-0.0006763191	0.9808265000
-0.2421468200	-0.0349999520	0.0285407250	-0.0008650945	0.9642225500
-0.2421581400	-0.0349999520	0.0285571790	-0.0008679918	0.9638581900
-0.2426749500	-0.0349999520	0.0293339660	-0.0010355858	0.9448598000
-0.2426938400	-0.0349999520	0.0293636900	-0.0010410622	0.9440039400
-0.2430874400	-0.0349999520	0.0299906380	-0.0011712445	0.9217179400
-0.2432978300	-0.0349999520	0.0303424930	-0.0012098484	0.9105762200
-0.2434388700	-0.0349999520	0.0305827840	-0.0012631289	0.9008750300
-0.2438199200	-0.0349999520	0.0312620330	-0.0014227097	0.8755833500
-0.2439177500	-0.0349999520	0.0314436290	-0.0014546643	0.8670099400
-0.2442980100	-0.0349999520	0.0321844290	-0.0015545788	0.8323671800
-0.2443293900	-0.0349999520	0.0322484230	-0.0015634928	0.8288266700
-0.2447069000	-0.0349999520	0.0330585580	-0.0017152273	0.7798793900
-0.2447857700	-0.0349999520	0.0332374200	-0.0017310227	0.7684162300
-0.2451152400	-0.0349999520	0.0340343080	-0.0017592546	0.7149526500
-0.2451306600	-0.0349999520	0.0340740230	-0.0017616357	0.7118739500
-0.2454442700	-0.0349999520	0.0349361410	-0.0018509110	0.6395292900
-0.2455062100	-0.0349999520	0.0351215120	-0.0018466036	0.6227666700
-0.2457545000	-0.0349999520	0.0359268370	-0.0017653516	0.5492825500
-0.2457732100	-0.0349999520	0.0359936800	-0.0017588301	0.5424288500
-0.2459925600	-0.0349999520	0.0368526690	-0.0017091208	0.4477757500
-0.2460362800	-0.0349999520	0.0370465070	-0.0016744838	0.4258255700
-0.2461932200	-0.0349999520	0.0378420540	-0.0014222523	0.3314650100
-0.2462045700	-0.0349999520	0.0379078950	-0.0014047703	0.3231337700
-0.2463270300	-0.0349999520	0.0387808160	-0.0011154606	0.2013859300
-0.2463455600	-0.0349999520	0.0389263290	-0.0010626883	0.1824358300
-0.2463581300	-0.0349999520	0.0390634130	-0.0009447539	0.1541525400
-0.2464171400	-0.0349999520	0.0398421360	-0.0004577183	0.0452669340
-0.2464217800	-0.0349999520	0.0399338230	-0.0004147304	0.0341862960
-0.2464378900	-0.0349999520	0.0408287610	0.0001120215	-0.1062952700
-0.2464368300	-0.0349999520	0.0408935730	0.0001556635	-0.1167662700
-0.2464091500	-0.0349999520	0.0416528060	0.0006902123	-0.2406031000
-0.2463801200	-0.0349999520	0.0419942360	0.0009769806	-0.2991631600
-0.2463463100	-0.0349999520	0.0423934530	0.0013119775	-0.3693935900
-0.2463018900	-0.0349999520	0.0427168500	0.0015799819	-0.4204393300
-0.2462019300	-0.0349999520	0.0434120450	0.0022253451	-0.5400310800
-0.2460568000	-0.0349999520	0.0441076870	0.0029410586	-0.6597697100
-0.2460020800	-0.0349999520	0.0443671720	0.0032448851	-0.7103942600
-0.2459103600	-0.0349999520	0.0447079990	0.0036117301	-0.7671414600
-0.2457927900	-0.0349999520	0.0451434400	0.0040579930	-0.8426204300
-0.2455548000	-0.0349999520	0.0458785370	0.0047559211	-0.9719959500
-0.2455439300	-0.0349999520	0.0459099710	0.0047876833	-0.9772870500
-0.2452094600	-0.0349999520	0.0467783290	0.0056941640	-1.1202196000
-0.2451960100	-0.0349999520	0.0468101170	0.0057284098	-1.1252824000
-0.2449598200	-0.0349999520	0.0473280140	0.0062873318	-1.2026204000
-0.2448023100	-0.0349999520	0.0476744210	0.0066658222	-1.2547255000
-0.2447872900	-0.0349999520	0.0477050510	0.0067004950	-1.2589993000
-0.2445562300	-0.0349999520	0.0481416100	0.0071490723	-1.3177147000
-0.2443407500	-0.0349999520	0.0485496150	0.0075742227	-1.3728476000
-0.2443292600	-0.0349999520	0.0485699070	0.0075946126	-1.3753715000
-0.2438476200	-0.0349999520	0.0493704600	0.0083298099	-1.4737599000
-0.2438147400	-0.0349999520	0.0494217570	0.0083762702	-1.4794474000
-0.2432893400	-0.0349999520	0.0501980370	0.0091489113	-1.5565956000
-0.2432552600	-0.0349999520	0.0502456610	0.0091884011	-1.5611967000
-0.2426763300	-0.0349999520	0.0510127880	0.0098060055	-1.6308624000
-0.2426342400	-0.0349999520	0.0510659110	0.0098416056	-1.6351143000
-0.2420189800	-0.0349999520	0.0518027950	0.0101845910	-1.6894449000
-0.2420069700	-0.0349999520	0.0518165270	0.0101917680	-1.6903036000
-0.2413664000	-0.0349999520	0.0525175590	0.0105029940	-1.7297510000
-0.2413282800	-0.0349999520	0.0525573310	0.0105169870	-1.7315165000
-0.2406678600	-0.0349999520	0.0532212030	0.0108129570	-1.7544934000
-0.2406285100	-0.0349999520	0.0532591720	0.0108235940	-1.7557396000
-0.2399311800	-0.0349999520	0.0539064670	0.0110240880	-1.7729791000
-0.2399060700	-0.0349999520	0.0539289410	0.0110270230	-1.7733498000
-0.2391755900	-0.0349999520	0.0545579640	0.0110156500	-1.7800970000
-0.2390372500	-0.0349999520	0.0546723570	0.0110259100	-1.7804897000
-0.2383274700	-0.0349999520	0.0552393420	0.0110272530	-1.7818255000
-0.2382680800	-0.0349999520	0.0552850220	0.0110336700	-1.7815868000
-0.2374114200	-0.0349999520	0.0559236180	0.0111537220	-1.7739829000
-0.2373605700	-0.0349999520	0.0559600140	0.0111614940	-1.7735869000
-0.2363948200	-0.0349999520	0.0566302540	0.0112337120	-1.7627949000
-0.2363127200	-0.0349999520	0.0566849750	0.0112354380	-1.7619383000
-0.2352504300	-0.0349999520	0.0573689040	0.0112113810	-1.7469510000
-0.2352181700	-0.0349999520	0.0573888570	0.0112090730	-1.7463851000
-0.2340423900	-0.0349999520	0.0580913460	0.0111180710	-1.7224100000
-0.2339959100	-0.0349999520	0.0581179630	0.0111133930	-1.7211881000
-0.2326191400	-0.0349999520	0.0588782950	0.0110530880	-1.6855968000
-0.2325847100	-0.0349999520	0.0588964450	0.0110518490	-1.6847574000
-0.2310404200	-0.0349999520	0.0596821050	0.0109283020	-1.6487502000
-0.2309446300	-0.0349999520	0.0597286780	0.0109148390	-1.6466820000
-0.2292945100	-0.0349999520	0.0605013480	0.0106618510	-1.6115814000
-0.2292324300	-0.0349999520	0.0605291280	0.0106489130	-1.6102532000
-0.2274483700	-0.0349999520	0.0612981690	0.0103209560	-1.5699942000
-0.2272691600	-0.0349999520	0.0613715830	0.0102939900	-1.5661827000
-0.2253744200	-0.0349999520	0.0621190480	0.0099380952	-1.5243984000
-0.2249620100	-0.0349999520	0.0622729770	0.0098726053	-1.5149941000
-0.2225884200	-0.0349999520	0.0631175560	0.0096120984	-1.4609814000
-0.2223231600	-0.0349999520	0.0632067170	0.0095784631	-1.4553708000
-0.2194188700	-0.0349999520	0.0641317960	0.0093119439	-1.3972480000
-0.2189386200	-0.0349999520	0.0642749220	0.0092718504	-1.3881811000
-0.2160424000	-0.0349999520	0.0650925490	0.0089189086	-1.3351854000
-0.2149070500	-0.0349999520	0.0653892080	0.0088425747	-1.3162681000
-0.2111093300	-0.0349999520	0.0663122830	0.0085939412	-1.2604971000
-0.2104436800	-0.0349999520	0.0664636270	0.0085452243	-1.2504249000
-0.2077073500	-0.0349999520	0.0670399520	0.0082759539	-1.2138314000
-0.2065205700	-0.0349999520	0.0672882350	0.0081672686	-1.1972171000
-0.2020123300	-0.0349999520	0.0681120530	0.0078232521	-1.1456122000
-0.2010889400	-0.0349999520	0.0682707950	0.0077579917	-1.1355714000
-0.1983227400	-0.0349999520	0.0686964020	0.0075963980	-1.1069970000
-0.1961763500	-0.0349999520	0.0690296740	0.0074558075	-1.0836974000
-0.1954623600	-0.0349999520	0.0691262710	0.0074194310	-1.0774686000
-0.1910916600	-0.0349999520	0.0697005240	0.0071270411	-1.0369967000
-0.1883793600	-0.0349999520	0.0700087470	0.0068241962	-1.0067714000
-0.1865869200	-0.0349999520	0.0702058670	0.0067407138	-0.9912574300
-0.1850438900	-0.0349999520	0.0703435540	0.0066917329	-0.9792202700
-0.1762842700	-0.0349999520	0.0711088400	0.0065218543	-0.9243685000
-0.1742204100	-0.0349999520	0.0712454170	0.0064303000	-0.9100287000
-0.1660365000	-0.0349999520	0.0716957820	0.0061510512	-0.8590925300
-0.1601717000	-0.0349999520	0.0719113200	0.0059368929	-0.8254497600
-0.1535732700	-0.0349999520	0.0720881750	0.0056575930	-0.7914059800
-0.1468556100	-0.0349999520	0.0721335630	0.0055325869	-0.7605274300
-0.1398077200	-0.0349999520	0.0721524660	0.0053980664	-0.7324891100
-0.1236617600	-0.0349999520	0.0718284770	0.0051384379	-0.6806990500
-0.1172464000	-0.0349999520	0.0715972780	0.0050426796	-0.6593645800
-0.0978625420	-0.0349999520	0.0705865400	0.0047594721	-0.6003509800
-0.0944459070	-0.0349999520	0.0703637230	0.0047120411	-0.5904014700
-0.0687927600	-0.0349999520	0.0683007310	0.0043631762	-0.5243490900
-0.0683868450	-0.0349999520	0.0682625770	0.0043584506	-0.5233836800
-0.0396378640	-0.0349999520	0.0652255710	0.0039893725	-0.4565322700
-0.0388479900	-0.0349999520	0.0651283260	0.0039805819	-0.4548551100
-0.0140543180	-0.0349999520	0.0619911660	0.0037215541	-0.4045468900
0.0023688129	-0.0349999520	0.0596374980	0.0035468051	-0.3725545700
0.0100640290	-0.0349999520	0.0585397590	0.0034497392	-0.3574957300
0.0128585380	-0.0349999520	0.0581124280	0.0034218271	-0.3521974700
0.0394883750	-0.0349999520	0.0538652540	0.0031715546	-0.3032001600
0.0465625110	-0.0349999520	0.0526752170	0.0031033896	-0.2885656400
0.0714000990	-0.0349999520	0.0482866620	0.0029019911	-0.2449332600
0.0839190190	-0.0349999520	0.0459726970	0.0028330202	-0.2271903300
0.1072482300	-0.0349999520	0.0415032020	0.0026660999	-0.1888876400
1 2 
2 3 
3 4 
4 5 
5 6 
6 7 
7 8 
8 9 
9 10 
10 11 
11 12 
12 13 
13 14 
14 15 
15 16 
16 17 
17 18 
18 19 
19 20 
20 21 
21 22 
22 23 
23 24 
24 25 
25 26 
26 27 
27 28 
28 29 
29 30 
30 31 
31 32 
32 33 
33 34 
34 35 
35 36 
36 37 
37 38 
38 39 
39 40 
40 41 
41 42 
42 43 
43 44 
44 45 
45 46 
46 47 
47 48 
48 49 
49 50 
50 51 
51 52 
52 53 
53 54 
54 55 
55 56 
56 57 
57 58 
58 59 
59 60 
60 61 
61 62 
62 63 
63 64 
64 65 
65 66 
66 67 
67 68 
68 69 
69 70 
70 71 
71 72 
72 73 
73 74 
74 75 
75 76 
76 77 
77 78 
78 79 
79 80 
80 81 
81 82 
82 83 
83 84 
84 85 
85 86 
86 87 
87 88 
88 89 
89 90 
90 91 
91 92 
92 93 
93 94 
94 95 
95 96 
96 97 
97 98 
98 99 
99 100 
100 101 
101 102 
102 103 
103 104 
104 105 
105 106 
106 107 
107 108 
108 109 
109 110 
110 111 
111 112 
112 113 
113 114 
114 115 
115 116 
116 117 
117 118 
118 119 
119 120 
120 121 
121 122 
122 123 
123 124 
124 125 
125 126 
126 127 
127 128 
128 129 
129 130 
130 131 
131 132 
132 133 
133 134 
134 135 
135 136 
136 137 
137 138 
138 139 
139 140 
140 141 
141 142 
142 143 
143 144 
144 145 
145 146 
146 147 
147 148 
148 149 
149 150 
150 151 
151 152 
152 153 
153 154 
154 155 
155 156 
156 157 
157 158 
158 159 
159 160 
160 161 
161 162 
162 163 
163 164 
164 165 
165 166 
166 167 
167 168 
168 169 
169 170 
170 171 
171 172 
172 173 
173 174 
174 175 
175 176 
176 177 
177 178 
178 179 
179 180 
180 181 
181 182 
182 183 
183 184 
184 185 
185 186 
186 187 
187 188 
188 189 
189 190 
190 191 
191 192 
192 193 
193 194 
194 195 
195 196 
196 197 
197 198 
198 199 
199 200 
200 201 
201 202 
202 203 
203 204 
204 205 
205 206 
206 207 
207 208 
208 209 
209 210 
210 211 
211 212 
212 213 
213 214 
214 215 
215 216 
216 217 
217 218 
218 219 
219 220 
220 221 
221 222 
222 223 
223 224 
224 225 
225 226 
226 227 
227 228 
228 229 
229 230 
230 231 
231 232 
232 233 
233 234 
234 235 
235 236 
236 237 
237 238 
238 239 
239 240 
240 241 
241 242 
242 243 
243 244 
244 245 
245 246 
246 247 
247 248 
248 249 
249 250 
250 251 
251 252 
252 253 
253 254 
254 255 
255 256 
256 257 
257 258 
258 259 
259 260 
260 261 
261 262 
262 263 
263 264 
264 265 
265 266 
266 267 
267 268 
268 269 
269 270 
270 271 
271 272 
272 273 
273 274 
274 275 
275 276 
276 277 
277 278 
278 279 
279 280 
280 281 
281 282 
282 283 
283 284 
284 285 
285 286 
286 287 
287 288 
288 289 
289 290 
290 291 
291 292 
292 293 
293 294 
294 295 
295 296 
296 297 
ZONE T="CFD++, HM Y=-0.73"
STRANDID=0, SOLUTIONTIME=0
Nodes=312, Elements=311, ZONETYPE=FELineSeg
DATAPACKING=POINT
DT=(DOUBLE DOUBLE DOUBLE DOUBLE DOUBLE )
0.0939222430	-0.7299999600	0.0440881960	0.0030783754	-0.0714907350
0.1266056000	-0.7299999600	0.0376109670	0.0030222507	-0.0617311220
0.1346327800	-0.7299999600	0.0359518980	0.0030226155	-0.0582685360
0.1598602500	-0.7299999600	0.0306117140	0.0030538629	-0.0521781890
0.1812603500	-0.7299999600	0.0259097980	0.0031259999	-0.0447989030
0.2067962100	-0.7299999600	0.0201207570	0.0031920214	-0.0486570930
0.2161096500	-0.7299999600	0.0179878160	0.0031866129	-0.0511642550
0.2217054400	-0.7299999600	0.0166704170	0.0032138935	-0.0491634640
0.2465657600	-0.7299999600	0.0107711570	0.0033561423	-0.0556070130
0.2674903000	-0.7299999600	0.0056798239	0.0034707531	-0.0502736610
0.2794993500	-0.7299999600	0.0027080048	0.0035626979	-0.0568694990
0.2972095300	-0.7299999600	-0.0017122861	0.0036786430	-0.0754917110
0.3086607800	-0.7299999600	-0.0046283198	0.0037816988	-0.0822051320
0.3247246700	-0.7299999600	-0.0087380605	0.0039439926	-0.1044384800
0.3453275300	-0.7299999600	-0.0141135780	0.0040976394	-0.1135807400
0.3533555000	-0.7299999600	-0.0162023880	0.0041559110	-0.1206280400
0.3581951600	-0.7299999600	-0.0174878330	0.0041973131	-0.1248526000
0.3787055600	-0.7299999600	-0.0229432730	0.0043767411	-0.1657800200
0.4015439500	-0.7299999600	-0.0291155740	0.0046629432	-0.2051192100
0.4016684900	-0.7299999600	-0.0291492550	0.0046641429	-0.2053656300
0.4017921100	-0.7299999600	-0.0291832050	0.0046651997	-0.2055298100
0.4355209800	-0.7299999600	-0.0384643750	0.0049466902	-0.2709298400
0.4446815000	-0.7299999600	-0.0410246550	0.0050320001	-0.2882799800
0.4681389600	-0.7299999600	-0.0476201470	0.0051753734	-0.3342073900
0.4841315700	-0.7299999600	-0.0521748290	0.0052939433	-0.3722690600
0.5022394100	-0.7299999600	-0.0573712740	0.0053075798	-0.4001479100
0.5205063800	-0.7299999600	-0.0626739930	0.0053382635	-0.4310915800
0.5356679000	-0.7299999600	-0.0671086980	0.0052874823	-0.4418081900
0.5578569800	-0.7299999600	-0.0736718920	0.0052445089	-0.4673929800
0.5690876800	-0.7299999600	-0.0770206300	0.0051576698	-0.4687172500
0.5987427200	-0.7299999600	-0.0859638830	0.0050351811	-0.4792150900
0.5994470100	-0.7299999600	-0.0861760010	0.0050302369	-0.4791840300
0.5996344700	-0.7299999600	-0.0862331460	0.0050282850	-0.4791761900
0.6191842600	-0.7299999600	-0.0922127960	0.0045812516	-0.4394779200
0.6372790300	-0.7299999600	-0.0978087780	0.0042087325	-0.4148941300
0.6435573100	-0.7299999600	-0.0997679680	0.0041045735	-0.4039942600
0.6631020900	-0.7299999600	-0.1058889300	0.0036509225	-0.3215840200
0.6880264300	-0.7299999600	-0.1138124800	0.0030957030	-0.2497431600
0.6955599200	-0.7299999600	-0.1162175700	0.0028784753	-0.2197642200
0.7055724300	-0.7299999600	-0.1194474000	0.0024092454	-0.1485867600
0.7078822300	-0.7299999600	-0.1201918900	0.0022976439	-0.1300958800
0.7089300800	-0.7299999600	-0.1205315700	0.0022590354	-0.1233325500
0.7184736700	-0.7299999600	-0.1236326800	0.0017935897	-0.0474192500
0.7219511900	-0.7299999600	-0.1247683800	0.0016180808	-0.0238197760
0.7275254100	-0.7299999600	-0.1265910900	0.0012590758	0.0233357870
0.7306057200	-0.7299999600	-0.1276019700	0.0008868287	0.0584844980
0.7310922700	-0.7299999600	-0.1277616500	0.0008391308	0.0639724880
0.7315025900	-0.7299999600	-0.1278965800	0.0008061272	0.0669086870
0.7342205600	-0.7299999600	-0.1287904400	0.0005724761	0.0973455010
0.7358995100	-0.7299999600	-0.1293434800	0.0004136544	0.1106847500
0.7361195100	-0.7299999600	-0.1294159400	0.0003911637	0.1134405800
0.7363703800	-0.7299999600	-0.1294986800	0.0004607088	0.1146412700
0.7374968500	-0.7299999600	-0.1298701800	0.0007938162	0.1239412700
0.7379910900	-0.7299999600	-0.1300332800	0.0018385738	0.1311868400
0.7386058000	-0.7299999600	-0.1302361300	0.0031344354	0.1449197400
0.7379446600	-0.7299999600	-0.1302160900	0.0032591938	0.1573095300
0.7375301100	-0.7299999600	-0.1302035300	0.0033250877	0.1667392300
0.7370681200	-0.7299999600	-0.1301894500	0.0030494914	0.1703157400
0.7364247400	-0.7299999600	-0.1301698400	0.0026418207	0.1779833700
0.7352678200	-0.7299999600	-0.1301342200	0.0026091978	0.1827085800
0.7343610500	-0.7299999600	-0.1301062900	0.0025668662	0.1872180300
0.7335318900	-0.7299999600	-0.1300803300	0.0025273205	0.1897816100
0.7311763800	-0.7299999600	-0.1300066900	0.0024190656	0.1989907000
0.7278254000	-0.7299999600	-0.1298995600	0.0023649947	0.2048480100
0.7238910800	-0.7299999600	-0.1297708300	0.0023245650	0.2044772800
0.7153222000	-0.7299999600	-0.1294839200	0.0022637692	0.2077252400
0.7146989100	-0.7299999600	-0.1294619100	0.0022637080	0.2071380500
0.7078532000	-0.7299999600	-0.1292125600	0.0022701408	0.2031193500
0.6926025700	-0.7299999600	-0.1286582800	0.0022854975	0.1932699200
0.6915238500	-0.7299999600	-0.1286158300	0.0022873618	0.1928627000
0.6858502000	-0.7299999600	-0.1283831400	0.0023123101	0.1870376000
0.6650489600	-0.7299999600	-0.1275376200	0.0024085742	0.1627571300
0.6577185400	-0.7299999600	-0.1272199200	0.0024533648	0.1537773300
0.6335713300	-0.7299999600	-0.1261118700	0.0025676371	0.1344667100
0.6253671600	-0.7299999600	-0.1257156600	0.0026136632	0.1270594000
0.5973185900	-0.7299999600	-0.1242821700	0.0027298573	0.1081965300
0.5862556700	-0.7299999600	-0.1236839200	0.0027608868	0.1051451000
0.5610573300	-0.7299999600	-0.1222609400	0.0028325493	0.0944377260
0.5479015100	-0.7299999600	-0.1214781000	0.0028603876	0.0919300840
0.5260778700	-0.7299999600	-0.1201327100	0.0029086091	0.0861408190
0.5111187700	-0.7299999600	-0.1191666700	0.0029345831	0.0849313210
0.4904931800	-0.7299999600	-0.1177910000	0.0029738999	0.0824525950
0.4750425500	-0.7299999600	-0.1167144800	0.0029974912	0.0814421400
0.4537924200	-0.7299999600	-0.1151878200	0.0030314416	0.0790029240
0.4341930200	-0.7299999600	-0.1137130000	0.0030303803	0.0838559570
0.4137420700	-0.7299999600	-0.1121261100	0.0030400988	0.0828228290
0.4035997700	-0.7299999600	-0.1113159200	0.0030574257	0.0820293280
0.3923738600	-0.7299999600	-0.1103860700	0.0030287008	0.0904733840
0.3820028000	-0.7299999600	-0.1095324800	0.0030353915	0.0926880990
0.3746959000	-0.7299999600	-0.1089085300	0.0030399583	0.0963501040
0.3602020400	-0.7299999600	-0.1076563500	0.0031036597	0.0939306910
0.3303609200	-0.7299999600	-0.1049618900	0.0031154401	0.0960945040
0.3297523000	-0.7299999600	-0.1049067500	0.0031162371	0.0960359500
0.2970968800	-0.7299999600	-0.1017730500	0.0030957741	0.0999754290
0.2951457500	-0.7299999600	-0.1015804200	0.0030959984	0.1003839300
0.2709029000	-0.7299999600	-0.0991149470	0.0031175410	0.1070435300
0.2550371600	-0.7299999600	-0.0974274580	0.0031207149	0.1106477900
0.2408681400	-0.7299999600	-0.0958918480	0.0031214685	0.1137184300
0.2167164100	-0.7299999600	-0.0931554210	0.0030925629	0.1189978000
0.2121972000	-0.7299999600	-0.0926349680	0.0030888431	0.1200711000
0.1908618400	-0.7299999600	-0.0900540580	0.0030989247	0.1262315500
0.1825991600	-0.7299999600	-0.0890566190	0.0031062888	0.1283315400
0.1800450700	-0.7299999600	-0.0887327720	0.0031074411	0.1293041400
0.1506644500	-0.7299999600	-0.0849246230	0.0031197998	0.1397031800
0.1412134600	-0.7299999600	-0.0836435410	0.0031174719	0.1420965300
0.1156839500	-0.7299999600	-0.0800415130	0.0031154783	0.1543064300
0.1094427500	-0.7299999600	-0.0791449550	0.0031204675	0.1566580800
0.1034245700	-0.7299999600	-0.0782342700	0.0031242266	0.1596071700
0.0711361620	-0.7299999600	-0.0732265930	0.0031498358	0.1696219400
0.0648564550	-0.7299999600	-0.0721935410	0.0031528009	0.1720054400
0.0341540910	-0.7299999600	-0.0669378340	0.0031434679	0.1858771400
0.0234373400	-0.7299999600	-0.0649878460	0.0031313562	0.1936000000
-0.0016799882	-0.7299999600	-0.0602074150	0.0031070648	0.2081393500
-0.0151522070	-0.7299999600	-0.0574898240	0.0031001950	0.2132387000
-0.0414054510	-0.7299999600	-0.0518879590	0.0030810610	0.2289032200
-0.0506357920	-0.7299999600	-0.0497868960	0.0030763659	0.2354866000
-0.0740304890	-0.7299999600	-0.0442029800	0.0030762024	0.2533881100
-0.0850623850	-0.7299999600	-0.0413888990	0.0030698027	0.2632879000
-0.1027616500	-0.7299999600	-0.0366559400	0.0030447624	0.2807420800
-0.1151804000	-0.7299999600	-0.0331077840	0.0030153441	0.2953459900
-0.1268455200	-0.7299999600	-0.0296269360	0.0029786506	0.3095657500
-0.1406104300	-0.7299999600	-0.0252497850	0.0029341956	0.3292431800
-0.1470629600	-0.7299999600	-0.0231072740	0.0029121011	0.3391114200
-0.1614920900	-0.7299999600	-0.0180205160	0.0028619687	0.3667789100
-0.1633582000	-0.7299999600	-0.0173362210	0.0028533189	0.3708149500
-0.1734067800	-0.7299999600	-0.0134385590	0.0027902884	0.3953746000
-0.1770711100	-0.7299999600	-0.0120211420	0.0027676231	0.4042005200
-0.1774541600	-0.7299999600	-0.0118641880	0.0027649571	0.4052988300
-0.1877733300	-0.7299999600	-0.0075019361	0.0026654891	0.4361067700
-0.1894687100	-0.7299999600	-0.0067475257	0.0026462227	0.4424451900
-0.1958975800	-0.7299999600	-0.0038054339	0.0025713559	0.4663100200
-0.1981090000	-0.7299999600	-0.0027485273	0.0025324728	0.4760321700
-0.2028487600	-0.7299999600	-0.0004156967	0.0024607912	0.4978082800
-0.2060419600	-0.7299999600	0.0012271096	0.0024023671	0.5151176500
-0.2087892100	-0.7299999600	0.0026841555	0.0023416852	0.5289850200
-0.2135029900	-0.7299999600	0.0052986890	0.0021782341	0.5674080800
-0.2135635500	-0.7299999600	0.0053328648	0.0021761881	0.5678364000
-0.2136059700	-0.7299999600	0.0053577842	0.0021754258	0.5682910100
-0.2181838900	-0.7299999600	0.0080787120	0.0021298198	0.5962610200
-0.2186259900	-0.7299999600	0.0083517767	0.0021194881	0.5991683600
-0.2209981800	-0.7299999600	0.0098523907	0.0020328264	0.6193439400
-0.2226417700	-0.7299999600	0.0109281790	0.0019702929	0.6351160400
-0.2241062500	-0.7299999600	0.0119228480	0.0019149730	0.6569659100
-0.2250072100	-0.7299999600	0.0125336870	0.0018796744	0.6669845000
-0.2267771500	-0.7299999600	0.0138046930	0.0018119204	0.6848911000
-0.2275566000	-0.7299999600	0.0143619920	0.0017817537	0.6914090500
-0.2278350100	-0.7299999600	0.0145690400	0.0017693937	0.6949523700
-0.2300120700	-0.7299999600	0.0162316820	0.0016705190	0.7241626400
-0.2304348800	-0.7299999600	0.0165664630	0.0016523041	0.7300474600
-0.2322385200	-0.7299999600	0.0180387290	0.0015690560	0.7565423300
-0.2326498900	-0.7299999600	0.0183868220	0.0015487671	0.7628637600
-0.2340531300	-0.7299999600	0.0196100850	0.0014731383	0.7854699500
-0.2344375000	-0.7299999600	0.0199564750	0.0014509238	0.7924457200
-0.2356255900	-0.7299999600	0.0210592520	0.0013682835	0.8147827400
-0.2358862900	-0.7299999600	0.0213086360	0.0013496136	0.8195889600
-0.2369795700	-0.7299999600	0.0223853510	0.0012695902	0.8402625900
-0.2371816000	-0.7299999600	0.0225905550	0.0012511373	0.8438412500
-0.2376888800	-0.7299999600	0.0231239830	0.0011941533	0.8583409200
-0.2382707900	-0.7299999600	0.0237329380	0.0011325305	0.8722489500
-0.2383851100	-0.7299999600	0.0238566620	0.0011195065	0.8743869700
-0.2388481900	-0.7299999600	0.0243806090	0.0010681732	0.8812872200
-0.2394808200	-0.7299999600	0.0250914060	0.0009993128	0.8888764400
-0.2397110900	-0.7299999600	0.0253597390	0.0009713517	0.8936974400
-0.2402560000	-0.7299999600	0.0260184540	0.0008759673	0.9076513100
-0.2405362000	-0.7299999600	0.0263673250	0.0008348329	0.9141241300
-0.2410683200	-0.7299999600	0.0270514670	0.0007463049	0.9254403100
-0.2413175700	-0.7299999600	0.0273830350	0.0007005930	0.9311369100
-0.2417959700	-0.7299999600	0.0280401320	0.0006065120	0.9400336100
-0.2420211000	-0.7299999600	0.0283604660	0.0005565411	0.9446069600
-0.2424621000	-0.7299999600	0.0290098020	0.0004592116	0.9524478900
-0.2426225100	-0.7299999600	0.0292544920	0.0004215518	0.9550975000
-0.2429325400	-0.7299999600	0.0297476240	0.0003469492	0.9628499200
-0.2431037600	-0.7299999600	0.0300180370	0.0003027380	0.9658295500
-0.2431504100	-0.7299999600	0.0300949180	0.0002908737	0.9661676900
-0.2433845800	-0.7299999600	0.0304878970	0.0001977221	0.9650937300
-0.2436879900	-0.7299999600	0.0310220850	0.0001353804	0.9703270800
-0.2437556700	-0.7299999600	0.0311432220	0.0001206332	0.9704188100
-0.2439172700	-0.7299999600	0.0314477500	0.0000764001	0.9734969100
-0.2440885000	-0.7299999600	0.0317688700	0.0000236188	0.9754779300
-0.2441318300	-0.7299999600	0.0318533960	0.0000149183	0.9750280400
-0.2443343000	-0.7299999600	0.0322577060	-0.0000641522	0.9707601100
-0.2445286800	-0.7299999600	0.0326659340	-0.0001323485	0.9722441400
-0.2445686200	-0.7299999600	0.0327520300	-0.0001469864	0.9716401100
-0.2447918200	-0.7299999600	0.0332496690	-0.0002485539	0.9673309900
-0.2449718300	-0.7299999600	0.0336796080	-0.0003124669	0.9658656700
-0.2450614700	-0.7299999600	0.0338986520	-0.0003413151	0.9635272600
-0.2452040500	-0.7299999600	0.0342741160	-0.0004052102	0.9604955300
-0.2453000500	-0.7299999600	0.0345248210	-0.0004441735	0.9569656300
-0.2453276400	-0.7299999600	0.0346015770	-0.0004539811	0.9551422000
-0.2454768000	-0.7299999600	0.0350297280	-0.0005041972	0.9399542800
-0.2456647900	-0.7299999600	0.0356234680	-0.0005616429	0.9295125600
-0.2456938900	-0.7299999600	0.0357177780	-0.0005691203	0.9275752900
-0.2458400300	-0.7299999600	0.0362491090	-0.0005922190	0.9075076000
-0.2458961900	-0.7299999600	0.0364522300	-0.0006013085	0.8998475700
-0.2459005300	-0.7299999600	0.0364684720	-0.0006007662	0.8989980800
-0.2459042200	-0.7299999600	0.0364842900	-0.0006002907	0.8984051300
-0.2459422600	-0.7299999600	0.0366551800	-0.0005940357	0.8923139000
-0.2461172600	-0.7299999600	0.0374322570	-0.0005656297	0.8644589200
-0.2461435000	-0.7299999600	0.0375693630	-0.0005610392	0.8580641700
-0.2462180600	-0.7299999600	0.0380262810	-0.0005181192	0.8331014500
-0.2462794500	-0.7299999600	0.0383940940	-0.0004867502	0.8123322100
-0.2462896700	-0.7299999600	0.0384691770	-0.0004749146	0.8077690600
-0.2463288900	-0.7299999600	0.0388649780	-0.0004138635	0.7882758400
-0.2463924300	-0.7299999600	0.0394719910	-0.0003196309	0.7571737800
-0.2464082400	-0.7299999600	0.0396786030	-0.0002782572	0.7443930500
-0.2464332100	-0.7299999600	0.0402957950	-0.0000897008	0.6921205500
-0.2464371600	-0.7299999600	0.0405693050	-0.0000069244	0.6735602000
-0.2464288000	-0.7299999600	0.0412197630	0.0002134000	0.6200133600
-0.2464195800	-0.7299999600	0.0414374430	0.0002943044	0.6020384400
-0.2463626300	-0.7299999600	0.0422214600	0.0006424949	0.5310911500
-0.2463451900	-0.7299999600	0.0424034780	0.0007296572	0.5144512100
-0.2463012800	-0.7299999600	0.0427053570	0.0008596982	0.4921701000
-0.2462019300	-0.7299999600	0.0434120450	0.0012375081	0.4237897400
-0.2461221200	-0.7299999600	0.0438126510	0.0015033275	0.3754800300
-0.2459961600	-0.7299999600	0.0443821290	0.0018450630	0.3173376600
-0.2459051000	-0.7299999600	0.0447421370	0.0020560837	0.2791055700
-0.2457374600	-0.7299999600	0.0453206380	0.0023997879	0.2144899800
-0.2456492000	-0.7299999600	0.0455981050	0.0025676173	0.1846077400
-0.2454404400	-0.7299999600	0.0461909170	0.0029384413	0.1193141800
-0.2453309700	-0.7299999600	0.0464762520	0.0031423024	0.0892365050
-0.2450539900	-0.7299999600	0.0471351000	0.0035968898	0.0192561930
-0.2449714800	-0.7299999600	0.0473171100	0.0037097818	0.0031363291
-0.2447540600	-0.7299999600	0.0477566090	0.0038896270	-0.0400176760
-0.2445968200	-0.7299999600	0.0480783620	0.0040393154	-0.0728912060
-0.2445493200	-0.7299999600	0.0481681530	0.0040922729	-0.0803724900
-0.2443351100	-0.7299999600	0.0485598970	0.0043800321	-0.1382314700
-0.2440231900	-0.7299999600	0.0490871110	0.0047565743	-0.1827963900
-0.2439616800	-0.7299999600	0.0491892020	0.0048242895	-0.1903950700
-0.2436002800	-0.7299999600	0.0497468820	0.0051319756	-0.2470084700
-0.2434622300	-0.7299999600	0.0499502350	0.0052370998	-0.2646670900
-0.2431313200	-0.7299999600	0.0504084940	0.0054549863	-0.3113743100
-0.2429740300	-0.7299999600	0.0506282110	0.0055608252	-0.3312253100
-0.2429360900	-0.7299999600	0.0506777990	0.0055857502	-0.3359862600
-0.2427576300	-0.7299999600	0.0509010590	0.0056740133	-0.3515852400
-0.2423724500	-0.7299999600	0.0513872500	0.0058677171	-0.3825935700
-0.2422187200	-0.7299999600	0.0515693800	0.0059534189	-0.3965356900
-0.2417600500	-0.7299999600	0.0520925520	0.0061865390	-0.4367314600
-0.2415723200	-0.7299999600	0.0522971670	0.0062552018	-0.4490281000
-0.2410791800	-0.7299999600	0.0528128300	0.0064745161	-0.4772939700
-0.2409030600	-0.7299999600	0.0529897030	0.0065331145	-0.4868493100
-0.2405015100	-0.7299999600	0.0533750240	0.0066871068	-0.5135924200
-0.2402935500	-0.7299999600	0.0535758880	0.0067548525	-0.5250383600
-0.2402382300	-0.7299999600	0.0536270440	0.0067726888	-0.5292783400
-0.2398974700	-0.7299999600	0.0539368020	0.0068896137	-0.5448688900
-0.2394685600	-0.7299999600	0.0543093900	0.0069670663	-0.5511556900
-0.2392816200	-0.7299999600	0.0544695590	0.0069826941	-0.5543841700
-0.2388030400	-0.7299999600	0.0548628160	0.0070271518	-0.5690152000
-0.2385571600	-0.7299999600	0.0550590530	0.0070211145	-0.5761033900
-0.2380152800	-0.7299999600	0.0554770120	0.0070453725	-0.5870919800
-0.2377130100	-0.7299999600	0.0557027680	0.0070978911	-0.5936927200
-0.2371085400	-0.7299999600	0.0561385150	0.0071820984	-0.6063215700
-0.2367935900	-0.7299999600	0.0563582670	0.0072139408	-0.6106686600
-0.2361191500	-0.7299999600	0.0568122340	0.0072572925	-0.6178956600
-0.2357542200	-0.7299999600	0.0570496660	0.0072789745	-0.6215909700
-0.2349735800	-0.7299999600	0.0575379920	0.0074114161	-0.6249215600
-0.2346328300	-0.7299999600	0.0577439070	0.0074482548	-0.6251648100
-0.2336346500	-0.7299999600	0.0583222580	0.0077020599	-0.6364351500
-0.2335726900	-0.7299999600	0.0583583490	0.0077141344	-0.6368866000
-0.2335555400	-0.7299999600	0.0583678820	0.0077134082	-0.6369461400
-0.2328472400	-0.7299999600	0.0587565490	0.0075536230	-0.6380223000
-0.2322201900	-0.7299999600	0.0590833540	0.0074976756	-0.6351444700
-0.2314729700	-0.7299999600	0.0594679340	0.0074575476	-0.6264933900
-0.2304795500	-0.7299999600	0.0599501920	0.0074318818	-0.6213993400
-0.2299720800	-0.7299999600	0.0601908300	0.0073986851	-0.6192072000
-0.2282585700	-0.7299999600	0.0609553310	0.0073887826	-0.6290932900
-0.2280848900	-0.7299999600	0.0610311850	0.0073805078	-0.6282825500
-0.2276841000	-0.7299999600	0.0611975640	0.0073378504	-0.6234486100
-0.2268970600	-0.7299999600	0.0615240450	0.0072403503	-0.6101661300
-0.2262058600	-0.7299999600	0.0617902320	0.0071900091	-0.6053142500
-0.2249468700	-0.7299999600	0.0622789750	0.0070921097	-0.5947257300
-0.2242739500	-0.7299999600	0.0625249450	0.0070476229	-0.5904463500
-0.2223249200	-0.7299999600	0.0632048470	0.0068915006	-0.5777939000
-0.2214489400	-0.7299999600	0.0634944140	0.0068161888	-0.5729879700
-0.2190863900	-0.7299999600	0.0642310900	0.0067235807	-0.5578618600
-0.2185555700	-0.7299999600	0.0643888790	0.0066944869	-0.5542609100
-0.2174084200	-0.7299999600	0.0647071380	0.0066714357	-0.5508077100
-0.2157106800	-0.7299999600	0.0651829390	0.0065890030	-0.5422793600
-0.2145723400	-0.7299999600	0.0654690490	0.0065316946	-0.5363840500
-0.2128072400	-0.7299999600	0.0659128580	0.0063469590	-0.5215067900
-0.2108280200	-0.7299999600	0.0663751810	0.0062502826	-0.5086507800
-0.2079811200	-0.7299999600	0.0669921340	0.0061971887	-0.4915887700
-0.2073318200	-0.7299999600	0.0671243820	0.0061750134	-0.4888358400
-0.2037428500	-0.7299999600	0.0678078900	0.0059079236	-0.4686760600
-0.2002235400	-0.7299999600	0.0684076920	0.0057337113	-0.4505818500
-0.1974829600	-0.7299999600	0.0688343420	0.0055878453	-0.4371096500
-0.1935925800	-0.7299999600	0.0693774450	0.0054230502	-0.4213234800
-0.1906642000	-0.7299999600	0.0697450410	0.0052913145	-0.4077422300
-0.1854544700	-0.7299999600	0.0703188480	0.0050991471	-0.3905763900
-0.1825497000	-0.7299999600	0.0705917250	0.0050176633	-0.3788611900
-0.1739169800	-0.7299999600	0.0712694450	0.0048238046	-0.3512143800
-0.1725836200	-0.7299999600	0.0713529880	0.0047971910	-0.3469273700
-0.1613620200	-0.7299999600	0.0718896170	0.0045811487	-0.3188987700
-0.1607590200	-0.7299999600	0.0719105970	0.0045704272	-0.3172758500
-0.1557080100	-0.7299999600	0.0719976280	0.0044725274	-0.3063043700
-0.1465368600	-0.7299999600	0.0721686180	0.0042990227	-0.2861516800
-0.1441381400	-0.7299999600	0.0721677470	0.0042671736	-0.2820438100
-0.1292390400	-0.7299999600	0.0719904680	0.0040464467	-0.2564187900
-0.1227015000	-0.7299999600	0.0717926030	0.0039939647	-0.2475891400
-0.1081672700	-0.7299999600	0.0711787570	0.0038780378	-0.2272224600
-0.0962368920	-0.7299999600	0.0704619210	0.0038300539	-0.2137102000
-0.0830181540	-0.7299999600	0.0695128740	0.0037586906	-0.1979580800
-0.0658993350	-0.7299999600	0.0679954810	0.0036970485	-0.1812775000
-0.0535355810	-0.7299999600	0.0667592880	0.0036667506	-0.1688541500
-0.0296243540	-0.7299999600	0.0639879180	0.0035705392	-0.1489191400
-0.0196018000	-0.7299999600	0.0627133250	0.0035499665	-0.1400779000
0.0068768463	-0.7299999600	0.0589931530	0.0034275939	-0.1210689400
0.0184966590	-0.7299999600	0.0572347900	0.0033903028	-0.1134151000
0.0432273370	-0.7299999600	0.0532227080	0.0032620743	-0.0986612890
0.0509971640	-0.7299999600	0.0519243810	0.0032017875	-0.0930051360
0.0566898700	-0.7299999600	0.0509095600	0.0031973703	-0.0887470250
0.0900874810	-0.7299999600	0.0448268470	0.0030741838	-0.0738426820
0.0939222430	-0.7299999600	0.0440881960	0.0030783754	-0.0714907350
1 2 
2 3 
3 4 
4 5 
5 6 
6 7 
7 8 
8 9 
9 10 
10 11 
11 12 
12 13 
13 14 
14 15 
15 16 
16 17 
17 18 
18 19 
19 20 
20 21 
21 22 
22 23 
23 24 
24 25 
25 26 
26 27 
27 28 
28 29 
29 30 
30 31 
31 32 
32 33 
33 34 
34 35 
35 36 
36 37 
37 38 
38 39 
39 40 
40 41 
41 42 
42 43 
43 44 
44 45 
45 46 
46 47 
47 48 
48 49 
49 50 
50 51 
51 52 
52 53 
53 54 
54 55 
55 56 
56 57 
57 58 
58 59 
59 60 
60 61 
61 62 
62 63 
63 64 
64 65 
65 66 
66 67 
67 68 
68 69 
69 70 
70 71 
71 72 
72 73 
73 74 
74 75 
75 76 
76 77 
77 78 
78 79 
79 80 
80 81 
81 82 
82 83 
83 84 
84 85 
85 86 
86 87 
87 88 
88 89 
89 90 
90 91 
91 92 
92 93 
93 94 
94 95 
95 96 
96 97 
97 98 
98 99 
99 100 
100 101 
101 102 
102 103 
103 104 
104 105 
105 106 
106 107 
107 108 
108 109 
109 110 
110 111 
111 112 
112 113 
113 114 
114 115 
115 116 
116 117 
117 118 
118 119 
119 120 
120 121 
121 122 
122 123 
123 124 
124 125 
125 126 
126 127 
127 128 
128 129 
129 130 
130 131 
131 132 
132 133 
133 134 
134 135 
135 136 
136 137 
137 138 
138 139 
139 140 
140 141 
141 142 
142 143 
143 144 
144 145 
145 146 
146 147 
147 148 
148 149 
149 150 
150 151 
151 152 
152 153 
153 154 
154 155 
155 156 
156 157 
157 158 
158 159 
159 160 
160 161 
161 162 
162 163 
163 164 
164 165 
165 166 
166 167 
167 168 
168 169 
169 170 
170 171 
171 172 
172 173 
173 174 
174 175 
175 176 
176 177 
177 178 
178 179 
179 180 
180 181 
181 182 
182 183 
183 184 
184 185 
185 186 
186 187 
187 188 
188 189 
189 190 
190 191 
191 192 
192 193 
193 194 
194 195 
195 196 
196 197 
197 198 
198 199 
199 200 
200 201 
201 202 
202 203 
203 204 
204 205 
205 206 
206 207 
207 208 
208 209 
209 210 
210 211 
211 212 
212 213 
213 214 
214 215 
215 216 
216 217 
217 218 
218 219 
219 220 
220 221 
221 222 
222 223 
223 224 
224 225 
225 226 
226 227 
227 228 
228 229 
229 230 
230 231 
231 232 
232 233 
233 234 
234 235 
235 236 
236 237 
237 238 
238 239 
239 240 
240 241 
241 242 
242 243 
243 244 
244 245 
245 246 
246 247 
247 248 
248 249 
249 250 
250 251 
251 252 
252 253 
253 254 
254 255 
255 256 
256 257 
257 258 
258 259 
259 260 
260 261 
261 262 
262 263 
263 264 
264 265 
265 266 
266 267 
267 268 
268 269 
269 270 
270 271 
271 272 
272 273 
273 274 
274 275 
275 276 
276 277 
277 278 
278 279 
279 280 
280 281 
281 282 
282 283 
283 284 
284 285 
285 286 
286 287 
287 288 
288 289 
289 290 
290 291 
291 292 
292 293 
293 294 
294 295 
295 296 
296 297 
297 298 
298 299 
299 300 
300 301 
301 302 
302 303 
303 304 
304 305 
305 306 
306 307 
307 308 
308 309 
309 310 
310 311 
311 312 
