TITLE     = "Surface mesh and solution"
VARIABLES = "x"
"y"
"z"
"cfx"
"Cp"
DATASETAUXDATA alpha_deg="  0.0000000E+00"
DATASETAUXDATA beta_deg="  0.0000000E+00"
DATASETAUXDATA bref="  0.7500000"
DATASETAUXDATA cref="   1.000000"
DATASETAUXDATA itranflg="           0"
DATASETAUXDATA ivisc="           2"
DATASETAUXDATA mach="  0.2000000"
DATASETAUXDATA reue_mil="   4.600000"
DATASETAUXDATA sref="  0.7500000"
DATASETAUXDATA tinf_r="   521.0000"
DATASETAUXDATA xmc="  0.0000000E+00"
DATASETAUXDATA ymc="  0.0000000E+00"
DATASETAUXDATA zmc="  0.0000000E+00"
ZONE T="USM3D-ME, HeldenMesh_C, Slice: Y=-0.001"
 STRANDID=0, SOLUTIONTIME=0
 Nodes=226, Elements=218, ZONETYPE=FELineSeg
 DATAPACKING=POINT
 DT=(DOUBLE DOUBLE DOUBLE DOUBLE DOUBLE )
 -2.490418059E-01 -1.000000000E-03 2.185982140E-02 1.828600679E-04 5.877794599E-01
 -2.483169487E-01 -1.000000000E-03 2.502683590E-02 1.900674226E-03 2.895608545E-01
 -2.478882926E-01 -1.000000000E-03 2.645285214E-02 2.575399321E-03 1.643489832E-01
 -2.488784563E-01 -1.000000000E-03 1.861472832E-02 -6.680363110E-04 7.277278639E-01
 -2.487638414E-01 -1.000000000E-03 1.716769982E-02 -9.975698220E-04 8.196348900E-01
 -2.464134682E-01 -1.000000000E-03 2.927614897E-02 4.139520841E-03 -1.865667295E-02
 -2.457055229E-01 -1.000000000E-03 3.034784503E-02 4.627022324E-03 -8.150198926E-02
 -2.477574352E-01 -1.000000000E-03 1.400687768E-02 -9.020607137E-04 9.081123077E-01
 -2.473147595E-01 -1.000000000E-03 1.291149859E-02 -8.203549466E-04 9.299251040E-01
 -2.436639417E-01 -1.000000000E-03 3.281783900E-02 5.669874798E-03 -2.059087102E-01
 -2.427749415E-01 -1.000000000E-03 3.372218374E-02 5.920754608E-03 -2.407862292E-01
 -2.456502063E-01 -1.000000000E-03 9.992160411E-03 -2.791582563E-04 9.578101052E-01
 -2.449866798E-01 -1.000000000E-03 9.000231715E-03 -9.410507130E-05 9.533228011E-01
 -2.428370660E-01 -1.000000000E-03 6.328024966E-03 5.147257076E-04 9.308857721E-01
 -2.420276627E-01 -1.000000000E-03 5.431441192E-03 6.575531334E-04 9.160973071E-01
 -2.395552278E-01 -1.000000000E-03 3.003392981E-03 1.098553395E-03 8.718925225E-01
 -2.386154909E-01 -1.000000000E-03 2.161474408E-03 1.189231476E-03 8.565636405E-01
 -2.358166237E-01 -1.000000000E-03 -1.351184206E-04 1.505656966E-03 8.094408213E-01
 -2.347477413E-01 -1.000000000E-03 -9.466064742E-04 1.571584458E-03 7.931374657E-01
 -2.317002675E-01 -1.000000000E-03 -3.108139824E-03 1.817503888E-03 7.480812050E-01
 -2.304549002E-01 -1.000000000E-03 -3.930438313E-03 1.868464184E-03 7.317892128E-01
 -2.271574208E-01 -1.000000000E-03 -5.995670509E-03 2.072704426E-03 6.904455706E-01
 -2.257586815E-01 -1.000000000E-03 -6.816949115E-03 2.121993471E-03 6.771664695E-01
 -2.304549002E-01 -1.000000000E-03 -3.930438313E-03 1.868464184E-03 7.317892128E-01
 -2.221641704E-01 -1.000000000E-03 -8.832776290E-03 2.300466970E-03 6.388078827E-01
 -2.206202616E-01 -1.000000000E-03 -9.649074379E-03 2.351046917E-03 6.243893837E-01
 -2.166818384E-01 -1.000000000E-03 -1.164649427E-02 2.503469915E-03 5.887856933E-01
 -2.150064823E-01 -1.000000000E-03 -1.245139995E-02 2.558164128E-03 5.776039376E-01
 -2.099375789E-01 -1.000000000E-03 -1.477595885E-02 2.702493356E-03 5.412557949E-01
 6.722886790E-01 -1.000000000E-03 -6.913539074E-02 8.161655696E-04 3.451467746E-01
 6.503055635E-01 -1.000000000E-03 -7.008007810E-02 8.972044086E-04 3.295594492E-01
 6.412048350E-01 -1.000000000E-03 -7.043939622E-02 9.282063149E-04 3.236953200E-01
 6.068338825E-01 -1.000000000E-03 -7.171892834E-02 1.080250855E-03 3.037477247E-01
 5.945160099E-01 -1.000000000E-03 -7.212308963E-02 1.101944023E-03 2.975613193E-01
 5.431799143E-01 -1.000000000E-03 -7.360889452E-02 1.276477235E-03 2.755501413E-01
 5.288306889E-01 -1.000000000E-03 -7.395427202E-02 1.329816289E-03 2.695349118E-01
 1.278920135E-01 -1.000000000E-03 -6.997872593E-02 2.332625787E-03 1.845282725E-01
 1.493348157E-01 -1.000000000E-03 -7.108862890E-02 2.277349106E-03 1.845301944E-01
 1.582004497E-01 -1.000000000E-03 -7.149925970E-02 2.258063847E-03 1.848225438E-01
 1.810983132E-01 -1.000000000E-03 -7.247394124E-02 2.195921054E-03 1.859159124E-01
 1.907041183E-01 -1.000000000E-03 -7.283158408E-02 2.174674987E-03 1.865750464E-01
 2.150693269E-01 -1.000000000E-03 -7.365313890E-02 2.101689793E-03 1.883692191E-01
 2.253762951E-01 -1.000000000E-03 -7.394705073E-02 2.075075378E-03 1.894410597E-01
 2.514452035E-01 -1.000000000E-03 -7.460449381E-02 2.000086395E-03 1.931112789E-01
 2.622273794E-01 -1.000000000E-03 -7.482376878E-02 1.975329761E-03 1.950822748E-01
 2.867547853E-01 -1.000000000E-03 -7.525624403E-02 1.815706998E-03 1.997241087E-01
 2.978358534E-01 -1.000000000E-03 -7.539658159E-02 1.769760202E-03 2.016968433E-01
 3.223521640E-01 -1.000000000E-03 -7.566449877E-02 1.559929708E-03 2.065150939E-01
 3.339828691E-01 -1.000000000E-03 -7.573261999E-02 1.475887167E-03 2.088626431E-01
 3.651447434E-01 -1.000000000E-03 -7.584568366E-02 1.574287361E-03 2.152819471E-01
 3.779013112E-01 -1.000000000E-03 -7.584264999E-02 1.605618285E-03 2.188444854E-01
 4.153750703E-01 -1.000000000E-03 -7.568010936E-02 1.567623256E-03 2.301289261E-01
 4.296019563E-01 -1.000000000E-03 -7.557005324E-02 1.565059228E-03 2.345730535E-01
 4.704490211E-01 -1.000000000E-03 -7.506970468E-02 1.512493983E-03 2.478534364E-01
 4.847864361E-01 -1.000000000E-03 -7.484259857E-02 1.465854471E-03 2.527272041E-01
 -2.427749415E-01 -1.000000000E-03 3.372218374E-02 5.920754608E-03 -2.407862292E-01
 -2.403191645E-01 -1.000000000E-03 3.588470513E-02 6.437177494E-03 -3.125665961E-01
 -2.392943605E-01 -1.000000000E-03 3.667471251E-02 6.543933209E-03 -3.297658629E-01
 -2.365267151E-01 -1.000000000E-03 3.858663559E-02 6.787399831E-03 -3.671424887E-01
 -2.353862035E-01 -1.000000000E-03 3.929131110E-02 6.787366084E-03 -3.747379694E-01
 -2.322964850E-01 -1.000000000E-03 4.103841900E-02 6.819142608E-03 -4.009233286E-01
 -2.310542738E-01 -1.000000000E-03 4.167621108E-02 6.761716018E-03 -4.040187404E-01
 -2.277014026E-01 -1.000000000E-03 4.326832985E-02 6.679319955E-03 -4.176170050E-01
 -2.263592961E-01 -1.000000000E-03 4.385274014E-02 6.610873431E-03 -4.173618261E-01
 -2.226542671E-01 -1.000000000E-03 4.535309310E-02 6.487533450E-03 -4.248110160E-01
 -2.212142288E-01 -1.000000000E-03 4.589277661E-02 6.431622827E-03 -4.230501122E-01
 -2.169692534E-01 -1.000000000E-03 4.736853934E-02 6.287245997E-03 -4.270480263E-01
 -2.154506076E-01 -1.000000000E-03 4.786178775E-02 6.250360102E-03 -4.243943314E-01
 -2.107205838E-01 -1.000000000E-03 4.927649987E-02 6.078112100E-03 -4.256299885E-01
 -2.092037481E-01 -1.000000000E-03 4.970634415E-02 6.055168064E-03 -4.230385160E-01
 -2.022488719E-01 -1.000000000E-03 -1.800852541E-02 2.864426206E-03 4.955426824E-01
 -2.001898182E-01 -1.000000000E-03 -1.882568968E-02 2.905474169E-03 4.850091908E-01
 -2.080490420E-01 -1.000000000E-03 -1.560118066E-02 2.755233047E-03 5.295597891E-01
 -2.099375789E-01 -1.000000000E-03 -1.477595885E-02 2.702493356E-03 5.412557949E-01
 -1.930068274E-01 -1.000000000E-03 -2.152062288E-02 2.983320797E-03 4.517290093E-01
 -1.907164694E-01 -1.000000000E-03 -2.234527429E-02 3.011776876E-03 4.426755579E-01
 -1.829070079E-01 -1.000000000E-03 -2.499993627E-02 3.056798275E-03 4.131803537E-01
 -1.805929308E-01 -1.000000000E-03 -2.575857525E-02 3.074965210E-03 4.059065282E-01
 -1.710592017E-01 -1.000000000E-03 -2.868968727E-02 3.097905115E-03 3.775272962E-01
 -1.690618269E-01 -1.000000000E-03 -2.929282197E-02 3.125061401E-03 3.727784237E-01
 -1.670474616E-01 -1.000000000E-03 -2.985806655E-02 3.115775081E-03 3.682334598E-01
 -1.558631692E-01 -1.000000000E-03 -3.295738393E-02 3.129386117E-03 3.437986325E-01
 -1.532018013E-01 -1.000000000E-03 -3.364602193E-02 3.133924006E-03 3.381912186E-01
 -1.411998939E-01 -1.000000000E-03 -3.664039837E-02 3.115661074E-03 3.156176034E-01
 -1.382276048E-01 -1.000000000E-03 -3.734197599E-02 3.119561240E-03 3.110825548E-01
 -1.261305079E-01 -1.000000000E-03 -4.007557069E-02 3.094821687E-03 2.933563264E-01
 -1.227225112E-01 -1.000000000E-03 -4.080461321E-02 3.092524845E-03 2.889494903E-01
 -1.102057670E-01 -1.000000000E-03 -4.337775892E-02 3.040205651E-03 2.740687828E-01
 -1.062476006E-01 -1.000000000E-03 -4.414208454E-02 3.015015609E-03 2.697529847E-01
 -9.449065209E-02 -1.000000000E-03 -4.634733457E-02 2.948535193E-03 2.580291376E-01
 -9.002477467E-02 -1.000000000E-03 -4.713531027E-02 2.927779219E-03 2.543478151E-01
 -7.784545388E-02 -1.000000000E-03 -4.922107054E-02 2.870739754E-03 2.444184285E-01
 -7.324678723E-02 -1.000000000E-03 -4.996288649E-02 2.855708584E-03 2.409876172E-01
 -6.080262318E-02 -1.000000000E-03 -5.190573623E-02 2.801918049E-03 2.323290632E-01
 -5.595647182E-02 -1.000000000E-03 -5.262121981E-02 2.784974013E-03 2.296925526E-01
 -4.296807976E-02 -1.000000000E-03 -5.446837032E-02 2.736748063E-03 2.222182307E-01
 -3.766338171E-02 -1.000000000E-03 -5.518259770E-02 2.719346882E-03 2.195317167E-01
 -2.375590139E-02 -1.000000000E-03 -5.697633799E-02 2.675727969E-03 2.131334880E-01
 -1.802902961E-02 -1.000000000E-03 -5.767393923E-02 2.662038825E-03 2.107093316E-01
 -3.330728167E-03 -1.000000000E-03 -5.938437697E-02 2.617598591E-03 2.053423234E-01
 2.682401914E-03 -1.000000000E-03 -6.004240467E-02 2.603400270E-03 2.033264775E-01
 1.834902269E-02 -1.000000000E-03 -6.167928031E-02 2.561707885E-03 1.988437092E-01
 2.473375938E-02 -1.000000000E-03 -6.230268024E-02 2.549002898E-03 1.973116872E-01
 4.135576992E-02 -1.000000000E-03 -6.384913542E-02 2.508012894E-03 1.936716324E-01
 4.817263818E-02 -1.000000000E-03 -6.443800113E-02 2.493370835E-03 1.924087498E-01
 6.586802047E-02 -1.000000000E-03 -6.588923641E-02 2.453190134E-03 1.896060493E-01
 7.316344680E-02 -1.000000000E-03 -6.644188110E-02 2.441586756E-03 1.887328557E-01
 9.166839942E-02 -1.000000000E-03 -6.776653942E-02 2.398550264E-03 1.866442486E-01
 9.940098065E-02 -1.000000000E-03 -6.827377034E-02 2.386762995E-03 1.859763284E-01
 1.195874022E-01 -1.000000000E-03 -6.951517719E-02 2.344149541E-03 1.847180114E-01
 1.278920135E-01 -1.000000000E-03 -6.997872593E-02 2.332625787E-03 1.845282725E-01
 -2.092037481E-01 -1.000000000E-03 4.970634415E-02 6.055168064E-03 -4.230385160E-01
 -2.038256378E-01 -1.000000000E-03 5.109068895E-02 5.782338798E-03 -4.191819461E-01
 -2.024953556E-01 -1.000000000E-03 5.142248262E-02 5.775875033E-03 -4.159358379E-01
 -2.010604223E-01 -1.000000000E-03 5.174727559E-02 5.639325583E-03 -4.125168659E-01
 -1.962320569E-01 -1.000000000E-03 5.282265442E-02 5.484903840E-03 -4.040059494E-01
 -1.946854871E-01 -1.000000000E-03 5.314131935E-02 5.498128226E-03 -4.035726658E-01
 -1.886421780E-01 -1.000000000E-03 5.430127011E-02 5.315248813E-03 -3.987494600E-01
 -1.871261634E-01 -1.000000000E-03 5.458035692E-02 5.333638345E-03 -3.957909501E-01
 -1.855217804E-01 -1.000000000E-03 5.484756757E-02 5.238312854E-03 -3.924489029E-01
 -1.795910464E-01 -1.000000000E-03 5.582428982E-02 5.115346287E-03 -3.823520839E-01
 -1.778428195E-01 -1.000000000E-03 5.608544650E-02 5.114406824E-03 -3.811489183E-01
 -1.700157134E-01 -1.000000000E-03 5.717043479E-02 4.921164065E-03 -3.734080963E-01
 -1.682645901E-01 -1.000000000E-03 5.740011548E-02 4.924793860E-03 -3.707613563E-01
 -1.663065891E-01 -1.000000000E-03 5.762847713E-02 4.830033721E-03 -3.675476906E-01
 -1.588858678E-01 -1.000000000E-03 5.847323796E-02 4.691000347E-03 -3.578960147E-01
 -1.567013699E-01 -1.000000000E-03 5.869742785E-02 4.679748692E-03 -3.561601892E-01
 -1.483093311E-01 -1.000000000E-03 5.946934305E-02 4.503167139E-03 -3.473411897E-01
 -1.460809103E-01 -1.000000000E-03 5.966444674E-02 4.504740782E-03 -3.443659106E-01
 -1.436587701E-01 -1.000000000E-03 5.984598050E-02 4.398145899E-03 -3.406793843E-01
 -1.360340950E-01 -1.000000000E-03 6.039542089E-02 4.257052826E-03 -3.312954785E-01
 -1.331673259E-01 -1.000000000E-03 6.057632773E-02 4.234999662E-03 -3.289320335E-01
 -1.245742612E-01 -1.000000000E-03 6.104325725E-02 4.101343020E-03 -3.208346639E-01
 -1.215243459E-01 -1.000000000E-03 6.119269446E-02 4.084780085E-03 -3.172126774E-01
 -1.119838237E-01 -1.000000000E-03 6.155685025E-02 3.970036131E-03 -3.069548845E-01
 -1.088637843E-01 -1.000000000E-03 6.166119961E-02 3.948952991E-03 -3.040581936E-01
 -9.840200327E-02 -1.000000000E-03 6.190233860E-02 3.805606999E-03 -2.926568021E-01
 -9.507962573E-02 -1.000000000E-03 6.195751101E-02 3.755550529E-03 -2.889541756E-01
 -8.492861329E-02 -1.000000000E-03 6.205010902E-02 3.617548375E-03 -2.785061806E-01
 -8.127488507E-02 -1.000000000E-03 6.205846241E-02 3.569715416E-03 -2.748722652E-01
 -7.058028231E-02 -1.000000000E-03 6.201424061E-02 3.445009739E-03 -2.646393487E-01
 -6.651221668E-02 -1.000000000E-03 6.196954728E-02 3.403426694E-03 -2.606955224E-01
 -5.564455913E-02 -1.000000000E-03 6.178649190E-02 3.291523848E-03 -2.496688417E-01
 -5.128406830E-02 -1.000000000E-03 6.168320446E-02 3.255839866E-03 -2.452219261E-01
 -3.966397669E-02 -1.000000000E-03 6.134695893E-02 3.162593454E-03 -2.337521541E-01
 -3.505462601E-02 -1.000000000E-03 6.118267290E-02 3.132162363E-03 -2.293051173E-01
 7.471460240E-01 -1.000000000E-03 -6.536680706E-02 6.084143132E-04 3.929980440E-01
 7.441457003E-01 -1.000000000E-03 -6.466339370E-02 3.752921874E-04 3.862731423E-01
 7.431134756E-01 -1.000000000E-03 -6.442067272E-02 2.240017424E-04 4.150139134E-01
 7.415227349E-01 -1.000000000E-03 -6.404715322E-02 1.425700481E-04 4.141340494E-01
 7.440666023E-01 -1.000000000E-03 -6.553867384E-02 6.763410718E-04 3.914447467E-01
 7.429509028E-01 -1.000000000E-03 -6.560165887E-02 6.278279445E-04 4.217689394E-01
 7.413264488E-01 -1.000000000E-03 -6.569259289E-02 5.508412492E-04 4.180095001E-01
 7.375392600E-01 -1.000000000E-03 -6.311643513E-02 -9.896564034E-06 4.132582793E-01
 7.365883138E-01 -1.000000000E-03 -6.595319964E-02 3.836220957E-04 4.086569293E-01
 7.339650611E-01 -1.000000000E-03 -6.609760873E-02 3.859327492E-04 4.049615529E-01
 6.980228585E-01 -1.000000000E-03 -5.402851290E-02 1.661948234E-04 3.795384569E-01
 6.957069308E-01 -1.000000000E-03 -5.350424697E-02 1.787204663E-04 3.769739182E-01
 7.037103639E-01 -1.000000000E-03 -5.532003216E-02 1.400558149E-04 3.855059299E-01
 7.059454970E-01 -1.000000000E-03 -5.582921484E-02 1.292399238E-04 3.875918710E-01
 6.906039824E-01 -1.000000000E-03 -5.235185560E-02 2.073364995E-04 3.715632033E-01
 6.878940574E-01 -1.000000000E-03 -5.174224417E-02 2.197107287E-04 3.693202576E-01
 7.115818643E-01 -1.000000000E-03 -5.711655547E-02 1.004980742E-04 3.928494518E-01
 7.138194250E-01 -1.000000000E-03 -5.762969025E-02 8.979474645E-05 3.949290271E-01
 7.200359672E-01 -1.000000000E-03 -5.905808610E-02 6.269777685E-05 4.008661170E-01
 7.219877455E-01 -1.000000000E-03 -5.950888140E-02 5.687093105E-05 4.030017067E-01
 7.324588609E-01 -1.000000000E-03 -6.193490605E-02 2.558038657E-05 4.109512298E-01
 7.307962042E-01 -1.000000000E-03 -6.154845366E-02 2.981558064E-05 4.102045666E-01
 7.286839562E-01 -1.000000000E-03 -6.105721918E-02 3.460507827E-05 4.086639368E-01
 7.300416849E-01 -1.000000000E-03 -6.137293874E-02 3.202831243E-05 4.096528797E-01
 6.821476150E-01 -1.000000000E-03 -5.045181319E-02 2.374183731E-04 3.638397122E-01
 6.784876781E-01 -1.000000000E-03 -4.963489455E-02 2.486742425E-04 3.601369748E-01
 7.278778406E-01 -1.000000000E-03 -6.642465558E-02 4.314521833E-04 3.968785430E-01
 7.246789836E-01 -1.000000000E-03 -6.659373457E-02 4.754467922E-04 3.931176418E-01
 6.706393576E-01 -1.000000000E-03 -4.788533246E-02 2.694963212E-04 3.525237069E-01
 6.655885890E-01 -1.000000000E-03 -4.676949595E-02 2.881169329E-04 3.480897977E-01
 7.159189652E-01 -1.000000000E-03 -6.704894020E-02 5.755781747E-04 3.838680761E-01
 7.116987149E-01 -1.000000000E-03 -6.726401454E-02 6.141298784E-04 3.796936436E-01
 6.564483586E-01 -1.000000000E-03 -4.475138222E-02 3.150862772E-04 3.390919680E-01
 6.487880959E-01 -1.000000000E-03 -4.308196332E-02 3.382714068E-04 3.323650598E-01
 6.996954449E-01 -1.000000000E-03 -6.786071838E-02 6.920291057E-04 3.678265383E-01
 6.947394798E-01 -1.000000000E-03 -6.809978117E-02 7.236309993E-04 3.628201867E-01
 6.790631104E-01 -1.000000000E-03 -6.883392990E-02 7.844717634E-04 3.498836741E-01
 6.722886790E-01 -1.000000000E-03 -6.913539074E-02 8.161655696E-04 3.451467746E-01
 6.347061413E-01 -1.000000000E-03 -4.001498231E-02 3.791038220E-04 3.201238420E-01
 6.241116192E-01 -1.000000000E-03 -3.774623375E-02 3.777931174E-04 3.134385941E-01
 6.026919890E-01 -1.000000000E-03 -3.318498615E-02 4.535199215E-04 2.971677706E-01
 5.903643575E-01 -1.000000000E-03 -3.060145261E-02 5.196240363E-04 2.863243912E-01
 5.511530951E-01 -1.000000000E-03 -2.253016084E-02 6.424503327E-04 2.580841271E-01
 -3.505462601E-02 -1.000000000E-03 6.118267290E-02 3.132162363E-03 -2.293051173E-01
 -2.300188605E-02 -1.000000000E-03 6.069329498E-02 3.042693853E-03 -2.178083452E-01
 -1.818767749E-02 -1.000000000E-03 6.046673650E-02 3.013226414E-03 -2.131382896E-01
 -5.378705220E-03 -1.000000000E-03 5.980219687E-02 2.924255200E-03 -2.008994622E-01
 -2.473264534E-04 -1.000000000E-03 5.950404488E-02 2.895775224E-03 -1.959702086E-01
 1.356193255E-02 -1.000000000E-03 5.863635354E-02 2.804472336E-03 -1.826123520E-01
 1.898515866E-02 -1.000000000E-03 5.826267197E-02 2.773221102E-03 -1.772262335E-01
 3.345095277E-02 -1.000000000E-03 5.720091773E-02 2.681451022E-03 -1.631826392E-01
 3.928113907E-02 -1.000000000E-03 5.673806073E-02 2.651460577E-03 -1.576149767E-01
 5.467548778E-02 -1.000000000E-03 5.544963635E-02 2.559584838E-03 -1.430227572E-01
 6.079579736E-02 -1.000000000E-03 5.490167209E-02 2.523647400E-03 -1.372627145E-01
 7.686212725E-02 -1.000000000E-03 5.339729768E-02 2.426675080E-03 -1.222584635E-01
 8.339658710E-02 -1.000000000E-03 5.274872795E-02 2.392144305E-03 -1.161407695E-01
 1.009197444E-01 -1.000000000E-03 5.093964142E-02 2.293981379E-03 -1.002040543E-01
 1.078232786E-01 -1.000000000E-03 5.018899386E-02 2.253719021E-03 -9.395028949E-02
 1.262297716E-01 -1.000000000E-03 4.811557288E-02 2.142339095E-03 -7.706283368E-02
 1.336877427E-01 -1.000000000E-03 4.723572346E-02 2.102308431E-03 -7.010674820E-02
 1.535133599E-01 -1.000000000E-03 4.482136466E-02 1.988971007E-03 -5.180418113E-02
 1.614855402E-01 -1.000000000E-03 4.380893569E-02 1.945035506E-03 -4.450639514E-02
 1.827042268E-01 -1.000000000E-03 4.103743868E-02 1.835385361E-03 -2.551406273E-02
 1.913207100E-01 -1.000000000E-03 3.986803427E-02 1.794192202E-03 -1.796563365E-02
 2.137892821E-01 -1.000000000E-03 3.674131837E-02 1.681220543E-03 1.758798338E-03
 2.230528946E-01 -1.000000000E-03 3.540542978E-02 1.635823877E-03 9.895109231E-03
 2.476447746E-01 -1.000000000E-03 3.177684596E-02 1.529604918E-03 3.111125429E-02
 2.577578136E-01 -1.000000000E-03 3.023529628E-02 1.488114452E-03 3.976107875E-02
 2.841569442E-01 -1.000000000E-03 2.612480740E-02 1.385899064E-03 6.165340124E-02
 2.950837681E-01 -1.000000000E-03 2.437155970E-02 1.344938228E-03 7.045815326E-02
 3.212348581E-01 -1.000000000E-03 2.010005625E-02 1.226956677E-03 9.207935800E-02
 3.335556404E-01 -1.000000000E-03 1.802618667E-02 1.186795029E-03 1.018927451E-01
 3.663215096E-01 -1.000000000E-03 1.241648030E-02 1.089788937E-03 1.270927769E-01
 3.800873905E-01 -1.000000000E-03 9.990032286E-03 1.041424179E-03 1.374496160E-01
 4.162239352E-01 -1.000000000E-03 3.502530545E-03 9.555840533E-04 1.636636266E-01
 4.313681613E-01 -1.000000000E-03 7.112363675E-04 9.179872140E-04 1.745301399E-01
 4.714313308E-01 -1.000000000E-03 -6.820964495E-03 8.398764563E-04 2.027076929E-01
 4.875016160E-01 -1.000000000E-03 -9.917402691E-03 8.048752434E-04 2.140949240E-01
 5.511530951E-01 -1.000000000E-03 -2.253016084E-02 6.424503327E-04 2.580841271E-01
 5.348703937E-01 -1.000000000E-03 -1.924894935E-02 6.919297464E-04 2.463864367E-01
 4 1
 1 2
 2 3
 3 6
 6 7
 7 10
 10 11
 15 14
 14 13
 13 12
 12 9
 9 8
 8 5
 5 4
 21 20
 20 19
 19 18
 18 17
 17 16
 16 15
 22 24
 23 22
 25 23
 26 25
 26 27
 27 28
 28 29
 31 30
 31 32
 32 33
 33 34
 34 35
 35 36
 36 55
 55 54
 54 53
 53 52
 52 51
 51 50
 50 49
 49 48
 48 47
 47 46
 46 45
 45 44
 44 43
 43 42
 42 41
 41 40
 40 39
 39 38
 38 37
 56 57
 57 58
 58 59
 59 60
 60 61
 61 62
 62 63
 63 64
 64 65
 65 66
 66 67
 67 68
 68 69
 69 70
 73 74
 73 71
 71 72
 72 75
 75 76
 76 77
 77 78
 78 79
 79 80
 80 81
 81 82
 82 83
 83 84
 84 85
 85 86
 86 87
 87 88
 88 89
 89 90
 90 91
 91 92
 92 93
 93 94
 94 95
 95 96
 96 97
 97 98
 98 99
 99 100
 100 101
 101 102
 102 103
 103 104
 104 105
 105 106
 106 107
 107 108
 108 109
 109 110
 110 111
 113 112
 113 114
 114 115
 115 116
 116 117
 117 118
 118 119
 119 120
 120 121
 121 122
 122 123
 123 124
 124 125
 125 126
 126 127
 127 128
 128 129
 129 130
 130 131
 131 132
 132 133
 133 134
 134 135
 135 136
 136 137
 137 138
 138 139
 139 140
 140 141
 141 142
 142 143
 143 144
 144 145
 145 146
 151 147
 147 148
 148 149
 149 150
 150 154
 154 167
 167 168
 168 170
 170 169
 169 166
 166 165
 165 164
 164 163
 163 160
 160 159
 159 157
 157 158
 158 161
 161 162
 162 171
 171 172
 172 175
 175 176
 176 179
 179 180
 180 185
 185 186
 186 187
 187 188
 188 189
 177 174
 174 173
 173 156
 156 155
 155 153
 153 152
 152 151
 183 182
 182 181
 181 178
 178 177
 183 184
 190 191
 191 192
 192 193
 193 194
 194 195
 195 196
 196 197
 197 198
 198 199
 199 200
 200 201
 201 202
 202 203
 203 204
 204 205
 205 206
 206 207
 207 208
 208 209
 209 210
 210 211
 211 212
 212 213
 213 214
 214 215
 215 216
 216 217
 217 218
 218 219
 219 220
 220 221
 221 222
 222 223
 223 224
 224 226
 226 225
ZONE T="USM3D-ME, HeldenMesh_C, Slice: Y=-0.035"
 STRANDID=0, SOLUTIONTIME=0
 Nodes=178, Elements=170, ZONETYPE=FELineSeg
 DATAPACKING=POINT
 DT=(DOUBLE DOUBLE DOUBLE DOUBLE DOUBLE )
 -2.490662387E-01 -3.500000000E-02 2.156983582E-02 5.291925646E-04 6.392135729E-01
 -2.490613016E-01 -3.500000000E-02 2.133465691E-02 4.613558293E-04 6.528981127E-01
 -2.489403333E-01 -3.500000000E-02 1.819215895E-02 -3.540836700E-04 8.477419105E-01
 -2.482663966E-01 -3.500000000E-02 1.539297273E-02 -3.764350343E-04 9.855968341E-01
 -2.478848467E-01 -3.500000000E-02 1.425794040E-02 -2.979385140E-04 1.009254462E+00
 -2.402649221E-01 -3.500000000E-02 3.655468846E-03 1.503697287E-03 8.579002863E-01
 -2.490026152E-01 -3.500000000E-02 2.189674674E-02 6.776440162E-04 6.114181406E-01
 -2.462567240E-01 -3.500000000E-02 1.094906803E-02 2.692232975E-04 1.002993270E+00
 -2.458562996E-01 -3.500000000E-02 1.027542286E-02 3.943134706E-04 9.965133039E-01
 -2.395777229E-01 -3.500000000E-02 3.025720969E-03 1.572913321E-03 8.426194991E-01
 -2.367444654E-01 -3.500000000E-02 5.957381461E-04 1.802548733E-03 7.834982346E-01
 -2.424189523E-01 -3.500000000E-02 5.913560460E-03 1.192651958E-03 9.105558085E-01
 -2.433614302E-01 -3.500000000E-02 6.915870065E-03 1.050189125E-03 9.335804553E-01
 -2.432087655E-01 -3.500000000E-02 6.731222948E-03 1.083231371E-03 9.297935674E-01
 -2.347158026E-01 -3.500000000E-02 -9.533523170E-04 1.888113871E-03 7.477289279E-01
 -2.325851444E-01 -3.500000000E-02 -2.505857811E-03 1.978138714E-03 7.114062133E-01
 -2.222807452E-01 -3.500000000E-02 -8.769398831E-03 2.255235403E-03 6.008416587E-01
 -2.281549138E-01 -3.500000000E-02 -5.386115435E-03 2.100586215E-03 6.558785773E-01
 -2.277527927E-01 -3.500000000E-02 -5.641695861E-03 2.111138055E-03 6.512045921E-01
 -2.269172825E-01 -3.500000000E-02 -6.114847873E-03 2.130598065E-03 6.427294041E-01
 -2.189957574E-01 -3.500000000E-02 -1.045979643E-02 2.318821760E-03 5.723272179E-01
 -2.142476159E-01 -3.500000000E-02 -1.280194054E-02 2.416574126E-03 5.380280439E-01
 -2.480710686E-01 -3.500000000E-02 2.592583536E-02 2.570347110E-03 2.630614540E-01
 -2.484465849E-01 -3.500000000E-02 2.490834849E-02 1.999247908E-03 3.972354057E-01
 -2.469296490E-01 -3.500000000E-02 2.842956389E-02 3.854194454E-03 5.715258344E-03
 -2.461051520E-01 -3.500000000E-02 2.976058284E-02 4.403948365E-03 -1.264482298E-01
 -2.444280438E-01 -3.500000000E-02 3.196148084E-02 5.225803922E-03 -2.991052852E-01
 -2.434532296E-01 -3.500000000E-02 3.305043756E-02 5.575020539E-03 -3.675118902E-01
 -2.412186934E-01 -3.500000000E-02 3.513704676E-02 6.103609977E-03 -4.453889128E-01
 -2.405961970E-01 -3.500000000E-02 3.567385149E-02 6.210147319E-03 -4.618038612E-01
 -2.374532077E-01 -3.500000000E-02 3.798893632E-02 6.490120587E-03 -5.106372046E-01
 6.614884788E-01 -3.500000000E-02 -6.961460939E-02 1.551999745E-03 3.353129702E-01
 6.475166774E-01 -3.500000000E-02 -7.019175281E-02 1.611456713E-03 3.253140743E-01
 7.012597011E-01 -3.500000000E-02 -6.779505820E-02 1.381613431E-03 3.692396730E-01
 6.889247980E-01 -3.500000000E-02 -6.838822412E-02 1.457446459E-03 3.573964720E-01
 -2.367792050E-01 -3.500000000E-02 3.840521185E-02 6.500254113E-03 -5.154408574E-01
 -2.335192027E-01 -3.500000000E-02 4.038092530E-02 6.553430633E-03 -5.355157315E-01
 -2.323918221E-01 -3.500000000E-02 4.097426009E-02 6.524919494E-03 -5.364656458E-01
 -2.373321675E-01 -3.500000000E-02 3.807334694E-02 6.497000377E-03 -5.122519473E-01
 -2.374532077E-01 -3.500000000E-02 3.798893632E-02 6.490120587E-03 -5.106372046E-01
 -2.287814640E-01 -3.500000000E-02 4.277933786E-02 6.468470117E-03 -5.386104875E-01
 -2.258139067E-01 -3.500000000E-02 4.405510828E-02 6.348834665E-03 -5.369440643E-01
 -2.226908797E-01 -3.500000000E-02 4.534262313E-02 6.269438800E-03 -5.301496526E-01
 6.475166774E-01 -3.500000000E-02 -7.019175281E-02 1.611456713E-03 3.253140743E-01
 6.167637026E-01 -3.500000000E-02 -7.136240890E-02 1.734780265E-03 3.074395523E-01
 5.830453858E-01 -3.500000000E-02 -7.247016108E-02 1.869486629E-03 2.902589536E-01
 5.579209261E-01 -3.500000000E-02 -7.321891147E-02 1.970984969E-03 2.783365583E-01
 2.306579196E-01 -3.500000000E-02 -7.409963669E-02 2.679310074E-03 1.856115600E-01
 2.329902375E-01 -3.500000000E-02 -7.416168328E-02 2.675619544E-03 1.859435522E-01
 2.832282078E-01 -3.500000000E-02 -7.519924869E-02 2.592796164E-03 1.958752733E-01
 1.450197818E-01 -3.500000000E-02 -7.087620724E-02 2.693766215E-03 1.805156057E-01
 2.851044557E-01 -3.500000000E-02 -7.523352442E-02 2.588709459E-03 1.961752170E-01
 5.004735363E-01 -3.500000000E-02 -7.456571718E-02 2.132902385E-03 2.569533252E-01
 2.876412911E-01 -3.500000000E-02 -7.526151049E-02 2.586713752E-03 1.967115044E-01
 3.375653163E-01 -3.500000000E-02 -7.576035375E-02 2.503387302E-03 2.063870287E-01
 2.123941787E-01 -3.500000000E-02 -7.351113760E-02 2.693410640E-03 1.844457363E-01
 1.837755782E-01 -3.500000000E-02 -7.257468361E-02 2.712184483E-03 1.825604418E-01
 1.868769478E-01 -3.500000000E-02 -7.269742085E-02 2.711699886E-03 1.828763527E-01
 5.028997614E-01 -3.500000000E-02 -7.451543270E-02 2.125636113E-03 2.578592909E-01
 3.620899365E-01 -3.500000000E-02 -7.582263308E-02 2.464821354E-03 2.126886900E-01
 3.914819089E-01 -3.500000000E-02 -7.580662449E-02 2.393431477E-03 2.209257364E-01
 4.951313181E-01 -3.500000000E-02 -7.464454911E-02 2.144601187E-03 2.550598500E-01
 4.305347521E-01 -3.500000000E-02 -7.555124134E-02 2.297701215E-03 2.324818732E-01
 4.471280217E-01 -3.500000000E-02 -7.538799478E-02 2.251691788E-03 2.376948156E-01
 -9.511256767E-02 -3.500000000E-02 -4.623745542E-02 3.019717099E-03 2.506276658E-01
 -2.142476159E-01 -3.500000000E-02 -1.280194054E-02 2.416574126E-03 5.380280439E-01
 -1.540074020E-01 -3.500000000E-02 -3.341341085E-02 3.093460931E-03 3.239989303E-01
 -1.621426539E-01 -3.500000000E-02 -3.121893697E-02 3.073982924E-03 3.424096783E-01
 -2.046276613E-01 -3.500000000E-02 -1.700339835E-02 2.628583060E-03 4.747876920E-01
 -1.993687168E-01 -3.500000000E-02 -1.912058384E-02 2.735383700E-03 4.527097109E-01
 -9.810097018E-02 -3.500000000E-02 -4.566619607E-02 3.021396707E-03 2.535032781E-01
 -1.160449152E-01 -3.500000000E-02 -4.220276039E-02 3.054562510E-03 2.687120954E-01
 -1.280508896E-01 -3.500000000E-02 -3.962556398E-02 3.086234928E-03 2.820280511E-01
 -1.363901651E-01 -3.500000000E-02 -3.776057668E-02 3.096750165E-03 2.931830927E-01
 -1.848762845E-01 -3.500000000E-02 -2.431953647E-02 2.957262815E-03 4.019283625E-01
 -1.797456554E-01 -3.500000000E-02 -2.600504719E-02 3.015901490E-03 3.860507894E-01
 -6.548090869E-02 -3.500000000E-02 -5.119452293E-02 2.964104865E-03 2.277558069E-01
 -9.159001617E-02 -3.500000000E-02 -4.684929268E-02 3.014636762E-03 2.492838085E-01
 -7.429691979E-02 -3.500000000E-02 -4.978795772E-02 2.986505030E-03 2.379966674E-01
 -5.009928015E-02 -3.500000000E-02 -5.343079709E-02 2.931076495E-03 2.216928045E-01
 -4.164670872E-02 -3.500000000E-02 -5.464849109E-02 2.911667088E-03 2.173777244E-01
 -1.641643816E-02 -3.500000000E-02 -5.786388012E-02 2.885619387E-03 2.057003545E-01
 -1.211774408E-02 -3.500000000E-02 -5.837459039E-02 2.874257061E-03 2.039873823E-01
 1.618215636E-02 -3.500000000E-02 -6.144909464E-02 2.797784897E-03 1.933139305E-01
 2.601176310E-02 -3.500000000E-02 -6.241392744E-02 2.780563605E-03 1.915794147E-01
 5.762510710E-02 -3.500000000E-02 -6.521949562E-02 2.733556660E-03 1.857848252E-01
 6.873544186E-02 -3.500000000E-02 -6.609716874E-02 2.724348740E-03 1.838399089E-01
 9.691919237E-02 -3.500000000E-02 -6.810991770E-02 2.712832403E-03 1.814350589E-01
 1.069189265E-01 -3.500000000E-02 -6.874774798E-02 2.706307845E-03 1.811234067E-01
 1.347876460E-01 -3.500000000E-02 -7.034350690E-02 2.691786487E-03 1.805934828E-01
 1.450197818E-01 -3.500000000E-02 -7.087620724E-02 2.693766215E-03 1.805156057E-01
 -2.044686351E-01 -3.500000000E-02 5.092548553E-02 5.727598343E-03 -4.768158222E-01
 -1.892005769E-01 -3.500000000E-02 5.420667870E-02 5.257102812E-03 -4.424722401E-01
 -2.022480846E-01 -3.500000000E-02 5.148021076E-02 5.653196037E-03 -4.784244890E-01
 -1.881534928E-01 -3.500000000E-02 5.438472675E-02 5.234969141E-03 -4.400238342E-01
 -1.778278711E-01 -3.500000000E-02 5.607856870E-02 5.033288948E-03 -4.135915650E-01
 -2.155133742E-01 -3.500000000E-02 4.783114229E-02 6.022639852E-03 -5.077494274E-01
 -2.126704491E-01 -3.500000000E-02 4.864901818E-02 5.946514938E-03 -5.004009477E-01
 -2.148312999E-01 -3.500000000E-02 4.806082799E-02 6.003813036E-03 -5.059014721E-01
 -2.226908797E-01 -3.500000000E-02 4.534262313E-02 6.269438800E-03 -5.301496526E-01
 -1.401925483E-01 -3.500000000E-02 6.010889035E-02 4.550008773E-03 -3.556760716E-01
 -1.716046615E-01 -3.500000000E-02 5.696270499E-02 4.905946820E-03 -4.078667287E-01
 -8.284045914E-02 -3.500000000E-02 6.205898971E-02 3.850410033E-03 -2.848857423E-01
 -1.999874636E-01 -3.500000000E-02 5.198019893E-02 5.574578835E-03 -4.657860046E-01
 -1.900892161E-01 -3.500000000E-02 5.403247615E-02 5.288281563E-03 -4.439485131E-01
 -1.341019201E-01 -3.500000000E-02 6.050640064E-02 4.498268358E-03 -3.498347518E-01
 -1.220753931E-01 -3.500000000E-02 6.115057600E-02 4.327136291E-03 -3.309971077E-01
 -1.165191482E-01 -3.500000000E-02 6.140020589E-02 4.262993107E-03 -3.240166976E-01
 -7.463784404E-02 -3.500000000E-02 6.202714476E-02 3.760934433E-03 -2.760974371E-01
 -6.536932046E-02 -3.500000000E-02 6.195418771E-02 3.661110062E-03 -2.688863969E-01
 -1.588516612E-01 -3.500000000E-02 5.844556212E-02 4.734604915E-03 -3.740315433E-01
 -1.529837442E-01 -3.500000000E-02 5.901080144E-02 4.667745303E-03 -3.668883726E-01
 -1.565774884E-01 -3.500000000E-02 5.871177625E-02 4.698657799E-03 -3.697038022E-01
 -9.686654421E-02 -3.500000000E-02 6.191181825E-02 4.005120294E-03 -3.039287322E-01
 -1.028427768E-01 -3.500000000E-02 6.179184539E-02 4.078973023E-03 -3.108679379E-01
 -9.972932089E-02 -3.500000000E-02 6.188385954E-02 4.039400188E-03 -3.078416098E-01
 -5.055203040E-02 -3.500000000E-02 6.166138552E-02 3.543738377E-03 -2.534770710E-01
 -4.612081453E-02 -3.500000000E-02 6.154510345E-02 3.512484243E-03 -2.477114423E-01
 -2.767550904E-02 -3.500000000E-02 6.088995408E-02 3.414514940E-03 -2.307847962E-01
 7.445218664E-01 -3.500000000E-02 -6.551583017E-02 1.620365087E-03 4.064165972E-01
 7.415312890E-01 -3.500000000E-02 -6.568433934E-02 1.519967794E-03 4.384883441E-01
 7.471460240E-01 -3.500000000E-02 -6.536680706E-02 1.708385685E-03 2.862368297E-01
 7.359820681E-01 -3.500000000E-02 -6.599229224E-02 1.160809168E-03 4.157418285E-01
 7.304635857E-01 -3.500000000E-02 -6.629422623E-02 1.120180805E-03 4.039269102E-01
 7.448318931E-01 -3.500000000E-02 -6.482182478E-02 1.046044901E-03 3.832924145E-01
 7.136356491E-01 -3.500000000E-02 -6.717984540E-02 1.286321962E-03 3.820753099E-01
 7.254674404E-01 -3.500000000E-02 -6.656259450E-02 1.166117374E-03 3.969675560E-01
 7.212508137E-01 -3.500000000E-02 -6.678272383E-02 1.205434114E-03 3.914696572E-01
 7.012597011E-01 -3.500000000E-02 -6.779505820E-02 1.381613431E-03 3.692396730E-01
 7.408242487E-01 -3.500000000E-02 -6.388057370E-02 7.026526532E-04 4.187781184E-01
 7.373827114E-01 -3.500000000E-02 -6.307377068E-02 4.827582444E-04 4.182359879E-01
 7.295120465E-01 -3.500000000E-02 -6.124235449E-02 4.462967798E-04 4.120484384E-01
 7.257975831E-01 -3.500000000E-02 -6.037684631E-02 4.012905515E-04 4.093492914E-01
 7.231097885E-01 -3.500000000E-02 -5.975521315E-02 4.166817642E-04 4.065229276E-01
 7.103423372E-01 -3.500000000E-02 -5.681989245E-02 5.217565093E-04 3.927844132E-01
 7.070306140E-01 -3.500000000E-02 -5.606221720E-02 5.522487526E-04 3.890992603E-01
 6.298653344E-01 -3.500000000E-02 -3.896989925E-02 9.358166997E-04 3.174423247E-01
 6.854864575E-01 -3.500000000E-02 -5.118667972E-02 7.001543898E-04 3.663258238E-01
 6.851118314E-01 -3.500000000E-02 -5.110293700E-02 7.022824936E-04 3.659425626E-01
 6.613432918E-01 -3.500000000E-02 -4.582037595E-02 8.211940048E-04 3.398709341E-01
 6.529823208E-01 -3.500000000E-02 -4.399994331E-02 8.516524145E-04 3.333955561E-01
 6.073452531E-01 -3.500000000E-02 -3.418982711E-02 1.003894902E-03 3.015723769E-01
 5.903094578E-01 -3.500000000E-02 -3.058892629E-02 1.061065344E-03 2.889561543E-01
 5.403860294E-01 -3.500000000E-02 -2.037149295E-02 1.230061302E-03 2.486481443E-01
 5.403860294E-01 -3.500000000E-02 -2.037149295E-02 1.230061302E-03 2.486481443E-01
 -2.255536334E-02 -3.500000000E-02 6.066778474E-02 3.393267677E-03 -2.260128648E-01
 -2.767550904E-02 -3.500000000E-02 6.088995408E-02 3.414514940E-03 -2.307847962E-01
 -5.936350427E-04 -3.500000000E-02 5.952723728E-02 3.311410063E-03 -2.021743274E-01
 1.706342574E-03 -3.500000000E-02 5.938935189E-02 3.302420284E-03 -2.002162613E-01
 2.493148213E-02 -3.500000000E-02 5.784247087E-02 3.194578155E-03 -1.794480503E-01
 2.696536441E-02 -3.500000000E-02 5.769062277E-02 3.184389812E-03 -1.769730990E-01
 1.161397212E-01 -3.500000000E-02 4.927250722E-02 2.882279639E-03 -9.230346504E-02
 1.163946748E-01 -3.500000000E-02 4.924396437E-02 2.881284193E-03 -9.206270306E-02
 1.923673628E-01 -3.500000000E-02 3.972815753E-02 2.531446228E-03 -2.151201469E-02
 5.174215300E-02 -3.500000000E-02 5.570618286E-02 3.100220929E-03 -1.519459873E-01
 5.365016313E-02 -3.500000000E-02 5.553781715E-02 3.093061314E-03 -1.500921130E-01
 1.146961842E-01 -3.500000000E-02 4.942543812E-02 2.887670666E-03 -9.369978080E-02
 8.086705222E-02 -3.500000000E-02 5.300392813E-02 3.002415233E-03 -1.255779177E-01
 8.491814820E-02 -3.500000000E-02 5.259740505E-02 2.988577307E-03 -1.216036370E-01
 2.003484514E-01 -3.500000000E-02 3.862593371E-02 2.493857116E-03 -1.470536273E-02
 2.312627833E-01 -3.500000000E-02 3.420700755E-02 2.318238393E-03 1.352668455E-02
 2.404870369E-01 -3.500000000E-02 3.284945801E-02 2.269772889E-03 2.172292160E-02
 2.686515734E-01 -3.500000000E-02 2.856103629E-02 2.117279070E-03 4.530692281E-02
 1.215454495E-01 -3.500000000E-02 4.863038653E-02 2.858205472E-03 -8.723256553E-02
 2.730159393E-01 -3.500000000E-02 2.788171275E-02 2.098608868E-03 4.891792986E-02
 3.014580067E-01 -3.500000000E-02 2.334312587E-02 2.004477779E-03 7.119187606E-02
 1.616308451E-01 -3.500000000E-02 4.375790713E-02 2.676693054E-03 -4.977130075E-02
 1.527082734E-01 -3.500000000E-02 4.492349784E-02 2.715888392E-03 -5.789759885E-02
 1.542070665E-01 -3.500000000E-02 4.473670266E-02 2.710277619E-03 -5.648098704E-02
 3.148493388E-01 -3.500000000E-02 2.114994128E-02 1.953789152E-03 8.236563003E-02
 3.457425107E-01 -3.500000000E-02 1.595791269E-02 1.845185915E-03 1.075563357E-01
 4.138833198E-01 -3.500000000E-02 3.932877927E-03 1.607669153E-03 1.593147506E-01
 4.562649239E-01 -3.500000000E-02 -3.952386820E-03 1.479073635E-03 1.905814240E-01
 3.639848273E-01 -3.500000000E-02 1.282107809E-02 1.779419701E-03 1.222864342E-01
 3.966936141E-01 -3.500000000E-02 7.026423493E-03 1.665889317E-03 1.467634116E-01
 4.677876248E-01 -3.500000000E-02 -6.115665649E-03 1.446396253E-03 1.985969938E-01
 4.966030065E-01 -3.500000000E-02 -1.174743373E-02 1.361117317E-03 2.181392802E-01
 5.284734500E-01 -3.500000000E-02 -1.795915212E-02 1.270170670E-03 2.402181695E-01
 2 1
 1 7
 7 24
 24 23
 23 25
 25 26
 26 27
 27 28
 28 29
 29 30
 30 31
 11 10
 10 6
 6 12
 12 14
 14 13
 13 9
 9 8
 8 5
 5 4
 4 3
 3 2
 11 15
 15 16
 16 18
 18 19
 19 20
 20 17
 17 21
 21 22
 35 32
 32 33
 34 35
 36 37
 37 38
 38 41
 41 42
 42 43
 40 39
 39 36
 44 45
 45 46
 46 47
 47 59
 59 53
 53 62
 62 64
 64 63
 63 61
 61 60
 60 55
 55 54
 54 52
 52 50
 50 49
 49 48
 48 56
 56 58
 58 57
 57 51
 69 66
 65 71
 71 72
 72 73
 73 74
 74 67
 67 68
 68 76
 76 75
 75 70
 70 69
 80 77
 77 79
 79 78
 78 65
 82 81
 81 80
 83 84
 84 85
 85 86
 86 87
 87 88
 88 89
 89 90
 90 91
 83 82
 97 100
 98 92
 92 94
 94 104
 104 105
 105 93
 93 95
 95 96
 96 102
 102 111
 111 113
 113 112
 112 101
 101 106
 106 107
 107 108
 108 115
 115 116
 116 114
 114 103
 103 109
 109 110
 110 117
 117 118
 118 119
 99 98
 97 99
 122 120
 120 121
 121 123
 123 124
 124 127
 127 128
 128 126
 126 129
 125 122
 130 125
 131 130
 131 132
 132 133
 133 134
 134 135
 135 136
 136 138
 138 139
 139 140
 140 141
 141 137
 137 142
 142 143
 143 144
 146 148
 148 149
 149 150
 150 151
 151 155
 155 156
 156 158
 158 159
 159 157
 157 152
 152 153
 153 164
 164 168
 168 169
 169 167
 167 154
 154 160
 160 161
 161 162
 162 163
 163 165
 165 166
 166 170
 170 171
 171 174
 174 175
 175 172
 172 173
 173 176
 176 177
 177 178
 178 145
 147 146
ZONE T="USM3D-ME, HeldenMesh_C, Slice: Y=-0.73"
 STRANDID=0, SOLUTIONTIME=0
 Nodes=206, Elements=193, ZONETYPE=FELineSeg
 DATAPACKING=POINT
 DT=(DOUBLE DOUBLE DOUBLE DOUBLE DOUBLE )
 -1.433507846E-01 -7.300000000E-01 -3.612417160E-02 3.302243302E-03 1.931473853E-01
 -1.353282270E-01 -7.300000000E-01 -3.797264030E-02 3.299609743E-03 1.940759048E-01
 -1.265098553E-01 -7.300000000E-01 -3.999174888E-02 3.309990371E-03 1.867721950E-01
 -1.141452646E-01 -7.300000000E-01 -4.257788121E-02 3.313597275E-03 1.726437512E-01
 -1.050576324E-01 -7.300000000E-01 -4.434833190E-02 3.294977371E-03 1.674845076E-01
 -9.526516752E-02 -7.300000000E-01 -4.620926215E-02 3.276699223E-03 1.672126957E-01
 -8.527449774E-02 -7.300000000E-01 -4.795037495E-02 3.256415057E-03 1.614253407E-01
 -7.064023883E-02 -7.300000000E-01 -5.034293491E-02 3.221306007E-03 1.567123516E-01
 -6.156192813E-02 -7.300000000E-01 -5.179138522E-02 3.210616448E-03 1.538669375E-01
 -5.506473619E-02 -7.300000000E-01 -5.275463729E-02 3.183715931E-03 1.468670624E-01
 -4.416352476E-02 -7.300000000E-01 -5.425578197E-02 3.138080878E-03 1.479917109E-01
 -2.945064589E-02 -7.300000000E-01 -5.624494742E-02 3.078935739E-03 1.414033652E-01
 -1.562685391E-02 -7.300000000E-01 -5.796876653E-02 3.035884605E-03 1.348329403E-01
 -3.242886974E-04 -7.300000000E-01 -5.969198806E-02 2.985075529E-03 1.350596860E-01
 1.006612248E-02 -7.300000000E-01 -6.082107165E-02 2.950047340E-03 1.334498031E-01
 2.640055865E-02 -7.300000000E-01 -6.247134805E-02 2.915986793E-03 1.271403752E-01
 4.459820406E-02 -7.300000000E-01 -6.411540413E-02 2.904913376E-03 1.286205851E-01
 5.090017046E-02 -7.300000000E-01 -6.467533691E-02 2.893894820E-03 1.280810506E-01
 7.499728583E-02 -7.300000000E-01 -6.658399007E-02 2.912418835E-03 1.242413767E-01
 7.785233294E-02 -7.300000000E-01 -6.679528773E-02 2.908325459E-03 1.236983634E-01
 1.023888491E-01 -7.300000000E-01 -6.847105231E-02 2.903724534E-03 1.245772093E-01
 1.053647053E-01 -7.300000000E-01 -6.866014237E-02 2.906869172E-03 1.252287968E-01
 7.379404573E-01 -7.300000000E-01 -6.588477847E-02 2.096267738E-03 2.853035405E-01
 7.374760701E-01 -7.300000000E-01 -6.591074075E-02 2.021922990E-03 2.836694978E-01
 7.370585951E-01 -7.300000000E-01 -6.593364485E-02 2.020691790E-03 2.834778714E-01
 7.302691553E-01 -7.300000000E-01 -6.630514898E-02 2.003588580E-03 2.808128473E-01
 7.219038230E-01 -7.300000000E-01 -6.675111813E-02 1.989770554E-03 2.804410090E-01
 7.214898691E-01 -7.300000000E-01 -6.677314720E-02 1.991203128E-03 2.801579397E-01
 7.180899247E-01 -7.300000000E-01 -6.694685807E-02 2.004503698E-03 2.772352397E-01
 7.114371308E-01 -7.300000000E-01 -5.707165421E-02 2.822774908E-03 5.436902839E-02
 7.021180996E-01 -7.300000000E-01 -5.494292778E-02 2.943684852E-03 4.004896759E-02
 6.926024465E-01 -7.300000000E-01 -5.278942174E-02 2.975717243E-03 3.502552947E-02
 6.879288493E-01 -7.300000000E-01 -5.173584203E-02 2.977986996E-03 3.400945871E-02
 6.734584148E-01 -7.300000000E-01 -4.850403655E-02 2.938840062E-03 4.337706090E-02
 6.684857316E-01 -7.300000000E-01 -4.739743989E-02 2.917411201E-03 4.672879717E-02
 6.615807492E-01 -7.300000000E-01 -4.588196356E-02 2.888721990E-03 5.063864498E-02
 6.452439694E-01 -7.300000000E-01 -4.229646459E-02 2.767964482E-03 6.489377561E-02
 4.891138788E-01 -7.300000000E-01 -1.021505212E-02 1.922454129E-03 1.462616573E-01
 4.619423050E-01 -7.300000000E-01 -5.005518657E-03 1.854615020E-03 1.483206340E-01
 4.953027426E-01 -7.300000000E-01 -1.142210276E-02 1.941104944E-03 1.449516610E-01
 5.183320779E-01 -7.300000000E-01 -1.594071180E-02 2.013761101E-03 1.406474790E-01
 4.595021030E-01 -7.300000000E-01 -4.541489736E-03 1.850019334E-03 1.486311224E-01
 5.835890563E-01 -7.300000000E-01 -2.918552589E-02 2.334139662E-03 1.105246053E-01
 4.487529096E-01 -7.300000000E-01 -2.529354694E-03 1.832273869E-03 1.485672703E-01
 5.330838434E-01 -7.300000000E-01 -1.889485728E-02 2.075713749E-03 1.347527931E-01
 5.718971175E-01 -7.300000000E-01 -2.678240553E-02 2.261137820E-03 1.163872582E-01
 5.515256122E-01 -7.300000000E-01 -2.259800563E-02 2.133908381E-03 1.286358060E-01
 6.452439694E-01 -7.300000000E-01 -4.229646459E-02 2.767964482E-03 6.489377561E-02
 4.031326558E-01 -7.300000000E-01 5.883063473E-03 1.766374560E-03 1.438861175E-01
 6.219094356E-01 -7.300000000E-01 -3.727499222E-02 2.606777849E-03 8.135997902E-02
 6.151573526E-01 -7.300000000E-01 -3.582378857E-02 2.546997918E-03 8.787775797E-02
 6.014870522E-01 -7.300000000E-01 -3.295031597E-02 2.458002672E-03 9.662010854E-02
 4.322810806E-01 -7.300000000E-01 5.568264510E-04 1.799955689E-03 1.482905262E-01
 4.253140081E-01 -7.300000000E-01 1.829440443E-03 1.794219237E-03 1.471961596E-01
 3.882321293E-01 -7.300000000E-01 8.547426466E-03 1.771836586E-03 1.420244646E-01
 3.469658363E-01 -7.300000000E-01 1.575089543E-02 1.874975618E-03 1.314398084E-01
 3.396484506E-01 -7.300000000E-01 1.700984316E-02 1.896731208E-03 1.295110229E-01
 7.459792996E-01 -7.300000000E-01 -6.543302236E-02 2.969914318E-03 7.870802249E-02
 7.428716260E-01 -7.300000000E-01 -6.560936103E-02 2.803124919E-03 2.996224365E-01
 7.379404573E-01 -7.300000000E-01 -6.588477847E-02 2.096267738E-03 2.853035405E-01
 7.471460240E-01 -7.300000000E-01 -6.536680706E-02 3.015139282E-03 -6.736872689E-03
 7.460392859E-01 -7.300000000E-01 -6.510621370E-02 2.671530415E-03 4.727382883E-02
 7.432679213E-01 -7.300000000E-01 -6.445367100E-02 1.876065510E-03 1.808919745E-01
 7.396538219E-01 -7.300000000E-01 -6.360577490E-02 1.845710740E-03 1.623888818E-01
 7.386366950E-01 -7.300000000E-01 -6.336714412E-02 1.826219751E-03 1.585999558E-01
 7.375233312E-01 -7.300000000E-01 -6.310700968E-02 1.891307370E-03 1.510994655E-01
 7.332561833E-01 -7.300000000E-01 -6.211001155E-02 2.137364288E-03 1.237307296E-01
 7.274373130E-01 -7.300000000E-01 -6.075754771E-02 2.422767087E-03 9.394415708E-02
 7.260742799E-01 -7.300000000E-01 -6.044070915E-02 2.486804931E-03 8.814565642E-02
 7.242179388E-01 -7.300000000E-01 -6.001219243E-02 2.544135550E-03 8.197967644E-02
 7.172758575E-01 -7.300000000E-01 -5.840912664E-02 2.742574703E-03 6.353102507E-02
 7.114371308E-01 -7.300000000E-01 -5.707165421E-02 2.822774908E-03 5.436902839E-02
 -2.481648407E-01 -7.300000000E-01 2.578425157E-02 1.730497486E-03 5.932859873E-01
 -2.342697499E-01 -7.300000000E-01 3.996126362E-02 4.913250154E-03 -1.168431610E-01
 -2.485461835E-01 -7.300000000E-01 2.415589494E-02 1.176745677E-03 6.969194015E-01
 -2.490233988E-01 -7.300000000E-01 2.204969184E-02 4.622957359E-04 8.318718148E-01
 -2.475901055E-01 -7.300000000E-01 2.701209670E-02 2.247068122E-03 5.475159100E-01
 -2.467101891E-01 -7.300000000E-01 2.884286315E-02 2.971542262E-03 4.357043302E-01
 -2.451286676E-01 -7.300000000E-01 3.111099721E-02 3.697391217E-03 2.183368087E-01
 -2.445879774E-01 -7.300000000E-01 3.179785043E-02 3.896403552E-03 1.775128785E-01
 -2.422420527E-01 -7.300000000E-01 3.422922436E-02 4.326258269E-03 3.504828216E-02
 -2.416398984E-01 -7.300000000E-01 3.478622298E-02 4.431708628E-03 1.133913381E-02
 -2.342600106E-01 -7.300000000E-01 3.996672601E-02 4.913405081E-03 -1.169209157E-01
 -2.297564942E-01 -7.300000000E-01 4.231972310E-02 4.973356589E-03 -1.481549521E-01
 -2.285805944E-01 -7.300000000E-01 4.285937038E-02 4.961875453E-03 -1.515065318E-01
 -2.245599918E-01 -7.300000000E-01 4.460357044E-02 4.914520310E-03 -1.587920242E-01
 -2.343329703E-01 -7.300000000E-01 3.992105758E-02 4.910772657E-03 -1.161604356E-01
 -2.385933472E-01 -7.300000000E-01 3.719522668E-02 4.743319755E-03 -6.657696945E-02
 -2.382476696E-01 -7.300000000E-01 3.744589318E-02 4.769099324E-03 -7.499200529E-02
 -1.948419921E-01 -7.300000000E-01 5.310928087E-02 4.445567597E-03 -1.500896496E-01
 -1.927433614E-01 -7.300000000E-01 5.352231903E-02 4.393886419E-03 -1.450581081E-01
 -2.035018776E-01 -7.300000000E-01 5.117290964E-02 4.626146437E-03 -1.551971333E-01
 -2.020230566E-01 -7.300000000E-01 5.152880437E-02 4.598330706E-03 -1.529015525E-01
 -2.206381037E-01 -7.300000000E-01 4.608259258E-02 4.856584105E-03 -1.571474320E-01
 -2.181088344E-01 -7.300000000E-01 4.698849685E-02 4.813726881E-03 -1.545773790E-01
 -2.097944013E-01 -7.300000000E-01 4.953615961E-02 4.731212829E-03 -1.644906076E-01
 -2.117200669E-01 -7.300000000E-01 4.898728307E-02 4.750013898E-03 -1.665546334E-01
 -1.867296795E-01 -7.300000000E-01 5.464682192E-02 4.270675784E-03 -1.373451750E-01
 -1.831376496E-01 -7.300000000E-01 5.524031428E-02 4.198481533E-03 -1.365668748E-01
 -1.779229711E-01 -7.300000000E-01 5.607797913E-02 4.090560462E-03 -1.302661273E-01
 -1.723447766E-01 -7.300000000E-01 5.685348316E-02 4.014523890E-03 -1.267068022E-01
 7.055354667E-01 -7.300000000E-01 -6.758886872E-02 2.062535599E-03 2.655295755E-01
 7.180899247E-01 -7.300000000E-01 -6.694685807E-02 2.004503698E-03 2.772352397E-01
 7.038657928E-01 -7.300000000E-01 -6.767110293E-02 2.067164369E-03 2.644071832E-01
 6.814365907E-01 -7.300000000E-01 -6.873961716E-02 2.141275989E-03 2.450291417E-01
 6.781879613E-01 -7.300000000E-01 -6.888486798E-02 2.152301388E-03 2.425276447E-01
 6.567329040E-01 -7.300000000E-01 -6.982295207E-02 2.221319312E-03 2.286338986E-01
 6.326024365E-01 -7.300000000E-01 -7.077842561E-02 2.236359162E-03 2.200504586E-01
 6.208721474E-01 -7.300000000E-01 -7.121769071E-02 2.265839181E-03 2.145728561E-01
 5.915765638E-01 -7.300000000E-01 -7.222102373E-02 2.346665993E-03 2.021491142E-01
 5.624646239E-01 -7.300000000E-01 -7.307742925E-02 2.410362918E-03 1.921693892E-01
 -2.489506133E-01 -7.300000000E-01 1.826965369E-02 -6.762454891E-05 9.641346306E-01
 -2.478396146E-01 -7.300000000E-01 1.416039157E-02 3.392481607E-04 9.767174368E-01
 -2.486620301E-01 -7.300000000E-01 1.686500484E-02 1.644743598E-05 9.841580341E-01
 -2.471574221E-01 -7.300000000E-01 1.261667660E-02 6.456292390E-04 9.445425252E-01
 -2.459349528E-01 -7.300000000E-01 1.042499262E-02 1.113671638E-03 8.847148359E-01
 -2.448392958E-01 -7.300000000E-01 8.812257909E-03 1.430095389E-03 8.346073097E-01
 -2.432884724E-01 -7.300000000E-01 6.849214786E-03 1.755347302E-03 7.723769371E-01
 -2.417360817E-01 -7.300000000E-01 5.134986168E-03 1.975103388E-03 7.176649961E-01
 -2.399213847E-01 -7.300000000E-01 3.346293054E-03 2.158176366E-03 6.616691426E-01
 -2.489627116E-01 -7.300000000E-01 2.014346463E-02 2.274920332E-04 9.009516258E-01
 -2.490233988E-01 -7.300000000E-01 2.204969184E-02 4.622957359E-04 8.318718148E-01
 -2.377758613E-01 -7.300000000E-01 1.458954361E-03 2.280351667E-03 6.139988292E-01
 -2.356264321E-01 -7.300000000E-01 -2.783770542E-04 2.390206097E-03 5.669856358E-01
 -2.326062772E-01 -7.300000000E-01 -2.450862593E-03 2.503904992E-03 5.171533758E-01
 -2.299676145E-01 -7.300000000E-01 -4.254416791E-03 2.584520382E-03 4.840146040E-01
 -2.235565457E-01 -7.300000000E-01 -8.012264315E-03 2.734550599E-03 4.181671845E-01
 -2.222288868E-01 -7.300000000E-01 -8.802102466E-03 2.770888984E-03 4.049014973E-01
 -2.213828051E-01 -7.300000000E-01 -9.235210492E-03 2.796246824E-03 3.993698290E-01
 -2.109009302E-01 -7.300000000E-01 -1.434316125E-02 3.048370072E-03 3.386691261E-01
 -2.091406733E-01 -7.300000000E-01 -1.512452642E-02 3.078520030E-03 3.275083524E-01
 -2.057466886E-01 -7.300000000E-01 -1.647534100E-02 3.111027197E-03 3.195817741E-01
 -1.972721528E-01 -7.300000000E-01 -1.993986133E-02 3.255079021E-03 2.953836721E-01
 -1.933827268E-01 -7.300000000E-01 -2.138237860E-02 3.298206576E-03 2.729812474E-01
 -2.091406733E-01 -7.300000000E-01 -1.512452642E-02 3.078520030E-03 3.275083524E-01
 -1.843731526E-01 -7.300000000E-01 -2.449532027E-02 3.332609161E-03 2.533357918E-01
 -1.799333310E-01 -7.300000000E-01 -2.596931371E-02 3.327934943E-03 2.499235529E-01
 -1.714270031E-01 -7.300000000E-01 -2.856448690E-02 3.321290952E-03 2.350791407E-01
 -1.651886600E-01 -7.300000000E-01 -3.040056092E-02 3.327627135E-03 2.174907870E-01
 -1.581833395E-01 -7.300000000E-01 -3.232015413E-02 3.319022843E-03 2.086742758E-01
 -1.500656177E-01 -7.300000000E-01 -3.444759100E-02 3.305328653E-03 2.063587543E-01
 -1.433507846E-01 -7.300000000E-01 -3.612417160E-02 3.302243302E-03 1.931473853E-01
 3.309471624E-01 -7.300000000E-01 1.844847060E-02 1.930007431E-03 1.274261355E-01
 3.396484506E-01 -7.300000000E-01 1.700984316E-02 1.896731208E-03 1.295110229E-01
 -9.311737348E-02 -7.300000000E-01 6.198726075E-02 3.420806499E-03 -7.160559678E-02
 -1.023589985E-01 -7.300000000E-01 6.181268312E-02 3.503233153E-03 -7.327003095E-02
 -1.105035565E-01 -7.300000000E-01 6.158878757E-02 3.569302146E-03 -7.946491035E-02
 -8.315210295E-02 -7.300000000E-01 6.203664305E-02 3.300692899E-03 -6.499712784E-02
 -7.501829113E-02 -7.300000000E-01 6.203451573E-02 3.222085014E-03 -6.091581342E-02
 -6.412301097E-02 -7.300000000E-01 6.194149761E-02 3.131779759E-03 -5.642653202E-02
 -5.144961566E-02 -7.300000000E-01 6.167048725E-02 3.038700320E-03 -4.765430337E-02
 -4.577906176E-02 -7.300000000E-01 6.153673795E-02 2.997131742E-03 -4.406118784E-02
 -2.843784970E-02 -7.300000000E-01 6.092460599E-02 2.890640730E-03 -3.822035380E-02
 -2.418461585E-02 -7.300000000E-01 6.073941184E-02 2.860457746E-03 -3.631792000E-02
 -6.824465155E-03 -7.300000000E-01 5.988401817E-02 2.770168179E-03 -2.612640467E-02
 -2.228786786E-03 -7.300000000E-01 5.961560847E-02 2.750866342E-03 -2.262036442E-02
 1.352714225E-02 -7.300000000E-01 5.863965103E-02 2.714119957E-03 -1.562493242E-02
 1.962521890E-02 -7.300000000E-01 5.821127786E-02 2.713143967E-03 -1.284630826E-02
 3.791597573E-02 -7.300000000E-01 5.685094302E-02 2.671615137E-03 -2.595791189E-03
 4.791657516E-02 -7.300000000E-01 5.599874518E-02 2.667736723E-03 2.089118348E-03
 6.342524344E-02 -7.300000000E-01 5.466770901E-02 2.638365349E-03 9.336367629E-03
 8.037122415E-02 -7.300000000E-01 5.304141125E-02 2.623257377E-03 1.653197229E-02
 9.135488386E-02 -7.300000000E-01 5.193214213E-02 2.608318019E-03 2.311426001E-02
 1.148681679E-01 -7.300000000E-01 4.941157490E-02 2.581568621E-03 3.549153566E-02
 1.250438038E-01 -7.300000000E-01 4.823006746E-02 2.559879511E-03 4.064848617E-02
 1.494474806E-01 -7.300000000E-01 4.533079271E-02 2.492270193E-03 5.284720683E-02
 1.663674999E-01 -7.300000000E-01 4.314171398E-02 2.454647990E-03 6.083223387E-02
 1.832536709E-01 -7.300000000E-01 4.096469609E-02 2.396094559E-03 6.870589587E-02
 2.011991344E-01 -7.300000000E-01 3.849758205E-02 2.357789524E-03 7.590180500E-02
 2.222328802E-01 -7.300000000E-01 3.551314164E-02 2.306342893E-03 8.577369033E-02
 2.937475406E-01 -7.300000000E-01 2.459519494E-02 2.057798273E-03 1.160278807E-01
 2.688186419E-01 -7.300000000E-01 2.850271501E-02 2.155315433E-03 1.072125468E-01
 2.460748082E-01 -7.300000000E-01 3.201155081E-02 2.229117418E-03 9.639056308E-02
 -1.546635822E-01 -7.300000000E-01 5.888007592E-02 3.895832770E-03 -1.140829069E-01
 -1.481545799E-01 -7.300000000E-01 5.947394030E-02 3.857403453E-03 -1.092239965E-01
 -1.610448750E-01 -7.300000000E-01 5.824478261E-02 3.935969823E-03 -1.157996845E-01
 -1.412473268E-01 -7.300000000E-01 6.003727264E-02 3.813820114E-03 -1.027147009E-01
 -1.339211979E-01 -7.300000000E-01 6.051137969E-02 3.767045472E-03 -9.635405734E-02
 -1.267579699E-01 -7.300000000E-01 6.092416271E-02 3.712660893E-03 -9.074620446E-02
 -1.189374213E-01 -7.300000000E-01 6.130572670E-02 3.652764769E-03 -8.761828004E-02
 -1.105035565E-01 -7.300000000E-01 6.158878757E-02 3.569302146E-03 -7.946491035E-02
 -1.669425966E-01 -7.300000000E-01 5.754474975E-02 3.962367259E-03 -1.214070975E-01
 -1.723447766E-01 -7.300000000E-01 5.685348316E-02 4.014523890E-03 -1.267068022E-01
 5.434990911E-01 -7.300000000E-01 -7.360785358E-02 2.463748273E-03 1.865347746E-01
 5.624646239E-01 -7.300000000E-01 -7.307742925E-02 2.410362918E-03 1.921693892E-01
 5.260856054E-01 -7.300000000E-01 -7.399289207E-02 2.485324063E-03 1.849217891E-01
 4.942230011E-01 -7.300000000E-01 -7.468254241E-02 2.550896793E-03 1.784944990E-01
 4.645012031E-01 -7.300000000E-01 -7.514485851E-02 2.591826396E-03 1.716034449E-01
 4.457942162E-01 -7.300000000E-01 -7.540777162E-02 2.637236469E-03 1.659194680E-01
 4.645012031E-01 -7.300000000E-01 -7.514485851E-02 2.591826396E-03 1.716034449E-01
 4.059679752E-01 -7.300000000E-01 -7.574102015E-02 2.701700531E-03 1.596070082E-01
 3.976255762E-01 -7.300000000E-01 -7.579101282E-02 2.714930918E-03 1.576918818E-01
 3.548194346E-01 -7.300000000E-01 -7.583198987E-02 2.749260235E-03 1.487674944E-01
 3.517184466E-01 -7.300000000E-01 -7.582491108E-02 2.751256035E-03 1.483373565E-01
 1.053647053E-01 -7.300000000E-01 -6.866014237E-02 2.906869172E-03 1.252287968E-01
 1.335880111E-01 -7.300000000E-01 -7.029309564E-02 2.895545274E-03 1.272017641E-01
 1.372915280E-01 -7.300000000E-01 -7.048009808E-02 2.894961501E-03 1.270131412E-01
 1.620631630E-01 -7.300000000E-01 -7.168332919E-02 2.869128133E-03 1.256645791E-01
 1.884456033E-01 -7.300000000E-01 -7.275035019E-02 2.864149027E-03 1.258679541E-01
 1.922739192E-01 -7.300000000E-01 -7.289611003E-02 2.860721196E-03 1.262350574E-01
 2.276035068E-01 -7.300000000E-01 -7.401753260E-02 2.866404950E-03 1.292190964E-01
 2.299777278E-01 -7.300000000E-01 -7.408052011E-02 2.862750244E-03 1.294373237E-01
 2.673553969E-01 -7.300000000E-01 -7.493241669E-02 2.812470735E-03 1.351460491E-01
 2.699153275E-01 -7.300000000E-01 -7.497705308E-02 2.806609481E-03 1.356314193E-01
 3.110592596E-01 -7.300000000E-01 -7.555653058E-02 2.762386755E-03 1.412769069E-01
 3.062511261E-01 -7.300000000E-01 -7.550686758E-02 2.764649414E-03 1.403045297E-01
 1 2
 2 3
 3 4
 4 5
 5 6
 6 7
 7 8
 8 9
 9 10
 10 11
 11 12
 12 13
 13 14
 14 15
 15 16
 16 17
 17 18
 18 19
 19 20
 20 21
 21 22
 23 24
 24 25
 25 26
 26 27
 27 28
 28 29
 31 30
 31 32
 32 33
 33 34
 34 35
 35 36
 36 37
 38 40
 40 41
 41 45
 45 47
 47 46
 46 43
 43 52
 52 51
 51 50
 50 48
 42 39
 39 38
 42 44
 44 53
 53 54
 54 49
 49 55
 55 56
 56 57
 61 58
 58 59
 59 60
 62 61
 63 62
 63 64
 64 65
 65 66
 66 67
 67 68
 68 69
 69 70
 70 71
 71 72
 73 75
 75 76
 77 73
 79 78
 78 77
 74 87
 87 89
 89 88
 88 82
 82 81
 81 80
 80 79
 83 74
 84 83
 85 84
 86 85
 94 86
 92 96
 96 97
 97 95
 95 94
 90 93
 93 92
 100 99
 99 98
 98 91
 91 90
 101 100
 102 103
 104 102
 105 104
 107 106
 106 105
 108 107
 110 109
 109 108
 111 110
 113 115
 115 116
 116 117
 117 118
 118 119
 119 120
 120 123
 123 124
 124 125
 125 126
 126 127
 127 128
 128 129
 129 130
 130 131
 122 121
 121 112
 112 114
 114 113
 132 135
 132 133
 133 134
 134 136
 136 137
 137 138
 138 139
 139 140
 140 141
 141 142
 146 145
 145 148
 148 149
 149 150
 150 151
 151 152
 152 153
 153 154
 154 155
 155 156
 156 157
 157 158
 158 159
 159 160
 160 161
 161 162
 162 163
 163 164
 164 165
 165 166
 166 167
 167 168
 168 169
 169 170
 170 173
 173 172
 172 171
 171 143
 143 144
 147 146
 182 176
 176 174
 174 175
 175 177
 177 178
 178 179
 179 180
 180 181
 183 182
 186 184
 184 185
 188 187
 187 186
 191 189
 189 190
 192 191
 192 193
 193 194
 194 205
 205 206
 206 204
 204 203
 203 202
 202 201
 201 200
 200 199
 199 198
 198 197
 197 196
 196 195
