TITLE     = "Surface mesh and solution"
VARIABLES = "x"
"y"
"z"
"cfx"
"Cp"
ZONE T="Slice: Y=-0.001"
STRANDID=0, SOLUTIONTIME=0
Nodes=312, Elements=311, ZONETYPE=FELineSeg
DATAPACKING=POINT
DT=(DOUBLE DOUBLE DOUBLE DOUBLE DOUBLE )
0.0937173660	-0.0009999500	0.0517032370	0.0021683212	-0.1140732000
0.1055287500	-0.0009999500	0.0504272390	0.0023833350	-0.1024218700
0.1207921300	-0.0009999500	0.0487316060	0.0024088656	-0.0901356490
0.1349800400	-0.0009999500	0.0470871440	0.0020791310	-0.0788388250
0.1570064400	-0.0009999500	0.0443780830	0.0019489299	-0.0552004020
0.1610575900	-0.0009999500	0.0438713620	0.0018935210	-0.0516532510
0.1667078100	-0.0009999500	0.0431198890	0.0019194918	-0.0466198920
0.1909139800	-0.0009999500	0.0399315540	0.0017403397	-0.0243516340
0.2272126400	-0.0009999500	0.0347996240	0.0020388026	0.0062253214
0.2297657400	-0.0009999500	0.0344376190	0.0020167535	0.0084772995
0.2325532100	-0.0009999500	0.0340195970	0.0019941541	0.0106525330
0.2813268900	-0.0009999500	0.0265611950	0.0015601383	0.0458180940
0.2882798000	-0.0009999500	0.0254726350	0.0014896527	0.0513433890
0.2978655700	-0.0009999500	0.0239169500	0.0015468029	0.0611560340
0.3216041000	-0.0009999500	0.0200287760	0.0015242924	0.0845995770
0.3436647400	-0.0009999500	0.0163186400	0.0013446535	0.1095077700
0.3542748400	-0.0009999500	0.0144901290	0.0012741443	0.1198328600
0.3959333900	-0.0009999500	0.0071722534	0.0010511168	0.1484023300
0.4047540100	-0.0009999500	0.0055867168	0.0010301880	0.1558357200
0.4394985700	-0.0009999500	-0.0008053171	0.0008710051	0.1820536000
0.4498001300	-0.0009999500	-0.0027162710	0.0008284120	0.1881752900
0.4620953200	-0.0009999500	-0.0050682784	0.0008366634	0.1956065100
0.4959480500	-0.0009999500	-0.0115510410	0.0008029604	0.2195335200
0.5125860600	-0.0009999500	-0.0148297860	0.0008454254	0.2330957400
0.5348815300	-0.0009999500	-0.0192484050	0.0008413155	0.2483695700
0.5503293900	-0.0009999500	-0.0223740940	0.0008200528	0.2606997800
0.5733413700	-0.0009999500	-0.0270776280	0.0006553092	0.2770313600
0.5894164400	-0.0009999500	-0.0304097420	0.0006228052	0.2904968600
0.6064040700	-0.0009999500	-0.0339861400	0.0005870886	0.3044621300
0.6230357900	-0.0009999500	-0.0375153120	0.0005443279	0.3181245900
0.6431393600	-0.0009999500	-0.0418619850	0.0004815904	0.3344344800
0.6543762100	-0.0009999500	-0.0442998000	0.0004288299	0.3449963900
0.6655603100	-0.0009999500	-0.0467747970	0.0004451953	0.3530386400
0.6814265800	-0.0009999500	-0.0502960760	0.0004014020	0.3663298500
0.7032287700	-0.0009999500	-0.0552272050	0.0004635666	0.3845940500
0.7104264500	-0.0009999500	-0.0568615910	0.0004010097	0.3921633400
0.7123166900	-0.0009999500	-0.0572935860	0.0003613211	0.3944204400
0.7282089000	-0.0009999500	-0.0609535910	0.0003124390	0.4157293100
0.7293002000	-0.0009999500	-0.0612053680	0.0002944595	0.4170007100
0.7296214100	-0.0009999500	-0.0612799710	0.0002900404	0.4174277800
0.7410157300	-0.0009999500	-0.0639312270	0.0001421005	0.4382506300
0.7411114000	-0.0009999500	-0.0639536830	0.0001391772	0.4384021200
0.7435336700	-0.0009999500	-0.0645201430	0.0001105991	0.4467642000
0.7435589400	-0.0009999500	-0.0645260810	0.0001102397	0.4468483600
0.7454932900	-0.0009999500	-0.0649791730	0.0000623068	0.4515122500
0.7455065300	-0.0009999500	-0.0649822950	0.0000613026	0.4515273300
0.7466136800	-0.0009999500	-0.0652419110	0.0000082863	0.4570528000
0.7466189300	-0.0009999500	-0.0652431470	0.0000079839	0.4570808700
0.7470294800	-0.0009999500	-0.0653394610	-0.0000049228	0.4609722500
0.7470302000	-0.0009999500	-0.0653396320	-0.0000048115	0.4609687300
0.7471163900	-0.0009999500	-0.0653598530	0.0000521319	0.4635267900
0.7471165100	-0.0009999500	-0.0653598830	0.0000525714	0.4635192200
0.7471361800	-0.0009999500	-0.0653644870	0.0001070572	0.4644136700
0.7471362400	-0.0009999500	-0.0653645020	0.0001092609	0.4644163000
0.7471460100	-0.0009999500	-0.0653668050	0.0001909428	0.4650715000
0.7471459500	-0.0009999500	-0.0653668050	0.0001907101	0.4650701300
0.7471331400	-0.0009999500	-0.0653675350	0.0002172799	0.4655854400
0.7471329600	-0.0009999500	-0.0653675420	0.0002162557	0.4655886900
0.7470600000	-0.0009999500	-0.0653716770	0.0000896655	0.4641834800
0.7470573200	-0.0009999500	-0.0653718260	0.0000917118	0.4641695300
0.7466788300	-0.0009999500	-0.0653932470	0.0000532718	0.4604371500
0.7466668500	-0.0009999500	-0.0653939250	0.0000518045	0.4603205900
0.7459971900	-0.0009999500	-0.0654317590	0.0000438291	0.4552833400
0.7446316500	-0.0009999500	-0.0655087010	0.0001374949	0.4478680800
0.7446085800	-0.0009999500	-0.0655099970	0.0001408370	0.4477271400
0.7414759400	-0.0009999500	-0.0656852200	0.0002792749	0.4383695400
0.7414128800	-0.0009999500	-0.0656887740	0.0002823974	0.4382048000
0.7359389100	-0.0009999500	-0.0659909550	0.0003464796	0.4251835600
0.7358130800	-0.0009999500	-0.0659979130	0.0003495898	0.4249053300
0.7251933200	-0.0009999500	-0.0665696190	0.0004298414	0.4086455700
0.7250049100	-0.0009999500	-0.0665796250	0.0004291905	0.4083672200
0.7136179200	-0.0009999500	-0.0671716110	0.0005334017	0.3912441100
0.7134612200	-0.0009999500	-0.0671795760	0.0005348575	0.3910587100
0.6976556800	-0.0009999500	-0.0679658280	0.0005440904	0.3761772200
0.6975432000	-0.0009999500	-0.0679713120	0.0005447304	0.3760416200
0.6801963400	-0.0009999500	-0.0687875820	0.0005947920	0.3630940300
0.6800269500	-0.0009999500	-0.0687954650	0.0005947215	0.3629599800
0.6689108600	-0.0009999500	-0.0692932980	0.0006148136	0.3494875400
0.6687054600	-0.0009999500	-0.0693023200	0.0006182377	0.3493334400
0.6533337800	-0.0009999500	-0.0699586720	0.0006327736	0.3396184400
0.6532112400	-0.0009999500	-0.0699637530	0.0006299464	0.3395125900
0.6424810900	-0.0009999500	-0.0704001190	0.0006907997	0.3312891100
0.6423363100	-0.0009999500	-0.0704058710	0.0006929319	0.3311984800
0.6230782300	-0.0009999500	-0.0711447520	0.0007908973	0.3196815800
0.6229472200	-0.0009999500	-0.0711496990	0.0007872719	0.3195897300
0.6228789100	-0.0009999500	-0.0711521510	0.0007874385	0.3195476200
0.6032956800	-0.0009999500	-0.0718460600	0.0008232453	0.3071697100
0.6032407900	-0.0009999500	-0.0718479310	0.0008231135	0.3071356100
0.6031503700	-0.0009999500	-0.0718508590	0.0008257750	0.3070962400
0.5865405200	-0.0009999500	-0.0723946910	0.0006510770	0.2984523200
0.5864124900	-0.0009999500	-0.0723986030	0.0006517080	0.2983964700
0.5667973200	-0.0009999500	-0.0729884800	0.0009649444	0.2908383000
0.5667038000	-0.0009999500	-0.0729911630	0.0009649051	0.2907768500
0.5545274600	-0.0009999500	-0.0733290460	0.0006861945	0.2846734200
0.5543798800	-0.0009999500	-0.0733329210	0.0006909924	0.2846007900
0.5379676800	-0.0009999500	-0.0737542360	0.0008079175	0.2768519500
0.5377858300	-0.0009999500	-0.0737586920	0.0008100935	0.2767873100
0.5243192900	-0.0009999500	-0.0740751920	0.0008731645	0.2696523100
0.5241698000	-0.0009999500	-0.0740785970	0.0008689010	0.2695868000
0.5073785800	-0.0009999500	-0.0744365680	0.0008408137	0.2630618200
0.5072310000	-0.0009999500	-0.0744395630	0.0008413646	0.2629957500
0.4927508500	-0.0009999500	-0.0747157190	0.0010076075	0.2571093400
0.4926106600	-0.0009999500	-0.0747182370	0.0010068188	0.2570503400
0.4771457600	-0.0009999500	-0.0749799090	0.0007120581	0.2519961300
0.4769097000	-0.0009999500	-0.0749834330	0.0007156210	0.2519168300
0.4649519000	-0.0009999500	-0.0751621720	0.0006356111	0.2466978900
0.4438594600	-0.0009999500	-0.0754270180	0.0010024279	0.2410781700
0.4436985300	-0.0009999500	-0.0754290220	0.0010031157	0.2410198900
0.4435420300	-0.0009999500	-0.0754307060	0.0010064397	0.2409732200
0.4219319800	-0.0009999500	-0.0756348600	0.0011574453	0.2338065500
0.4217800800	-0.0009999500	-0.0756361710	0.0011541936	0.2337424800
0.4216046300	-0.0009999500	-0.0756374750	0.0011595146	0.2336839600
0.4034484300	-0.0009999500	-0.0757559170	0.0008822090	0.2276139400
0.4032436300	-0.0009999500	-0.0757569750	0.0008829571	0.2275566500
0.3873082700	-0.0009999500	-0.0758205280	0.0012094788	0.2232620100
0.3871124100	-0.0009999500	-0.0758210790	0.0012070511	0.2232283700
0.3763539200	-0.0009999500	-0.0758422610	0.0010403703	0.2204373000
0.3762280000	-0.0009999500	-0.0758423510	0.0010376279	0.2203945500
0.3649644000	-0.0009999500	-0.0758451670	0.0010045872	0.2167867000
0.3647857000	-0.0009999500	-0.0758449290	0.0010082320	0.2167233500
0.3544932900	-0.0009999500	-0.0758296330	0.0009936465	0.2137541200
0.3543226100	-0.0009999500	-0.0758289920	0.0009946316	0.2137281300
0.3394453800	-0.0009999500	-0.0757755120	0.0009884725	0.2099905300
0.3392626000	-0.0009999500	-0.0757744010	0.0009892038	0.2099358600
0.3246850400	-0.0009999500	-0.0756845700	0.0007848565	0.2066440000
0.3144216200	-0.0009999500	-0.0755982100	0.0010454199	0.2043280600
0.3142716600	-0.0009999500	-0.0755969810	0.0010438481	0.2042820800
0.3006383200	-0.0009999500	-0.0754516420	0.0010470474	0.2010132400
0.3004705000	-0.0009999500	-0.0754498840	0.0010403471	0.2009872800
0.3003462300	-0.0009999500	-0.0754482000	0.0010485754	0.2009748500
0.2840486200	-0.0009999500	-0.0752267240	0.0013060907	0.1978400600
0.2839261600	-0.0009999500	-0.0752250250	0.0013011164	0.1978041400
0.2838185700	-0.0009999500	-0.0752232150	0.0013062586	0.1977873400
0.2720975900	-0.0009999500	-0.0750304540	0.0013558323	0.1957646000
0.2719904800	-0.0009999500	-0.0750284870	0.0013553814	0.1957437400
0.2594814900	-0.0009999500	-0.0747907090	0.0011221002	0.1939810100
0.2593503600	-0.0009999500	-0.0747880040	0.0011220059	0.1939576400
0.2496027100	-0.0009999500	-0.0745790000	0.0008748144	0.1925656500
0.2406353500	-0.0009999500	-0.0743678290	0.0010556866	0.1908876200
0.2405040400	-0.0009999500	-0.0743647960	0.0010525848	0.1908612800
0.2312155400	-0.0009999500	-0.0741264820	0.0011627181	0.1890656500
0.2311280700	-0.0009999500	-0.0741242320	0.0011602371	0.1890551600
0.2213892500	-0.0009999500	-0.0738524350	0.0014339781	0.1872185800
0.2213262000	-0.0009999500	-0.0738506170	0.0014330178	0.1872113800
0.2122874700	-0.0009999500	-0.0735777620	0.0012495214	0.1866310200
0.2122565700	-0.0009999500	-0.0735768010	0.0012479214	0.1866278200
0.2121883500	-0.0009999500	-0.0735745500	0.0012551738	0.1866263700
0.1991442600	-0.0009999500	-0.0731446820	0.0012162058	0.1866721500
0.1990506400	-0.0009999500	-0.0731414180	0.0012192863	0.1866601000
0.1876234400	-0.0009999500	-0.0727285150	0.0010884184	0.1864668000
0.1874544600	-0.0009999500	-0.0727221740	0.0010922176	0.1864558300
0.1787477000	-0.0009999500	-0.0723839920	0.0011204586	0.1872218100
0.1785701100	-0.0009999500	-0.0723767280	0.0011196921	0.1872393800
0.1640977400	-0.0009999500	-0.0717679410	0.0013221449	0.1849182400
0.1640092600	-0.0009999500	-0.0717640440	0.0013165272	0.1848979600
0.1552265900	-0.0009999500	-0.0713653490	0.0013385551	0.1837340300
0.1550115200	-0.0009999500	-0.0713551570	0.0013472718	0.1837251300
0.1459371700	-0.0009999500	-0.0709192530	0.0012097479	0.1852756600
0.1455635600	-0.0009999500	-0.0709001270	0.0012231075	0.1852667300
0.1258359000	-0.0009999500	-0.0698641170	0.0011349882	0.1868741800
0.1254861400	-0.0009999500	-0.0698447300	0.0011353191	0.1868868500
0.1138933400	-0.0009999500	-0.0691767710	0.0015926183	0.1863695400
0.1135869100	-0.0009999500	-0.0691584940	0.0015856580	0.1863824900
0.1131054600	-0.0009999500	-0.0691285730	0.0016094818	0.1863836300
0.0947386320	-0.0009999500	-0.0679730920	0.0013903237	0.1881953500
0.0939135180	-0.0009999500	-0.0679171830	0.0014234434	0.1881796000
0.0778208750	-0.0009999500	-0.0667971370	0.0017141293	0.1893507100
0.0772979410	-0.0009999500	-0.0667594520	0.0016732776	0.1895096600
0.0765646470	-0.0009999500	-0.0667031180	0.0016977182	0.1895382900
0.0728324350	-0.0009999500	-0.0664173070	0.0018958147	0.1901014300
0.0631935890	-0.0009999500	-0.0656874330	0.0016480819	0.1925988000
0.0515518560	-0.0009999500	-0.0647326480	0.0022076525	0.1936937100
0.0509251390	-0.0009999500	-0.0646811500	0.0021983494	0.1937802700
0.0460062360	-0.0009999500	-0.0642543810	0.0021430455	0.1947744600
0.0410567370	-0.0009999500	-0.0638271050	0.0019776341	0.1956989900
0.0396014750	-0.0009999500	-0.0636964740	0.0019960923	0.1962683200
0.0372612890	-0.0009999500	-0.0634772780	0.0020836817	0.1971230800
0.0275323390	-0.0009999500	-0.0625797580	0.0021204219	0.2006485200
0.0239214390	-0.0009999500	-0.0622279760	0.0022658391	0.2011544100
0.0057253246	-0.0009999500	-0.0603622120	0.0024793321	0.2057327200
0.0007289429	-0.0009999500	-0.0598382350	0.0024056033	0.2075788200
-0.0000034454	-0.0009999500	-0.0597564130	0.0024070760	0.2078819300
-0.0050448072	-0.0009999500	-0.0591831390	0.0025870535	0.2101911000
-0.0163300480	-0.0009999500	-0.0578833780	0.0023818110	0.2151159300
-0.0261869130	-0.0009999500	-0.0566648060	0.0024551222	0.2194891400
-0.0321691410	-0.0009999500	-0.0559125020	0.0024359249	0.2225658000
-0.0367539230	-0.0009999500	-0.0552959290	0.0024495122	0.2247781000
-0.0450126750	-0.0009999500	-0.0541906580	0.0023847073	0.2287560300
-0.0501333770	-0.0009999500	-0.0534668300	0.0026698514	0.2330451900
-0.0528940150	-0.0009999500	-0.0530752950	0.0025824535	0.2351410500
-0.0610256080	-0.0009999500	-0.0518754010	0.0029999369	0.2381513700
-0.0611174070	-0.0009999500	-0.0518617930	0.0030007860	0.2382303500
-0.0612245020	-0.0009999500	-0.0518453120	0.0030013670	0.2382977300
-0.0709471180	-0.0009999500	-0.0503399220	0.0028311077	0.2452479700
-0.0717708690	-0.0009999500	-0.0502066390	0.0028333322	0.2458003200
-0.0806084350	-0.0009999500	-0.0487640650	0.0024207270	0.2525041700
-0.0832789610	-0.0009999500	-0.0483072400	0.0024347358	0.2548778700
-0.0947142470	-0.0009999500	-0.0463067740	0.0026221741	0.2652661500
-0.0961923750	-0.0009999500	-0.0460408630	0.0026041395	0.2665452100
-0.0995753030	-0.0009999500	-0.0454072430	0.0027016574	0.2700480800
-0.1087537900	-0.0009999500	-0.0436625000	0.0026779746	0.2786515100
-0.1212747300	-0.0009999500	-0.0411094870	0.0028737000	0.2921627800
-0.1228629100	-0.0009999500	-0.0407837370	0.0028217444	0.2941522900
-0.1239885500	-0.0009999500	-0.0405355840	0.0028846307	0.2956477700
-0.1338252300	-0.0009999500	-0.0383667650	0.0027080246	0.3112015100
-0.1384038000	-0.0009999500	-0.0373005640	0.0027578158	0.3173366500
-0.1443524700	-0.0009999500	-0.0358739640	0.0026014767	0.3286608800
-0.1486396000	-0.0009999500	-0.0348213240	0.0023004030	0.3366883100
-0.1544805000	-0.0009999500	-0.0333188510	0.0028144100	0.3473250300
-0.1560074500	-0.0009999500	-0.0329158310	0.0027974915	0.3497354100
-0.1624608800	-0.0009999500	-0.0311712060	0.0020601280	0.3607056400
-0.1707590100	-0.0009999500	-0.0287888830	0.0025698545	0.3810005800
-0.1711504900	-0.0009999500	-0.0286775830	0.0025580805	0.3818756000
-0.1712672000	-0.0009999500	-0.0286428300	0.0025573485	0.3821871000
-0.1723150800	-0.0009999500	-0.0283215900	0.0026251030	0.3858981700
-0.1792939600	-0.0009999500	-0.0261756390	0.0023667639	0.4102231600
-0.1874205900	-0.0009999500	-0.0234535900	0.0025644810	0.4361925400
-0.1901264500	-0.0009999500	-0.0225562100	0.0024223350	0.4443792700
-0.1910081800	-0.0009999500	-0.0222427580	0.0024421076	0.4477371900
-0.1999650600	-0.0009999500	-0.0189185270	0.0023470481	0.4934119300
-0.2000619300	-0.0009999500	-0.0188810600	0.0023437661	0.4939104000
-0.2004273400	-0.0009999500	-0.0187290500	0.0023502629	0.4957793700
-0.2110739800	-0.0009999500	-0.0142759300	0.0017942549	0.5512523100
-0.2128680800	-0.0009999500	-0.0134338380	0.0017304171	0.5644478800
-0.2235219500	-0.0009999500	-0.0080458876	0.0015891775	0.6486002800
-0.2252143300	-0.0009999500	-0.0071416697	0.0014156094	0.6639518700
-0.2277488900	-0.0009999500	-0.0055930531	0.0014169208	0.7018500000
-0.2327895800	-0.0009999500	-0.0022870067	0.0011168499	0.7728743000
-0.2361890200	-0.0009999500	0.0001446344	0.0006717720	0.8307969600
-0.2388341900	-0.0009999500	0.0024529402	0.0005447038	0.8779670600
-0.2408270400	-0.0009999500	0.0041907728	0.0004124496	0.9055588800
-0.2421877800	-0.0009999500	0.0056580412	0.0002784523	0.9299610900
-0.2436321800	-0.0009999500	0.0072304001	0.0001452229	0.9563767900
-0.2446230900	-0.0009999500	0.0085661635	0.0000932895	0.9682349000
-0.2456869900	-0.0009999500	0.0099983662	0.0000131069	0.9812251300
-0.2463101000	-0.0009999500	0.0110120860	-0.0000149048	0.9850351200
-0.2464507400	-0.0009999500	0.0112386550	-0.0000212299	0.9859460600
-0.2465939200	-0.0009999500	0.0115039140	-0.0000251231	0.9836948500
-0.2470843500	-0.0009999500	0.0124151610	-0.0000392504	0.9747114200
-0.2474864300	-0.0009999500	0.0133276890	-0.0000524368	0.9606800100
-0.2480655900	-0.0009999500	0.0146796180	-0.0000640898	0.9362096800
-0.2487630400	-0.0009999500	0.0171215570	-0.0000797145	0.8428098600
-0.2487633700	-0.0009999500	0.0171226730	-0.0000797211	0.8427672400
-0.2487634900	-0.0009999500	0.0171235240	-0.0000797069	0.8427283800
-0.2490664900	-0.0009999500	0.0208801140	0.0000186115	0.6469469100
-0.2490486800	-0.0009999500	0.0217889360	0.0001166881	0.5762063900
-0.2488525100	-0.0009999500	0.0231396430	0.0003178369	0.4560854100
-0.2486435600	-0.0009999500	0.0240773280	0.0004162703	0.3782664200
-0.2479262400	-0.0009999500	0.0263920130	0.0010473577	0.2108069500
-0.2468202000	-0.0009999500	0.0285429620	0.0019146190	0.0765836310
-0.2463766200	-0.0009999500	0.0293869060	0.0022451494	0.0275873580
-0.2463005300	-0.0009999500	0.0295129870	0.0023066289	0.0154486110
-0.2462125100	-0.0009999500	0.0296328760	0.0023851242	0.0058095511
-0.2441237700	-0.0009999500	0.0323398370	0.0040481973	-0.1836092300
-0.2440104600	-0.0009999500	0.0324716160	0.0040690881	-0.1903526300
-0.2439172600	-0.0009999500	0.0325682050	0.0041248300	-0.1969693800
-0.2420896700	-0.0009999500	0.0343899210	0.0045056436	-0.2867271600
-0.2419967100	-0.0009999500	0.0344745780	0.0045027289	-0.2888051000
-0.2417863300	-0.0009999500	0.0346458590	0.0045797531	-0.2930998200
-0.2388411500	-0.0009999500	0.0370243190	0.0044670493	-0.3533633600
-0.2385493200	-0.0009999500	0.0372339340	0.0044873194	-0.3590658600
-0.2376317400	-0.0009999500	0.0378455780	0.0050223114	-0.3735788500
-0.2360454500	-0.0009999500	0.0388997940	0.0048878491	-0.3955595500
-0.2347644000	-0.0009999500	0.0396386160	0.0047816951	-0.4077564200
-0.2331692100	-0.0009999500	0.0405764470	0.0039674096	-0.4159939000
-0.2322090100	-0.0009999500	0.0410799940	0.0035844211	-0.4203074600
-0.2287237000	-0.0009999500	0.0428032760	0.0037719885	-0.4372955600
-0.2280509000	-0.0009999500	0.0431181530	0.0038173300	-0.4390415300
-0.2254251100	-0.0009999500	0.0442340340	0.0044232430	-0.4390944500
-0.2239076500	-0.0009999500	0.0448702690	0.0046798827	-0.4392550900
-0.2217724200	-0.0009999500	0.0456545580	0.0046923453	-0.4401997600
-0.2188371300	-0.0009999500	0.0467460710	0.0045988276	-0.4412166200
-0.2184107500	-0.0009999500	0.0468907730	0.0045149793	-0.4403872800
-0.2173880000	-0.0009999500	0.0472163600	0.0046663134	-0.4394747600
-0.2102406900	-0.0009999500	0.0494107600	0.0042492124	-0.4344165300
-0.2087524500	-0.0009999500	0.0498297140	0.0041371018	-0.4335361400
-0.2022610800	-0.0009999500	0.0514702350	0.0051999444	-0.4243873400
-0.2015493100	-0.0009999500	0.0516456440	0.0052237492	-0.4231429400
-0.2003216000	-0.0009999500	0.0519168080	0.0051898452	-0.4204792100
-0.1957654100	-0.0009999500	0.0529218580	0.0048651996	-0.4131408600
-0.1901423300	-0.0009999500	0.0540037230	0.0039678557	-0.4062235700
-0.1858008100	-0.0009999500	0.0547973030	0.0034365696	-0.4017569700
-0.1727692000	-0.0009999500	0.0568067170	0.0025740753	-0.3839459400
-0.1718236500	-0.0009999500	0.0569367740	0.0026087637	-0.3826822300
-0.1702602200	-0.0009999500	0.0571206100	0.0025754288	-0.3803918100
-0.1605141900	-0.0009999500	0.0582975190	0.0028212345	-0.3660195800
-0.1535088300	-0.0009999500	0.0589948300	0.0024700371	-0.3548025800
-0.1498459300	-0.0009999500	0.0593450440	0.0024667618	-0.3487078200
-0.1471787800	-0.0009999500	0.0595539960	0.0028713707	-0.3451870400
-0.1378383900	-0.0009999500	0.0602777380	0.0035143576	-0.3373227400
-0.1349905900	-0.0009999500	0.0604403090	0.0032973364	-0.3351831400
-0.1212309000	-0.0009999500	0.0612072050	0.0026012454	-0.3180449300
-0.1186779200	-0.0009999500	0.0612983740	0.0024330044	-0.3156968400
-0.1052305700	-0.0009999500	0.0617601720	0.0020533409	-0.3052067200
-0.1000866000	-0.0009999500	0.0618654640	0.0019887162	-0.2968710100
-0.0861066800	-0.0009999500	0.0620158090	0.0031605235	-0.2830562900
-0.0831834820	-0.0009999500	0.0620579980	0.0031568582	-0.2800738500
-0.0806001650	-0.0009999500	0.0620541420	0.0032210952	-0.2773194300
-0.0764993350	-0.0009999500	0.0619959870	0.0032915888	-0.2731836400
-0.0554912720	-0.0009999500	0.0617840220	0.0031739137	-0.2518782000
-0.0425583500	-0.0009999500	0.0614104120	0.0029641219	-0.2396827000
-0.0322441640	-0.0009999500	0.0610806940	0.0027882933	-0.2297315900
-0.0175980610	-0.0009999500	0.0603594260	0.0025055234	-0.2177659100
-0.0040231473	-0.0009999500	0.0597245800	0.0024048353	-0.2048087000
0.0168655050	-0.0009999500	0.0583821160	0.0018616475	-0.1876617800
0.0249135620	-0.0009999500	0.0578438600	0.0018185426	-0.1806502000
0.0299320000	-0.0009999500	0.0574485140	0.0017812506	-0.1757566600
0.0454798940	-0.0009999500	0.0562381600	0.0016943086	-0.1596224500
0.0567329040	-0.0009999500	0.0552415620	0.0019204891	-0.1479999600
0.0709100660	-0.0009999500	0.0539717940	0.0019962573	-0.1352331900
0.0816266760	-0.0009999500	0.0529103730	0.0019964617	-0.1243519200
0.0937173660	-0.0009999500	0.0517032370	0.0021683212	-0.1140732000
1 2 
2 3 
3 4 
4 5 
5 6 
6 7 
7 8 
8 9 
9 10 
10 11 
11 12 
12 13 
13 14 
14 15 
15 16 
16 17 
17 18 
18 19 
19 20 
20 21 
21 22 
22 23 
23 24 
24 25 
25 26 
26 27 
27 28 
28 29 
29 30 
30 31 
31 32 
32 33 
33 34 
34 35 
35 36 
36 37 
37 38 
38 39 
39 40 
40 41 
41 42 
42 43 
43 44 
44 45 
45 46 
46 47 
47 48 
48 49 
49 50 
50 51 
51 52 
52 53 
53 54 
54 55 
55 56 
56 57 
57 58 
58 59 
59 60 
60 61 
61 62 
62 63 
63 64 
64 65 
65 66 
66 67 
67 68 
68 69 
69 70 
70 71 
71 72 
72 73 
73 74 
74 75 
75 76 
76 77 
77 78 
78 79 
79 80 
80 81 
81 82 
82 83 
83 84 
84 85 
85 86 
86 87 
87 88 
88 89 
89 90 
90 91 
91 92 
92 93 
93 94 
94 95 
95 96 
96 97 
97 98 
98 99 
99 100 
100 101 
101 102 
102 103 
103 104 
104 105 
105 106 
106 107 
107 108 
108 109 
109 110 
110 111 
111 112 
112 113 
113 114 
114 115 
115 116 
116 117 
117 118 
118 119 
119 120 
120 121 
121 122 
122 123 
123 124 
124 125 
125 126 
126 127 
127 128 
128 129 
129 130 
130 131 
131 132 
132 133 
133 134 
134 135 
135 136 
136 137 
137 138 
138 139 
139 140 
140 141 
141 142 
142 143 
143 144 
144 145 
145 146 
146 147 
147 148 
148 149 
149 150 
150 151 
151 152 
152 153 
153 154 
154 155 
155 156 
156 157 
157 158 
158 159 
159 160 
160 161 
161 162 
162 163 
163 164 
164 165 
165 166 
166 167 
167 168 
168 169 
169 170 
170 171 
171 172 
172 173 
173 174 
174 175 
175 176 
176 177 
177 178 
178 179 
179 180 
180 181 
181 182 
182 183 
183 184 
184 185 
185 186 
186 187 
187 188 
188 189 
189 190 
190 191 
191 192 
192 193 
193 194 
194 195 
195 196 
196 197 
197 198 
198 199 
199 200 
200 201 
201 202 
202 203 
203 204 
204 205 
205 206 
206 207 
207 208 
208 209 
209 210 
210 211 
211 212 
212 213 
213 214 
214 215 
215 216 
216 217 
217 218 
218 219 
219 220 
220 221 
221 222 
222 223 
223 224 
224 225 
225 226 
226 227 
227 228 
228 229 
229 230 
230 231 
231 232 
232 233 
233 234 
234 235 
235 236 
236 237 
237 238 
238 239 
239 240 
240 241 
241 242 
242 243 
243 244 
244 245 
245 246 
246 247 
247 248 
248 249 
249 250 
250 251 
251 252 
252 253 
253 254 
254 255 
255 256 
256 257 
257 258 
258 259 
259 260 
260 261 
261 262 
262 263 
263 264 
264 265 
265 266 
266 267 
267 268 
268 269 
269 270 
270 271 
271 272 
272 273 
273 274 
274 275 
275 276 
276 277 
277 278 
278 279 
279 280 
280 281 
281 282 
282 283 
283 284 
284 285 
285 286 
286 287 
287 288 
288 289 
289 290 
290 291 
291 292 
292 293 
293 294 
294 295 
295 296 
296 297 
297 298 
298 299 
299 300 
300 301 
301 302 
302 303 
303 304 
304 305 
305 306 
306 307 
307 308 
308 309 
309 310 
310 311 
311 312 
ZONE T="Slice: Y=-0.035"
STRANDID=0, SOLUTIONTIME=0
Nodes=493, Elements=492, ZONETYPE=FELineSeg
DATAPACKING=POINT
DT=(DOUBLE DOUBLE DOUBLE DOUBLE DOUBLE )
0.0905396490	-0.0349999520	0.0520318900	0.0029104636	-0.1234758700
0.1021126100	-0.0349999520	0.0508134850	0.0031257325	-0.1129058500
0.1028018000	-0.0349999520	0.0507413740	0.0031265410	-0.1122094700
0.1039570100	-0.0349999520	0.0506147070	0.0031247247	-0.1112380800
0.1158921800	-0.0349999520	0.0493007530	0.0029395814	-0.1003865700
0.1227561000	-0.0349999520	0.0485128760	0.0028743088	-0.0937947410
0.1277624400	-0.0349999520	0.0479402280	0.0027975091	-0.0889811290
0.1304135500	-0.0349999520	0.0476291440	0.0028121915	-0.0858977880
0.1460277400	-0.0349999520	0.0457469000	0.0028736885	-0.0709924850
0.1492406600	-0.0349999520	0.0453572720	0.0028340018	-0.0679106490
0.1509296400	-0.0349999520	0.0451456720	0.0028259374	-0.0665504260
0.1708264500	-0.0349999520	0.0426105600	0.0026202900	-0.0492382270
0.1717649500	-0.0349999520	0.0424894990	0.0026079182	-0.0484586920
0.1727583600	-0.0349999520	0.0423580740	0.0026172321	-0.0474886630
0.1884865000	-0.0349999520	0.0402614620	0.0025527267	-0.0331186910
0.1888541900	-0.0349999520	0.0402125230	0.0025502702	-0.0327617860
0.1889716400	-0.0349999520	0.0401966050	0.0025498282	-0.0326625630
0.2022241800	-0.0349999520	0.0383699720	0.0023802809	-0.0202461980
0.2191813100	-0.0349999520	0.0359730310	0.0024697852	-0.0060925363
0.2194989300	-0.0349999520	0.0359276980	0.0024695622	-0.0057706954
0.2201569400	-0.0349999520	0.0358316340	0.0024681738	-0.0051534818
0.2335772100	-0.0349999520	0.0338773280	0.0024129371	0.0081631113
0.2481346700	-0.0349999520	0.0316984840	0.0023328555	0.0205622500
0.2531432500	-0.0349999520	0.0309484680	0.0022649883	0.0250310280
0.2553367900	-0.0349999520	0.0306150470	0.0022766850	0.0269096200
0.2643148900	-0.0349999520	0.0292299890	0.0023187944	0.0362785160
0.2735395700	-0.0349999520	0.0278021840	0.0022349395	0.0443591140
0.2907304500	-0.0349999520	0.0250763970	0.0021064297	0.0582432490
0.2940058700	-0.0349999520	0.0245555810	0.0020979791	0.0613944980
0.2974720300	-0.0349999520	0.0239910350	0.0020796416	0.0640786070
0.3158524300	-0.0349999520	0.0209944860	0.0019644724	0.0792547990
0.3306184100	-0.0349999520	0.0185281600	0.0019629882	0.0913856770
0.3358468100	-0.0349999520	0.0176540000	0.0019314003	0.0953796510
0.3387802500	-0.0349999520	0.0171534310	0.0019450470	0.0981954040
0.3535758900	-0.0349999520	0.0146302970	0.0018889475	0.1111787400
0.3684882200	-0.0349999520	0.0120343260	0.0018351770	0.1232455400
0.3757005600	-0.0349999520	0.0107786340	0.0017822794	0.1289214800
0.3818537300	-0.0349999520	0.0096808253	0.0017667188	0.1328372700
0.4015295800	-0.0349999520	0.0061768591	0.0016479296	0.1505297900
0.4080459800	-0.0349999520	0.0049911346	0.0016487704	0.1555077100
0.4293274300	-0.0349999520	0.0011000891	0.0016211324	0.1702943700
0.4356349400	-0.0349999520	-0.0000652007	0.0015944916	0.1755385500
0.4506218100	-0.0349999520	-0.0028742910	0.0015763450	0.1871605800
0.4573617000	-0.0349999520	-0.0041358671	0.0015391943	0.1921140400
0.4649623600	-0.0349999520	-0.0055864118	0.0015532892	0.1977981800
0.4806891700	-0.0349999520	-0.0085869534	0.0014876908	0.2087569700
0.4966168700	-0.0349999520	-0.0116747110	0.0015006314	0.2220929700
0.5046019600	-0.0349999520	-0.0132405510	0.0014841058	0.2277762700
0.5298075700	-0.0349999520	-0.0182286460	0.0014238968	0.2451565600
0.5507326700	-0.0349999520	-0.0224481430	0.0013342561	0.2593042000
0.5693521500	-0.0349999520	-0.0262423570	0.0012186205	0.2732766900
0.5820828100	-0.0349999520	-0.0288872590	0.0011843048	0.2831634000
0.5979453300	-0.0349999520	-0.0321889370	0.0011280669	0.2950304700
0.6058393700	-0.0349999520	-0.0338519140	0.0010878916	0.3012978100
0.6242207900	-0.0349999520	-0.0377608610	0.0009914736	0.3160591400
0.6351134800	-0.0349999520	-0.0401056930	0.0009540274	0.3252682100
0.6466989500	-0.0349999520	-0.0426139460	0.0009637929	0.3350594600
0.6638699200	-0.0349999520	-0.0463923250	0.0008875694	0.3504375200
0.6719477200	-0.0349999520	-0.0481659360	0.0008697873	0.3574053300
0.6734612000	-0.0349999520	-0.0485015660	0.0008587760	0.3585353800
0.6820091600	-0.0349999520	-0.0504123680	0.0007890018	0.3686910600
0.6892585800	-0.0349999520	-0.0520347250	0.0007458389	0.3763071000
0.6916112900	-0.0349999520	-0.0525688340	0.0007303305	0.3791678200
0.7061818200	-0.0349999520	-0.0558685620	0.0006918001	0.3928245300
0.7152782100	-0.0349999520	-0.0579524410	0.0006118505	0.4045648300
0.7214954500	-0.0349999520	-0.0593868310	0.0005094212	0.4118078900
0.7327390900	-0.0349999520	-0.0619980280	0.0003547459	0.4267560800
0.7381916000	-0.0349999520	-0.0632667390	0.0002839521	0.4367204600
0.7415410300	-0.0349999520	-0.0640526560	0.0001816305	0.4420230700
0.7432542400	-0.0349999520	-0.0644532960	0.0001614181	0.4479373100
0.7441393700	-0.0349999520	-0.0646610190	0.0001488361	0.4508831800
0.7452895000	-0.0349999520	-0.0649304170	0.0001203359	0.4536562600
0.7457526300	-0.0349999520	-0.0650396790	0.0000851862	0.4541841400
0.7465145000	-0.0349999520	-0.0652183370	0.0000487029	0.4579865300
0.7466983200	-0.0349999520	-0.0652617290	0.0000381181	0.4589688500
0.7470169100	-0.0349999520	-0.0653364730	0.0000281020	0.4619886900
0.7470424200	-0.0349999520	-0.0653424930	0.0000319977	0.4618652200
0.7471147200	-0.0349999520	-0.0653594580	0.0000797800	0.4640117300
0.7471184700	-0.0349999520	-0.0653603370	0.0000951628	0.4637469100
0.7471361200	-0.0349999520	-0.0653644800	0.0001441417	0.4645510000
0.7471380200	-0.0349999520	-0.0653649200	0.0002212718	0.4646427300
0.7471460100	-0.0349999520	-0.0653668050	0.0002879663	0.4651776900
0.7471445800	-0.0349999520	-0.0653668870	0.0002798224	0.4651302700
0.7471339100	-0.0349999520	-0.0653674900	0.0003019296	0.4655590400
0.7471276500	-0.0349999520	-0.0653678550	0.0002660798	0.4656733000
0.7470731700	-0.0349999520	-0.0653709400	0.0001716188	0.4646247300
0.7469806100	-0.0349999520	-0.0653762370	0.0002432457	0.4641355900
0.7468433400	-0.0349999520	-0.0653840010	0.0002293040	0.4627819100
0.7464244400	-0.0349999520	-0.0654079020	0.0001779456	0.4587020000
0.7462197500	-0.0349999520	-0.0654194650	0.0001755084	0.4571626500
0.7458024600	-0.0349999520	-0.0654429720	0.0002041318	0.4548966300
0.7449958900	-0.0349999520	-0.0654885400	0.0003211097	0.4499639000
0.7432299900	-0.0349999520	-0.0655873120	0.0003991498	0.4446888600
0.7410219300	-0.0349999520	-0.0657118630	0.0005084396	0.4389221100
0.7380934400	-0.0349999520	-0.0658735260	0.0005427225	0.4319559900
0.7336899000	-0.0349999520	-0.0661168770	0.0006515845	0.4222171000
0.7292574600	-0.0349999520	-0.0663554970	0.0006850800	0.4154305800
0.7226614400	-0.0349999520	-0.0667058830	0.0006622968	0.4056875400
0.7156106200	-0.0349999520	-0.0670724440	0.0007268248	0.3950848600
0.7101255100	-0.0349999520	-0.0673514080	0.0007777814	0.3885949600
0.7003528500	-0.0349999520	-0.0678375510	0.0007834902	0.3793936700
0.6964163800	-0.0349999520	-0.0680295900	0.0008058883	0.3746477400
0.6855968200	-0.0349999520	-0.0685387100	0.0008371126	0.3665721100
0.6796681900	-0.0349999520	-0.0688147770	0.0008346446	0.3618800300
0.6720284800	-0.0349999520	-0.0691569150	0.0008484532	0.3526209000
0.6648384900	-0.0349999520	-0.0694726850	0.0009683004	0.3472269500
0.6565170900	-0.0349999520	-0.0698280040	0.0009761694	0.3419677600
0.6522292500	-0.0349999520	-0.0700058710	0.0008772123	0.3382621400
0.6448749900	-0.0349999520	-0.0703049530	0.0009189202	0.3326259000
0.6398063300	-0.0349999520	-0.0705062750	0.0009935519	0.3294531700
0.6278855800	-0.0349999520	-0.0709636430	0.0010541927	0.3223241900
0.6232995400	-0.0349999520	-0.0711366910	0.0009272990	0.3191095900
0.6209085000	-0.0349999520	-0.0712226180	0.0009331279	0.3176351500
0.6043899100	-0.0349999520	-0.0718079360	0.0009633312	0.3071942900
0.6024696200	-0.0349999520	-0.0718731660	0.0009587178	0.3060001700
0.5993046800	-0.0349999520	-0.0719758640	0.0010518772	0.3046231900
0.5871305500	-0.0349999520	-0.0723744560	0.0009238332	0.2982876300
0.5826482800	-0.0349999520	-0.0725113970	0.0009459204	0.2963331900
0.5684934900	-0.0349999520	-0.0729370640	0.0011719593	0.2908790700
0.5652195800	-0.0349999520	-0.0730310160	0.0011705849	0.2887279100
0.5559287700	-0.0349999520	-0.0732888280	0.0009579226	0.2840708800
0.5507624100	-0.0349999520	-0.0734242570	0.0011258579	0.2815281700
0.5410456100	-0.0349999520	-0.0736736950	0.0011950828	0.2769405200
0.5346800700	-0.0349999520	-0.0738295540	0.0012712454	0.2746777800
0.5270767800	-0.0349999520	-0.0740082560	0.0013068557	0.2706493100
0.5218445100	-0.0349999520	-0.0741275620	0.0011576299	0.2683567400
0.5100737200	-0.0349999520	-0.0743784980	0.0011379404	0.2637826800
0.5049089200	-0.0349999520	-0.0744834910	0.0011572232	0.2614692400
0.4947086300	-0.0349999520	-0.0746780260	0.0012743299	0.2573226700
0.4898014700	-0.0349999520	-0.0747661370	0.0012467222	0.2552580200
0.4782125400	-0.0349999520	-0.0749622210	0.0010258377	0.2514705700
0.4699497800	-0.0349999520	-0.0750856550	0.0011505458	0.2486944900
0.4627743400	-0.0349999520	-0.0751929060	0.0011025346	0.2455627900
0.4501175000	-0.0349999520	-0.0753518340	0.0013226487	0.2421906000
0.4444850400	-0.0349999520	-0.0754219590	0.0013467245	0.2401509000
0.4390077900	-0.0349999520	-0.0754808340	0.0014630665	0.2385175100
0.4274552500	-0.0349999520	-0.0755899700	0.0015437929	0.2346862700
0.4221391700	-0.0349999520	-0.0756358360	0.0014299757	0.2324433800
0.4159973600	-0.0349999520	-0.0756816720	0.0016162209	0.2303952100
0.4065122600	-0.0349999520	-0.0757435490	0.0014713516	0.2272241400
0.3993444700	-0.0349999520	-0.0757805560	0.0014975366	0.2252186400
0.3915711000	-0.0349999520	-0.0758115570	0.0016568159	0.2231237000
0.3847155300	-0.0349999520	-0.0758310330	0.0015718397	0.2219461600
0.3785108000	-0.0349999520	-0.0758432450	0.0014757105	0.2203364800
0.3741020600	-0.0349999520	-0.0758463520	0.0013796874	0.2188393000
0.3664265900	-0.0349999520	-0.0758482740	0.0013571722	0.2163807700
0.3601720600	-0.0349999520	-0.0758399890	0.0014847449	0.2141636900
0.3541878200	-0.0349999520	-0.0758310930	0.0014762647	0.2124373200
0.3482144800	-0.0349999520	-0.0758088310	0.0015107451	0.2115274400
0.3401319100	-0.0349999520	-0.0757797730	0.0015073991	0.2094968600
0.3337342700	-0.0349999520	-0.0757410000	0.0015329976	0.2075832000
0.3257790200	-0.0349999520	-0.0756919760	0.0014214814	0.2057867800
0.3201780900	-0.0349999520	-0.0756448510	0.0015636757	0.2045229200
0.3149289200	-0.0349999520	-0.0756016670	0.0015086602	0.2029137800
0.3062580500	-0.0349999520	-0.0755092350	0.0015106949	0.2008347800
0.3003840100	-0.0349999520	-0.0754475150	0.0012761735	0.1999262400
0.2960344300	-0.0349999520	-0.0753887740	0.0015641768	0.1994911300
0.2881552900	-0.0349999520	-0.0752816950	0.0016886735	0.1979756100
0.2838695000	-0.0349999520	-0.0752221640	0.0015145668	0.1967182200
0.2801039200	-0.0349999520	-0.0751589460	0.0016945527	0.1961303500
0.2728127200	-0.0349999520	-0.0750390370	0.0017253906	0.1948721000
0.2690641600	-0.0349999520	-0.0749702530	0.0017096086	0.1941416700
0.2613048300	-0.0349999520	-0.0748227610	0.0015649040	0.1930482500
0.2567149700	-0.0349999520	-0.0747282880	0.0015616009	0.1922304200
0.2505157300	-0.0349999520	-0.0745953620	0.0014043946	0.1913451600
0.2448127700	-0.0349999520	-0.0744610650	0.0015194240	0.1902779800
0.2402169400	-0.0349999520	-0.0743549470	0.0014108536	0.1893567300
0.2334569200	-0.0349999520	-0.0741815050	0.0014910065	0.1880499000
0.2303956300	-0.0349999520	-0.0741026550	0.0014041653	0.1876825500
0.2224949900	-0.0349999520	-0.0738821630	0.0016262385	0.1861926200
0.2202879900	-0.0349999520	-0.0738185350	0.0015926322	0.1859404700
0.2127081500	-0.0349999520	-0.0735897200	0.0014387527	0.1854537900
0.2116263100	-0.0349999520	-0.0735560880	0.0013827492	0.1853420600
0.2092386800	-0.0349999520	-0.0734773870	0.0016365949	0.1852913100
0.2001735000	-0.0349999520	-0.0731786410	0.0016095136	0.1853231200
0.1968963000	-0.0349999520	-0.0730645280	0.0017173354	0.1849011900
0.1901435400	-0.0349999520	-0.0728205220	0.0016400007	0.1847869500
0.1842292100	-0.0349999520	-0.0725985240	0.0017729773	0.1844031800
0.1799344000	-0.0349999520	-0.0724317130	0.0017869080	0.1847810100
0.1737185100	-0.0349999520	-0.0721774400	0.0017600798	0.1853961300
0.1659770900	-0.0349999520	-0.0718517970	0.0018683739	0.1841545400
0.1628797500	-0.0349999520	-0.0717153400	0.0016717412	0.1834447500
0.1566237200	-0.0349999520	-0.0714313460	0.0016874321	0.1826156700
0.1490961900	-0.0349999520	-0.0710747240	0.0019925282	0.1823046100
0.1451411500	-0.0349999520	-0.0708847340	0.0019325886	0.1829804000
0.1329016400	-0.0349999520	-0.0702583120	0.0023702379	0.1826879100
0.1324747800	-0.0349999520	-0.0702363180	0.0023667917	0.1826882800
0.1323964700	-0.0349999520	-0.0702320640	0.0023671697	0.1827025100
0.1207470100	-0.0349999520	-0.0695862470	0.0023573167	0.1831671700
0.1205745800	-0.0349999520	-0.0695763680	0.0023602148	0.1831692900
0.1198837300	-0.0349999520	-0.0695350990	0.0023670216	0.1831345300
0.1102600500	-0.0349999520	-0.0689610470	0.0021484310	0.1835410600
0.1019897300	-0.0349999520	-0.0684470910	0.0025576790	0.1835608300
0.0995745810	-0.0349999520	-0.0682942870	0.0025652998	0.1839877400
0.0983678480	-0.0349999520	-0.0682148930	0.0025606232	0.1840695900
0.0873835910	-0.0349999520	-0.0674733670	0.0026468512	0.1846021900
0.0851065140	-0.0349999520	-0.0673175680	0.0026852655	0.1844838700
0.0834169760	-0.0349999520	-0.0671981350	0.0026711187	0.1845519100
0.0773705990	-0.0349999520	-0.0667578800	0.0026758259	0.1854421800
0.0744643290	-0.0349999520	-0.0665484520	0.0024487877	0.1863255600
0.0689612550	-0.0349999520	-0.0661256610	0.0026322061	0.1865404400
0.0623530040	-0.0349999520	-0.0656167570	0.0025819667	0.1875901100
0.0541511330	-0.0349999520	-0.0649461520	0.0025007648	0.1883536700
0.0508726200	-0.0349999520	-0.0646766870	0.0024720473	0.1890258900
0.0482097490	-0.0349999520	-0.0644463150	0.0024280764	0.1897264300
0.0422138460	-0.0349999520	-0.0639287310	0.0023854042	0.1914590400
0.0393077690	-0.0349999520	-0.0636682140	0.0025173919	0.1919736700
0.0349619760	-0.0349999520	-0.0632744360	0.0026419713	0.1929860900
0.0281303560	-0.0349999520	-0.0626327170	0.0026773651	0.1939264400
0.0260631050	-0.0349999520	-0.0624394570	0.0026715414	0.1943495300
0.0258544270	-0.0349999520	-0.0624196750	0.0026710972	0.1944607900
0.0254999360	-0.0349999520	-0.0623849700	0.0026749264	0.1944260200
0.0206612720	-0.0349999520	-0.0619057980	0.0026975129	0.1956359000
0.0153484930	-0.0349999520	-0.0613806620	0.0027269414	0.1971708100
0.0116905640	-0.0349999520	-0.0609994640	0.0027111412	0.1979302200
0.0049150721	-0.0349999520	-0.0602918490	0.0026838225	0.1997625700
0.0043533002	-0.0349999520	-0.0602308440	0.0026835761	0.1999320400
-0.0017441086	-0.0349999520	-0.0595641550	0.0026481026	0.2027408300
-0.0024068211	-0.0349999520	-0.0594918500	0.0026472292	0.2030914400
-0.0027952117	-0.0349999520	-0.0594484280	0.0026500446	0.2032413900
-0.0094219791	-0.0349999520	-0.0586968880	0.0027099043	0.2058011700
-0.0145705120	-0.0349999520	-0.0580908730	0.0026452415	0.2069452300
-0.0173343220	-0.0349999520	-0.0577651300	0.0026451114	0.2078528000
-0.0197371430	-0.0349999520	-0.0574710000	0.0026399166	0.2083018400
-0.0249315670	-0.0349999520	-0.0568342620	0.0027320363	0.2106803400
-0.0294460280	-0.0349999520	-0.0562603590	0.0025921747	0.2134704100
-0.0341660050	-0.0349999520	-0.0556502120	0.0026092626	0.2161699500
-0.0416431390	-0.0349999520	-0.0546471480	0.0027162688	0.2189051800
-0.0456097570	-0.0349999520	-0.0541077290	0.0027140256	0.2212713200
-0.0522849000	-0.0349999520	-0.0531622470	0.0026396097	0.2253448100
-0.0528241950	-0.0349999520	-0.0530854760	0.0026448503	0.2257617100
-0.0531906820	-0.0349999520	-0.0530312430	0.0026436083	0.2259067000
-0.0597557130	-0.0349999520	-0.0520654690	0.0028400397	0.2297171400
-0.0620533300	-0.0349999520	-0.0517196730	0.0028557582	0.2312730700
-0.0683590620	-0.0349999520	-0.0507461130	0.0026911748	0.2353591900
-0.0693634230	-0.0349999520	-0.0505905670	0.0026562972	0.2359806900
-0.0700096790	-0.0349999520	-0.0504878390	0.0026514241	0.2364006500
-0.0759786370	-0.0349999520	-0.0495289970	0.0025918334	0.2404347800
-0.0769087520	-0.0349999520	-0.0493771060	0.0025908903	0.2410632700
-0.0794941480	-0.0349999520	-0.0489453710	0.0026468681	0.2428074500
-0.0822133120	-0.0349999520	-0.0484931390	0.0028012062	0.2455212500
-0.0854260700	-0.0349999520	-0.0479434510	0.0027798947	0.2475236400
-0.0903478410	-0.0349999520	-0.0470886040	0.0028574671	0.2513735300
-0.0957318620	-0.0349999520	-0.0461224170	0.0028674865	0.2563001500
-0.0974922850	-0.0349999520	-0.0458030850	0.0028408505	0.2583728400
-0.1009732700	-0.0349999520	-0.0451539680	0.0027671713	0.2598108100
-0.1041711200	-0.0349999520	-0.0445497410	0.0027265796	0.2629624900
-0.1088704500	-0.0349999520	-0.0436431360	0.0027090067	0.2671086800
-0.1129636000	-0.0349999520	-0.0428256580	0.0026968853	0.2708618900
-0.1153417500	-0.0349999520	-0.0423497670	0.0026966320	0.2737952800
-0.1157850600	-0.0349999520	-0.0422595550	0.0027051523	0.2742390000
-0.1200629800	-0.0349999520	-0.0413689990	0.0026761093	0.2800013700
-0.1219230600	-0.0349999520	-0.0409825180	0.0026742692	0.2827550800
-0.1226995700	-0.0349999520	-0.0408175960	0.0026752644	0.2838543400
-0.1279269000	-0.0349999520	-0.0396880320	0.0026546833	0.2901714400
-0.1326751600	-0.0349999520	-0.0386278590	0.0027268416	0.2937209000
-0.1331554200	-0.0349999520	-0.0385200200	0.0027286429	0.2942973700
-0.1365108600	-0.0349999520	-0.0377500500	0.0027880559	0.3016768400
-0.1387364100	-0.0349999520	-0.0372257900	0.0027546704	0.3052545500
-0.1415430200	-0.0349999520	-0.0365634930	0.0027482008	0.3098157000
-0.1435774300	-0.0349999520	-0.0360674150	0.0027016462	0.3128710700
-0.1483136600	-0.0349999520	-0.0349028110	0.0027080195	0.3217110000
-0.1498581500	-0.0349999520	-0.0345120620	0.0027133018	0.3243044900
-0.1556517000	-0.0349999520	-0.0330112170	0.0027949010	0.3347624200
-0.1562704400	-0.0349999520	-0.0328513160	0.0028124807	0.3358219900
-0.1564386900	-0.0349999520	-0.0328059530	0.0028075504	0.3363441200
-0.1572122700	-0.0349999520	-0.0325955150	0.0027931505	0.3374290200
-0.1622261900	-0.0349999520	-0.0312356170	0.0027309698	0.3459391300
-0.1628278600	-0.0349999520	-0.0310697520	0.0027330786	0.3472971000
-0.1638592200	-0.0349999520	-0.0307773130	0.0027281377	0.3493999800
-0.1676947800	-0.0349999520	-0.0296898910	0.0027583051	0.3594644100
-0.1704586600	-0.0349999520	-0.0288806200	0.0026854575	0.3660723600
-0.1710753600	-0.0349999520	-0.0287000720	0.0026843766	0.3679879300
-0.1715618800	-0.0349999520	-0.0285534710	0.0026710194	0.3689353500
-0.1769137400	-0.0349999520	-0.0269229800	0.0025908481	0.3821254100
-0.1779305200	-0.0349999520	-0.0266063340	0.0025902955	0.3850297300
-0.1792006600	-0.0349999520	-0.0261972120	0.0026069050	0.3881228900
-0.1829708800	-0.0349999520	-0.0249884300	0.0025564930	0.4022121400
-0.1868713900	-0.0349999520	-0.0236816500	0.0025988392	0.4125660400
-0.1873349000	-0.0349999520	-0.0235261510	0.0025964420	0.4144228100
-0.1876610400	-0.0349999520	-0.0234124980	0.0025983937	0.4152608500
-0.1937433300	-0.0349999520	-0.0212600530	0.0026045070	0.4350311800
-0.1947444800	-0.0349999520	-0.0208968070	0.0025856491	0.4396307200
-0.1972219800	-0.0349999520	-0.0199572480	0.0025655154	0.4488000300
-0.1996488300	-0.0349999520	-0.0190417110	0.0025414685	0.4607420900
-0.2017723600	-0.0349999520	-0.0181982780	0.0024607452	0.4702082900
-0.2040859800	-0.0349999520	-0.0172715670	0.0024005997	0.4828212600
-0.2076011300	-0.0349999520	-0.0157829210	0.0023259259	0.4989672600
-0.2090823500	-0.0349999520	-0.0151591070	0.0023359801	0.5074877700
-0.2106294500	-0.0349999520	-0.0144668250	0.0023488486	0.5167835400
-0.2128231500	-0.0349999520	-0.0134820530	0.0024148583	0.5331859000
-0.2136400000	-0.0349999520	-0.0130972540	0.0024128282	0.5385643800
-0.2164483100	-0.0349999520	-0.0117637820	0.0022742137	0.5580621400
-0.2173560400	-0.0349999520	-0.0113139300	0.0021942340	0.5646801600
-0.2214639200	-0.0349999520	-0.0092123896	0.0020144032	0.5949101400
-0.2215363500	-0.0349999520	-0.0091742566	0.0020139169	0.5955463600
-0.2216984500	-0.0349999520	-0.0090845888	0.0020114812	0.5971240400
-0.2250251800	-0.0349999520	-0.0072504128	0.0020131584	0.6315924500
-0.2276965500	-0.0349999520	-0.0056718574	0.0020019023	0.6598706800
-0.2279896700	-0.0349999520	-0.0054971823	0.0020000731	0.6633237600
-0.2299070200	-0.0349999520	-0.0042783199	0.0019251085	0.6893435700
-0.2309870100	-0.0349999520	-0.0035925324	0.0018845299	0.7043184600
-0.2312138800	-0.0349999520	-0.0034367098	0.0018853550	0.7074217200
-0.2336279200	-0.0349999520	-0.0017760377	0.0018604918	0.7412059900
-0.2345150600	-0.0349999520	-0.0011145360	0.0018494168	0.7560001000
-0.2357479200	-0.0349999520	-0.0001981911	0.0018110128	0.7790063000
-0.2372159800	-0.0349999520	0.0009761053	0.0017075304	0.8069682700
-0.2374340400	-0.0349999520	0.0011479352	0.0016842309	0.8107002400
-0.2376296700	-0.0349999520	0.0013122264	0.0016671669	0.8153159600
-0.2398631100	-0.0349999520	0.0032845407	0.0013826411	0.8571120500
-0.2405804200	-0.0349999520	0.0039517186	0.0013502894	0.8739284300
-0.2422233500	-0.0349999520	0.0056598652	0.0010383559	0.9101409900
-0.2428643700	-0.0349999520	0.0063335137	0.0008775133	0.9234747300
-0.2445783000	-0.0349999520	0.0084724315	0.0005334035	0.9625662600
-0.2449674500	-0.0349999520	0.0089522842	0.0004464617	0.9698793900
-0.2452076200	-0.0349999520	0.0093182856	0.0003850432	0.9747139200
-0.2466414300	-0.0349999520	0.0115781470	0.0001074095	0.9937574300
-0.2469258200	-0.0349999520	0.0121439940	0.0000514492	0.9937433600
-0.2478933600	-0.0349999520	0.0142311370	-0.0000854871	0.9791697300
-0.2480576300	-0.0349999520	0.0146705360	-0.0001169552	0.9726523200
-0.2485350800	-0.0349999520	0.0161692760	-0.0002160949	0.9473631400
-0.2485492100	-0.0349999520	0.0162216160	-0.0002190869	0.9456922400
-0.2488347000	-0.0349999520	0.0174861220	-0.0002598142	0.8989153500
-0.2488427300	-0.0349999520	0.0175409280	-0.0002579262	0.8962929200
-0.2490156400	-0.0349999520	0.0187320730	-0.0001593533	0.8244301100
-0.2490971200	-0.0349999520	0.0203201140	0.0000198174	0.7324336800
-0.2491071100	-0.0349999520	0.0204852580	0.0000392145	0.7211156500
-0.2491019100	-0.0349999520	0.0206238870	0.0000705262	0.7109420900
-0.2490486800	-0.0349999520	0.0217889360	0.0004521902	0.5967924600
-0.2488997100	-0.0349999520	0.0229420680	0.0009546525	0.5026189100
-0.2488830400	-0.0349999520	0.0230648820	0.0010097245	0.4920138700
-0.2488491800	-0.0349999520	0.0232239480	0.0011054607	0.4761661600
-0.2486786100	-0.0349999520	0.0240562110	0.0015208243	0.3974984300
-0.2485301200	-0.0349999520	0.0246249360	0.0017791899	0.3403471100
-0.2484360900	-0.0349999520	0.0249597770	0.0018860562	0.3088519000
-0.2481859600	-0.0349999520	0.0257154220	0.0023447173	0.2376855600
-0.2480844900	-0.0349999520	0.0260028320	0.0025238180	0.2112008500
-0.2478041600	-0.0349999520	0.0267007910	0.0033924223	0.1293330300
-0.2477702100	-0.0349999520	0.0267807170	0.0034320481	0.1210604800
-0.2474526000	-0.0349999520	0.0274714830	0.0036557455	0.0541082990
-0.2474228300	-0.0349999520	0.0275340690	0.0036739679	0.0491533950
-0.2473907300	-0.0349999520	0.0275965710	0.0036978241	0.0418691370
-0.2470848700	-0.0349999520	0.0281898400	0.0037142215	-0.0128878380
-0.2469944800	-0.0349999520	0.0283535890	0.0037340682	-0.0260628460
-0.2468142500	-0.0349999520	0.0286566780	0.0039129069	-0.0522805530
-0.2465075100	-0.0349999520	0.0291856140	0.0041526159	-0.0963545670
-0.2462089800	-0.0349999520	0.0296474810	0.0045179611	-0.1396402900
-0.2460468100	-0.0349999520	0.0298955440	0.0047226940	-0.1603185700
-0.2456547500	-0.0349999520	0.0304534010	0.0050280931	-0.2035867300
-0.2453865700	-0.0349999520	0.0308103900	0.0051445506	-0.2244571600
-0.2450900500	-0.0349999520	0.0311998990	0.0052338277	-0.2458364400
-0.2449328200	-0.0349999520	0.0313927530	0.0053033372	-0.2637291300
-0.2446460600	-0.0349999520	0.0317442940	0.0054046586	-0.2895142700
-0.2442130100	-0.0349999520	0.0322354920	0.0055115770	-0.3212309800
-0.2438108800	-0.0349999520	0.0326887150	0.0056001343	-0.3404135700
-0.2435986800	-0.0349999520	0.0329070990	0.0056810553	-0.3525377800
-0.2430580600	-0.0349999520	0.0334683510	0.0057189871	-0.3794149200
-0.2425866900	-0.0349999520	0.0339234730	0.0056851636	-0.4064164200
-0.2422567900	-0.0349999520	0.0342361180	0.0057911788	-0.4193781900
-0.2418137900	-0.0349999520	0.0346384760	0.0059195501	-0.4271956100
-0.2411463700	-0.0349999520	0.0352198370	0.0056497513	-0.4500795600
-0.2404092400	-0.0349999520	0.0358212480	0.0058667966	-0.4722807400
-0.2401754400	-0.0349999520	0.0360156480	0.0058967250	-0.4778458200
-0.2398633700	-0.0349999520	0.0362550690	0.0060409988	-0.4846955500
-0.2390720000	-0.0349999520	0.0368576420	0.0063981159	-0.4918828900
-0.2384976900	-0.0349999520	0.0372688170	0.0062763226	-0.5066816200
-0.2381433200	-0.0349999520	0.0375220660	0.0062334616	-0.5137084700
-0.2374573200	-0.0349999520	0.0379890280	0.0062891991	-0.5238983000
-0.2371821700	-0.0349999520	0.0381718430	0.0062994489	-0.5264270900
-0.2364075800	-0.0349999520	0.0386732000	0.0062863518	-0.5256902000
-0.2358371200	-0.0349999520	0.0390284170	0.0062546481	-0.5332713700
-0.2353361500	-0.0349999520	0.0393342410	0.0061227506	-0.5399240900
-0.2347938100	-0.0349999520	0.0396550410	0.0060135923	-0.5424531700
-0.2340232400	-0.0349999520	0.0401015470	0.0061778872	-0.5432409600
-0.2332864100	-0.0349999520	0.0405080910	0.0061745850	-0.5454438900
-0.2322128300	-0.0349999520	0.0410912630	0.0061504901	-0.5474782600
-0.2303904100	-0.0349999520	0.0420159440	0.0061726438	-0.5563678700
-0.2302643500	-0.0349999520	0.0420791210	0.0061750330	-0.5557524600
-0.2275206100	-0.0349999520	0.0433543470	0.0061502478	-0.5536806600
-0.2273412800	-0.0349999520	0.0434343030	0.0061342458	-0.5542354000
-0.2262288000	-0.0349999520	0.0439171120	0.0061466201	-0.5458905700
-0.2247961800	-0.0349999520	0.0445135200	0.0061889356	-0.5506683600
-0.2247247500	-0.0349999520	0.0445432440	0.0061772516	-0.5501447900
-0.2246550800	-0.0349999520	0.0445708150	0.0061809829	-0.5500237300
-0.2223189900	-0.0349999520	0.0454882120	0.0062482853	-0.5397549300
-0.2219119400	-0.0349999520	0.0456401180	0.0062893088	-0.5392824400
-0.2197148200	-0.0349999520	0.0464390700	0.0062263421	-0.5349055500
-0.2193515200	-0.0349999520	0.0465685950	0.0061514099	-0.5326162600
-0.2186267100	-0.0349999520	0.0468129520	0.0060542415	-0.5310859100
-0.2168072000	-0.0349999520	0.0474291560	0.0059034918	-0.5155648000
-0.2151425800	-0.0349999520	0.0479598790	0.0057818624	-0.5175452200
-0.2143846900	-0.0349999520	0.0481997100	0.0057741960	-0.5143467800
-0.2136112900	-0.0349999520	0.0484326300	0.0057242873	-0.5129078000
-0.2123986500	-0.0349999520	0.0487994960	0.0055431666	-0.5042050500
-0.2104632600	-0.0349999520	0.0493567060	0.0055471328	-0.5053414100
-0.2102316500	-0.0349999520	0.0494232770	0.0055353812	-0.5046485100
-0.2093311400	-0.0349999520	0.0496661330	0.0055348627	-0.5032901800
-0.2064233300	-0.0349999520	0.0504485630	0.0055372123	-0.4941825600
-0.2052229000	-0.0349999520	0.0507456060	0.0055023614	-0.4914992700
-0.2022753500	-0.0349999520	0.0514744150	0.0053968444	-0.4789305300
-0.2001480500	-0.0349999520	0.0519648080	0.0052896695	-0.4726267800
-0.1983237700	-0.0349999520	0.0523741170	0.0053749959	-0.4690741300
-0.1964953500	-0.0349999520	0.0527661520	0.0054499589	-0.4648413700
-0.1946679500	-0.0349999520	0.0531473610	0.0054857407	-0.4589301300
-0.1925326100	-0.0349999520	0.0535734070	0.0051883974	-0.4564811900
-0.1911520400	-0.0349999520	0.0538391060	0.0051973091	-0.4548795800
-0.1885448800	-0.0349999520	0.0543234050	0.0052429881	-0.4506315300
-0.1863219000	-0.0349999520	0.0547212210	0.0051856543	-0.4454442600
-0.1834142400	-0.0349999520	0.0552117270	0.0051635195	-0.4401423600
-0.1825100900	-0.0349999520	0.0553628580	0.0050872594	-0.4360063100
-0.1820801800	-0.0349999520	0.0554326330	0.0050968466	-0.4357532600
-0.1793050900	-0.0349999520	0.0558691170	0.0050636404	-0.4314604400
-0.1789480100	-0.0349999520	0.0559219270	0.0050805325	-0.4309515100
-0.1758656100	-0.0349999520	0.0563780520	0.0052147836	-0.4242435700
-0.1746082900	-0.0349999520	0.0565560120	0.0052003880	-0.4219877100
-0.1710633800	-0.0349999520	0.0570352450	0.0052935135	-0.4178242400
-0.1701341000	-0.0349999520	0.0571616220	0.0052955094	-0.4160390200
-0.1700491200	-0.0349999520	0.0571728010	0.0052956752	-0.4157461200
-0.1699209100	-0.0349999520	0.0571889130	0.0052941933	-0.4156747200
-0.1655704500	-0.0349999520	0.0577267890	0.0050775146	-0.4045556800
-0.1643170700	-0.0349999520	0.0578757190	0.0050092931	-0.4008829000
-0.1590797800	-0.0349999520	0.0584555420	0.0050688868	-0.3925342000
-0.1590716800	-0.0349999520	0.0584564210	0.0050685870	-0.3925156000
-0.1590538800	-0.0349999520	0.0584581790	0.0050679765	-0.3924976900
-0.1538362400	-0.0349999520	0.0589796040	0.0048395731	-0.3825492000
-0.1505264600	-0.0349999520	0.0592814420	0.0049482384	-0.3790271900
-0.1493688700	-0.0349999520	0.0593870770	0.0049692869	-0.3771571800
-0.1480272000	-0.0349999520	0.0594976100	0.0049891918	-0.3761564200
-0.1448206900	-0.0349999520	0.0597641100	0.0050459507	-0.3707417800
-0.1443614500	-0.0349999520	0.0598011690	0.0050020900	-0.3693271900
-0.1434985100	-0.0349999520	0.0598660330	0.0049627579	-0.3688776200
-0.1401653900	-0.0349999520	0.0601157660	0.0046637578	-0.3621508200
-0.1360439400	-0.0349999520	0.0603964480	0.0044317964	-0.3586464200
-0.1355287100	-0.0349999520	0.0604308620	0.0044151841	-0.3580324900
-0.1298637200	-0.0349999520	0.0607721950	0.0043658957	-0.3524012900
-0.1294830700	-0.0349999520	0.0607941080	0.0043576124	-0.3518019300
-0.1287701600	-0.0349999520	0.0608313790	0.0043978964	-0.3510283800
-0.1221980800	-0.0349999520	0.0611624530	0.0044838067	-0.3413500200
-0.1204474500	-0.0349999520	0.0612392160	0.0044560790	-0.3388399800
-0.1165560200	-0.0349999520	0.0614013450	0.0044070237	-0.3320016900
-0.1093952500	-0.0349999520	0.0616350920	0.0043361000	-0.3252971200
-0.1072987300	-0.0349999520	0.0617063190	0.0043044224	-0.3226399100
-0.1052750700	-0.0349999520	0.0617586040	0.0041471127	-0.3207106600
-0.1025804600	-0.0349999520	0.0618247020	0.0039392586	-0.3170328100
-0.0995094180	-0.0349999520	0.0618852670	0.0039872591	-0.3137137300
-0.0980093260	-0.0349999520	0.0619152300	0.0040388044	-0.3113821400
-0.0975145400	-0.0349999520	0.0619230490	0.0040479435	-0.3111269500
-0.0922517850	-0.0349999520	0.0619903650	0.0040859592	-0.3055560000
-0.0900365410	-0.0349999520	0.0620198440	0.0041110205	-0.3029531200
-0.0892864170	-0.0349999520	0.0620262320	0.0041109434	-0.3021510800
-0.0851706860	-0.0349999520	0.0620532710	0.0041003508	-0.2957731500
-0.0796775220	-0.0349999520	0.0620584900	0.0041000127	-0.2902862700
-0.0777517480	-0.0349999520	0.0620597490	0.0040913887	-0.2876186400
-0.0717517880	-0.0349999520	0.0620276000	0.0039838252	-0.2822861400
-0.0715667380	-0.0349999520	0.0620264370	0.0039800158	-0.2820822000
-0.0661458670	-0.0349999520	0.0619690420	0.0039354224	-0.2758539900
-0.0627138390	-0.0349999520	0.0619145630	0.0039396079	-0.2725090100
-0.0570612070	-0.0349999520	0.0618194340	0.0038896074	-0.2668218000
-0.0538005640	-0.0349999520	0.0617446270	0.0039119655	-0.2633755500
-0.0463550310	-0.0349999520	0.0615558590	0.0039180149	-0.2559121300
-0.0445808770	-0.0349999520	0.0615060370	0.0039152068	-0.2535710000
-0.0370640570	-0.0349999520	0.0612606630	0.0038665116	-0.2462462600
-0.0368841890	-0.0349999520	0.0612547620	0.0038644855	-0.2460396000
-0.0368347760	-0.0349999520	0.0612529810	0.0038650435	-0.2459840600
-0.0326454270	-0.0349999520	0.0610946600	0.0037568239	-0.2410520800
-0.0301743600	-0.0349999520	0.0610013050	0.0036907791	-0.2380933800
-0.0297085420	-0.0349999520	0.0609813180	0.0036906116	-0.2377652800
-0.0219803420	-0.0349999520	0.0606499910	0.0036683976	-0.2314883800
-0.0195786750	-0.0349999520	0.0605359190	0.0036720037	-0.2296679200
-0.0158991530	-0.0349999520	0.0603608410	0.0035843135	-0.2255252000
-0.0060095750	-0.0349999520	0.0598386600	0.0037074316	-0.2168155800
-0.0053246194	-0.0349999520	0.0598025320	0.0037056492	-0.2160919000
-0.0052353754	-0.0349999520	0.0597975330	0.0037051537	-0.2160149400
-0.0048498507	-0.0349999520	0.0597748830	0.0037072786	-0.2156441500
0.0046137143	-0.0349999520	0.0592159110	0.0035732688	-0.2055593400
0.0078301542	-0.0349999520	0.0590134410	0.0034984709	-0.2025765800
0.0129545180	-0.0349999520	0.0586792830	0.0034712506	-0.1971642700
0.0151195810	-0.0349999520	0.0585351620	0.0034074426	-0.1951189600
0.0252635740	-0.0349999520	0.0578178130	0.0034818110	-0.1872036600
0.0263092030	-0.0349999520	0.0577436690	0.0034913701	-0.1861534300
0.0274696130	-0.0349999520	0.0576556060	0.0034922811	-0.1848535100
0.0382109400	-0.0349999520	0.0568297320	0.0033077279	-0.1728041600
0.0464070250	-0.0349999520	0.0561569000	0.0032217500	-0.1660040200
0.0493090260	-0.0349999520	0.0559156160	0.0031931117	-0.1631199400
0.0535068920	-0.0349999520	0.0555467270	0.0032311159	-0.1590960900
0.0599928870	-0.0349999520	0.0549798380	0.0032556395	-0.1520483900
0.0611868580	-0.0349999520	0.0548729520	0.0032581143	-0.1509285000
0.0621933900	-0.0349999520	0.0547791200	0.0032407904	-0.1500341300
0.0720066650	-0.0349999520	0.0538684170	0.0030446379	-0.1403894000
0.0731398910	-0.0349999520	0.0537581180	0.0030361235	-0.1394806700
0.0805802350	-0.0349999520	0.0530360190	0.0029368308	-0.1321965300
0.0860553910	-0.0349999520	0.0524864010	0.0029026537	-0.1280058500
0.0905396490	-0.0349999520	0.0520318900	0.0029104636	-0.1234758700
1 2 
2 3 
3 4 
4 5 
5 6 
6 7 
7 8 
8 9 
9 10 
10 11 
11 12 
12 13 
13 14 
14 15 
15 16 
16 17 
17 18 
18 19 
19 20 
20 21 
21 22 
22 23 
23 24 
24 25 
25 26 
26 27 
27 28 
28 29 
29 30 
30 31 
31 32 
32 33 
33 34 
34 35 
35 36 
36 37 
37 38 
38 39 
39 40 
40 41 
41 42 
42 43 
43 44 
44 45 
45 46 
46 47 
47 48 
48 49 
49 50 
50 51 
51 52 
52 53 
53 54 
54 55 
55 56 
56 57 
57 58 
58 59 
59 60 
60 61 
61 62 
62 63 
63 64 
64 65 
65 66 
66 67 
67 68 
68 69 
69 70 
70 71 
71 72 
72 73 
73 74 
74 75 
75 76 
76 77 
77 78 
78 79 
79 80 
80 81 
81 82 
82 83 
83 84 
84 85 
85 86 
86 87 
87 88 
88 89 
89 90 
90 91 
91 92 
92 93 
93 94 
94 95 
95 96 
96 97 
97 98 
98 99 
99 100 
100 101 
101 102 
102 103 
103 104 
104 105 
105 106 
106 107 
107 108 
108 109 
109 110 
110 111 
111 112 
112 113 
113 114 
114 115 
115 116 
116 117 
117 118 
118 119 
119 120 
120 121 
121 122 
122 123 
123 124 
124 125 
125 126 
126 127 
127 128 
128 129 
129 130 
130 131 
131 132 
132 133 
133 134 
134 135 
135 136 
136 137 
137 138 
138 139 
139 140 
140 141 
141 142 
142 143 
143 144 
144 145 
145 146 
146 147 
147 148 
148 149 
149 150 
150 151 
151 152 
152 153 
153 154 
154 155 
155 156 
156 157 
157 158 
158 159 
159 160 
160 161 
161 162 
162 163 
163 164 
164 165 
165 166 
166 167 
167 168 
168 169 
169 170 
170 171 
171 172 
172 173 
173 174 
174 175 
175 176 
176 177 
177 178 
178 179 
179 180 
180 181 
181 182 
182 183 
183 184 
184 185 
185 186 
186 187 
187 188 
188 189 
189 190 
190 191 
191 192 
192 193 
193 194 
194 195 
195 196 
196 197 
197 198 
198 199 
199 200 
200 201 
201 202 
202 203 
203 204 
204 205 
205 206 
206 207 
207 208 
208 209 
209 210 
210 211 
211 212 
212 213 
213 214 
214 215 
215 216 
216 217 
217 218 
218 219 
219 220 
220 221 
221 222 
222 223 
223 224 
224 225 
225 226 
226 227 
227 228 
228 229 
229 230 
230 231 
231 232 
232 233 
233 234 
234 235 
235 236 
236 237 
237 238 
238 239 
239 240 
240 241 
241 242 
242 243 
243 244 
244 245 
245 246 
246 247 
247 248 
248 249 
249 250 
250 251 
251 252 
252 253 
253 254 
254 255 
255 256 
256 257 
257 258 
258 259 
259 260 
260 261 
261 262 
262 263 
263 264 
264 265 
265 266 
266 267 
267 268 
268 269 
269 270 
270 271 
271 272 
272 273 
273 274 
274 275 
275 276 
276 277 
277 278 
278 279 
279 280 
280 281 
281 282 
282 283 
283 284 
284 285 
285 286 
286 287 
287 288 
288 289 
289 290 
290 291 
291 292 
292 293 
293 294 
294 295 
295 296 
296 297 
297 298 
298 299 
299 300 
300 301 
301 302 
302 303 
303 304 
304 305 
305 306 
306 307 
307 308 
308 309 
309 310 
310 311 
311 312 
312 313 
313 314 
314 315 
315 316 
316 317 
317 318 
318 319 
319 320 
320 321 
321 322 
322 323 
323 324 
324 325 
325 326 
326 327 
327 328 
328 329 
329 330 
330 331 
331 332 
332 333 
333 334 
334 335 
335 336 
336 337 
337 338 
338 339 
339 340 
340 341 
341 342 
342 343 
343 344 
344 345 
345 346 
346 347 
347 348 
348 349 
349 350 
350 351 
351 352 
352 353 
353 354 
354 355 
355 356 
356 357 
357 358 
358 359 
359 360 
360 361 
361 362 
362 363 
363 364 
364 365 
365 366 
366 367 
367 368 
368 369 
369 370 
370 371 
371 372 
372 373 
373 374 
374 375 
375 376 
376 377 
377 378 
378 379 
379 380 
380 381 
381 382 
382 383 
383 384 
384 385 
385 386 
386 387 
387 388 
388 389 
389 390 
390 391 
391 392 
392 393 
393 394 
394 395 
395 396 
396 397 
397 398 
398 399 
399 400 
400 401 
401 402 
402 403 
403 404 
404 405 
405 406 
406 407 
407 408 
408 409 
409 410 
410 411 
411 412 
412 413 
413 414 
414 415 
415 416 
416 417 
417 418 
418 419 
419 420 
420 421 
421 422 
422 423 
423 424 
424 425 
425 426 
426 427 
427 428 
428 429 
429 430 
430 431 
431 432 
432 433 
433 434 
434 435 
435 436 
436 437 
437 438 
438 439 
439 440 
440 441 
441 442 
442 443 
443 444 
444 445 
445 446 
446 447 
447 448 
448 449 
449 450 
450 451 
451 452 
452 453 
453 454 
454 455 
455 456 
456 457 
457 458 
458 459 
459 460 
460 461 
461 462 
462 463 
463 464 
464 465 
465 466 
466 467 
467 468 
468 469 
469 470 
470 471 
471 472 
472 473 
473 474 
474 475 
475 476 
476 477 
477 478 
478 479 
479 480 
480 481 
481 482 
482 483 
483 484 
484 485 
485 486 
486 487 
487 488 
488 489 
489 490 
490 491 
491 492 
492 493 
ZONE T="Slice: Y=-0.73"
STRANDID=0, SOLUTIONTIME=0
Nodes=445, Elements=444, ZONETYPE=FELineSeg
DATAPACKING=POINT
DT=(DOUBLE DOUBLE DOUBLE DOUBLE DOUBLE )
0.0970343570	-0.7299999600	0.0513556080	0.0027798821	0.0215710940
0.1026765800	-0.7299999600	0.0507433150	0.0027844004	0.0255620140
0.1107232600	-0.7299999600	0.0498758370	0.0026403224	0.0293529570
0.1258744700	-0.7299999600	0.0481596550	0.0025673357	0.0382152460
0.1261745400	-0.7299999600	0.0481255090	0.0025620002	0.0383644770
0.1262755400	-0.7299999600	0.0481135470	0.0025618452	0.0384617780
0.1367835700	-0.7299999600	0.0468740500	0.0024119341	0.0429687980
0.1461888700	-0.7299999600	0.0457273130	0.0024228712	0.0492804270
0.1502901900	-0.7299999600	0.0452271770	0.0024152803	0.0510979970
0.1652327300	-0.7299999600	0.0433274510	0.0024329056	0.0586350750
0.1690595300	-0.7299999600	0.0428418520	0.0024724432	0.0601619070
0.1732790800	-0.7299999600	0.0422888470	0.0024771038	0.0626599190
0.1799251300	-0.7299999600	0.0414113810	0.0024374152	0.0658755600
0.1912561200	-0.7299999600	0.0398843180	0.0023467593	0.0719261540
0.1961393400	-0.7299999600	0.0392113780	0.0023601294	0.0740485410
0.2144240900	-0.7299999600	0.0366540330	0.0022253119	0.0825103820
0.2157762100	-0.7299999600	0.0364604180	0.0022100054	0.0833304450
0.2312945900	-0.7299999600	0.0342134570	0.0020958413	0.0893158090
0.2322951900	-0.7299999600	0.0340650530	0.0021010644	0.0898423120
0.2493235800	-0.7299999600	0.0315275010	0.0021412814	0.0963470640
0.2600912500	-0.7299999600	0.0298805550	0.0021359046	0.1021015700
0.2749075600	-0.7299999600	0.0275863560	0.0020545718	0.1076325800
0.2812435900	-0.7299999600	0.0265870110	0.0020237183	0.1100334600
0.2966268400	-0.7299999600	0.0241333000	0.0019574476	0.1165265500
0.2985720000	-0.7299999600	0.0238163400	0.0019424604	0.1172181700
0.3181977600	-0.7299999600	0.0206065830	0.0018735619	0.1228211900
0.3258158600	-0.7299999600	0.0193294790	0.0018865776	0.1261973400
0.3386669800	-0.7299999600	0.0171763230	0.0019010958	0.1311129200
0.3446598100	-0.7299999600	0.0161525230	0.0018820088	0.1323977600
0.3619011000	-0.7299999600	0.0131897390	0.0018538613	0.1372818100
0.3736445000	-0.7299999600	0.0111357120	0.0017956613	0.1404582900
0.3827148100	-0.7299999600	0.0095385453	0.0017790543	0.1429807100
0.4007104600	-0.7299999600	0.0063212626	0.0017832183	0.1471808600
0.4051646300	-0.7299999600	0.0055202167	0.0017743085	0.1477977000
0.4242408000	-0.7299999600	0.0020349990	0.0018263934	0.1488998800
0.4311498100	-0.7299999600	0.0007659169	0.0018033131	0.1511164800
0.4497212500	-0.7299999600	-0.0026977041	0.0017361322	0.1517867600
0.4517802900	-0.7299999600	-0.0030833574	0.0017306187	0.1517037600
0.4592991500	-0.7299999600	-0.0045108991	0.0017523950	0.1520932600
0.4726094600	-0.7299999600	-0.0070360024	0.0017806782	0.1518360200
0.4781235500	-0.7299999600	-0.0080987029	0.0018007114	0.1506650700
0.4944009200	-0.7299999600	-0.0112406920	0.0018774132	0.1487982100
0.5105267200	-0.7299999600	-0.0144029080	0.0020216257	0.1447782400
0.5153224500	-0.7299999600	-0.0153444330	0.0020322302	0.1438948700
0.5183567400	-0.7299999600	-0.0159501920	0.0020490160	0.1433572600
0.5352734300	-0.7299999600	-0.0193304050	0.0021373548	0.1309119300
0.5439553300	-0.7299999600	-0.0210651290	0.0021610275	0.1255874500
0.5497048500	-0.7299999600	-0.0222388040	0.0021821505	0.1205514200
0.5699323400	-0.7299999600	-0.0263619760	0.0022455248	0.1079449000
0.5874198100	-0.7299999600	-0.0299888630	0.0024636561	0.0977691860
0.5965478400	-0.7299999600	-0.0318959060	0.0025737239	0.0897415130
0.6136767900	-0.7299999600	-0.0355092850	0.0027547127	0.0678696330
0.6313009300	-0.7299999600	-0.0392906330	0.0027734045	0.0453915670
0.6389228100	-0.7299999600	-0.0409243590	0.0028171819	0.0363497660
0.6589086700	-0.7299999600	-0.0452940580	0.0029250220	0.0073607881
0.6633859300	-0.7299999600	-0.0462712090	0.0029325323	0.0039035094
0.6685730200	-0.7299999600	-0.0474202890	0.0029804292	-0.0016828805
0.6875997800	-0.7299999600	-0.0516634510	0.0031054259	-0.0106225610
0.6927719100	-0.7299999600	-0.0528263410	0.0031191877	-0.0116167080
0.7040932200	-0.7299999600	-0.0553973760	0.0029950188	-0.0056618149
0.7082483200	-0.7299999600	-0.0563402100	0.0029374335	-0.0011554741
0.7093616700	-0.7299999600	-0.0565941150	0.0029340724	0.0014498264
0.7270344500	-0.7299999600	-0.0606653990	0.0021653735	0.0599449390
0.7298588200	-0.7299999600	-0.0613193100	0.0020348924	0.0667889490
0.7331556100	-0.7299999600	-0.0620893950	0.0018829783	0.0909751130
0.7400907300	-0.7299999600	-0.0637078960	0.0015246017	0.1621575800
0.7426560500	-0.7299999600	-0.0643102820	0.0012087946	0.1869832600
0.7446598400	-0.7299999600	-0.0647810700	0.0009406640	0.2221846400
0.7451834100	-0.7299999600	-0.0649043990	0.0007405826	0.2299298600
0.7463991600	-0.7299999600	-0.0651907550	0.0004024364	0.2428384900
0.7466228000	-0.7299999600	-0.0652434680	0.0002193206	0.2464233500
0.7468558000	-0.7299999600	-0.0652983860	0.0003191122	0.2604299200
0.7469968200	-0.7299999600	-0.0653316300	0.0003787280	0.2545821400
0.7470364000	-0.7299999600	-0.0653409590	0.0003303159	0.2527585900
0.7471017200	-0.7299999600	-0.0653563590	0.0005732397	0.2387890200
0.7471206800	-0.7299999600	-0.0653608370	0.0012173568	0.2488391100
0.7471460100	-0.7299999600	-0.0653668050	0.0021111143	0.2665045900
0.7470718000	-0.7299999600	-0.0653710440	0.0022828415	0.2942582700
0.7470576200	-0.7299999600	-0.0653718490	0.0023198465	0.3003988600
0.7470560700	-0.7299999600	-0.0653719380	0.0023109810	0.3005852100
0.7470551700	-0.7299999600	-0.0653719900	0.0023126897	0.3006753600
0.7470471300	-0.7299999600	-0.0653724520	0.0022942265	0.3006419800
0.7467648400	-0.7299999600	-0.0653885600	0.0018979257	0.2872451200
0.7459225700	-0.7299999600	-0.0654365420	0.0016541545	0.2942242900
0.7456841500	-0.7299999600	-0.0654501240	0.0015542278	0.3004219200
0.7420457000	-0.7299999600	-0.0656548220	0.0015714749	0.2975619700
0.7389931700	-0.7299999600	-0.0658265280	0.0016920426	0.2927478000
0.7373079700	-0.7299999600	-0.0659186770	0.0017007506	0.2913442900
0.7221798900	-0.7299999600	-0.0667363330	0.0018365934	0.2794637100
0.7187174000	-0.7299999600	-0.0669156310	0.0018631874	0.2759517700
0.7039442700	-0.7299999600	-0.0676678870	0.0018646989	0.2608708700
0.6933646800	-0.7299999600	-0.0681798460	0.0019123310	0.2558758300
0.6863597600	-0.7299999600	-0.0685110240	0.0019467497	0.2494580100
0.6715360300	-0.7299999600	-0.0691851970	0.0019951384	0.2380016400
0.6586478900	-0.7299999600	-0.0697361080	0.0020928393	0.2322695400
0.6499456800	-0.7299999600	-0.0701030120	0.0021465614	0.2255937300
0.6338936700	-0.7299999600	-0.0707376750	0.0020873439	0.2236886800
0.6322805900	-0.7299999600	-0.0708004010	0.0021066698	0.2220625700
0.6251338100	-0.7299999600	-0.0710614100	0.0021299154	0.2207571400
0.6129757200	-0.7299999600	-0.0715077890	0.0021895736	0.2118303200
0.6057578300	-0.7299999600	-0.0717538300	0.0022119056	0.2124046400
0.5931206900	-0.7299999600	-0.0721789370	0.0022328392	0.2052012700
0.5817883600	-0.7299999600	-0.0725308060	0.0022445651	0.2017548400
0.5721539300	-0.7299999600	-0.0728243220	0.0022567183	0.1982566000
0.5594570000	-0.7299999600	-0.0731816890	0.0022940882	0.1949391200
0.5498907600	-0.7299999600	-0.0734433830	0.0023225599	0.1939817200
0.5336718600	-0.7299999600	-0.0738449770	0.0022978737	0.1919925700
0.5299488300	-0.7299999600	-0.0739378560	0.0023020847	0.1904001100
0.5271792400	-0.7299999600	-0.0739994270	0.0023183389	0.1899128100
0.5068555500	-0.7299999600	-0.0744406360	0.0024499129	0.1832760600
0.5017971400	-0.7299999600	-0.0745394230	0.0024415458	0.1811661700
0.4804722400	-0.7299999600	-0.0749189030	0.0023910097	0.1773377200
0.4779469400	-0.7299999600	-0.0749650600	0.0023802008	0.1764845300
0.4761223500	-0.7299999600	-0.0749942210	0.0023804660	0.1762128200
0.4543918400	-0.7299999600	-0.0753046500	0.0023760968	0.1719378200
0.4501498000	-0.7299999600	-0.0753578470	0.0023671250	0.1717103300
0.4363077300	-0.7299999600	-0.0755114410	0.0023628534	0.1674012200
0.4248449800	-0.7299999600	-0.0756175970	0.0023339170	0.1653875400
0.4112523500	-0.7299999600	-0.0757183730	0.0024009544	0.1628321700
0.4024485600	-0.7299999600	-0.0757690670	0.0024827661	0.1612525300
0.3911455900	-0.7299999600	-0.0758193660	0.0026224208	0.1573064600
0.3737790300	-0.7299999600	-0.0758465750	0.0025844709	0.1558392300
0.3693073700	-0.7299999600	-0.0758533550	0.0025572127	0.1552915900
0.3676709200	-0.7299999600	-0.0758538250	0.0025591524	0.1546487500
0.3652267500	-0.7299999600	-0.0758484900	0.0025823994	0.1540610200
0.3477975400	-0.7299999600	-0.0758140240	0.0026478153	0.1475354900
0.3330683400	-0.7299999600	-0.0757403000	0.0026739702	0.1465430700
0.3320691300	-0.7299999600	-0.0757346230	0.0026713624	0.1463466000
0.3299711600	-0.7299999600	-0.0757170620	0.0026691736	0.1459891600
0.3123235100	-0.7299999600	-0.0755736380	0.0025968630	0.1421998600
0.3013964300	-0.7299999600	-0.0754446240	0.0025779584	0.1413726500
0.2900956300	-0.7299999600	-0.0753059610	0.0025441214	0.1402741700
0.2839052400	-0.7299999600	-0.0752074420	0.0025320953	0.1395895300
0.2742165600	-0.7299999600	-0.0750568060	0.0025089474	0.1373585500
0.2660432800	-0.7299999600	-0.0749034140	0.0025651594	0.1376279400
0.2588624400	-0.7299999600	-0.0747671500	0.0026354049	0.1363973200
0.2508307400	-0.7299999600	-0.0745927690	0.0026836497	0.1356116200
0.2475622400	-0.7299999600	-0.0745219140	0.0027131194	0.1344347600
0.2467564200	-0.7299999600	-0.0745023190	0.0027138165	0.1344535900
0.2374185800	-0.7299999600	-0.0742694290	0.0026702546	0.1334262600
0.2305214100	-0.7299999600	-0.0740984310	0.0026327616	0.1323943900
0.2285629100	-0.7299999600	-0.0740436240	0.0026439826	0.1323043900
0.2135264000	-0.7299999600	-0.0736098210	0.0026501940	0.1307095900
0.2031614800	-0.7299999600	-0.0732771830	0.0025505800	0.1309251600
0.2028489300	-0.7299999600	-0.0732670650	0.0025492387	0.1308437400
0.2020418600	-0.7299999600	-0.0732388570	0.0025627858	0.1308261500
0.1908059000	-0.7299999600	-0.0728456900	0.0027402895	0.1290691900
0.1827638300	-0.7299999600	-0.0725398140	0.0027885128	0.1291419700
0.1799693600	-0.7299999600	-0.0724339860	0.0028037744	0.1286950400
0.1791618200	-0.7299999600	-0.0724017840	0.0028087993	0.1287308900
0.1746057600	-0.7299999600	-0.0722114970	0.0028182017	0.1283096800
0.1655219500	-0.7299999600	-0.0718349740	0.0028587832	0.1266091000
0.1610716100	-0.7299999600	-0.0716322210	0.0028450014	0.1266069100
0.1475588500	-0.7299999600	-0.0710074010	0.0028618276	0.1261540500
0.1412301400	-0.7299999600	-0.0706834420	0.0028269055	0.1260638700
0.1309367300	-0.7299999600	-0.0701531620	0.0027999110	0.1245224100
0.1208336900	-0.7299999600	-0.0695863440	0.0027649990	0.1252632600
0.1141684300	-0.7299999600	-0.0692000610	0.0027612939	0.1260619800
0.1078106500	-0.7299999600	-0.0688143600	0.0028256449	0.1255616800
0.1011510600	-0.7299999600	-0.0683946460	0.0028823897	0.1256523100
0.0984784510	-0.7299999600	-0.0682223510	0.0028707829	0.1256677200
0.0895823460	-0.7299999600	-0.0676233620	0.0028622059	0.1258901400
0.0869865720	-0.7299999600	-0.0674492420	0.0028528032	0.1257760100
0.0865657480	-0.7299999600	-0.0674197750	0.0028537507	0.1258360600
0.0763339100	-0.7299999600	-0.0666861680	0.0028685680	0.1268299500
0.0726321040	-0.7299999600	-0.0664091860	0.0028497920	0.1270823800
0.0651359930	-0.7299999600	-0.0658350440	0.0028002512	0.1279934800
0.0626766980	-0.7299999600	-0.0656426770	0.0027779566	0.1279949500
0.0608227890	-0.7299999600	-0.0654916910	0.0027891911	0.1280870900
0.0538955290	-0.7299999600	-0.0649298950	0.0028646790	0.1271162300
0.0437815560	-0.7299999600	-0.0640654710	0.0027944835	0.1291972400
0.0432608650	-0.7299999600	-0.0640210140	0.0027911747	0.1292448500
0.0430307310	-0.7299999600	-0.0640005390	0.0027967698	0.1293083900
0.0351423140	-0.7299999600	-0.0632917730	0.0028972686	0.1295324600
0.0268592110	-0.7299999600	-0.0625151170	0.0028714110	0.1315081300
0.0262251310	-0.7299999600	-0.0624552440	0.0028735555	0.1315439000
0.0256641620	-0.7299999600	-0.0623996260	0.0028790787	0.1317232700
0.0153566200	-0.7299999600	-0.0613816460	0.0030219058	0.1322287500
0.0092996629	-0.7299999600	-0.0607539530	0.0029690363	0.1346371000
0.0062089539	-0.7299999600	-0.0604278070	0.0029683872	0.1349415500
-0.0092456983	-0.7299999600	-0.0587134700	0.0030223627	0.1356284200
-0.0111912190	-0.7299999600	-0.0584912970	0.0030139468	0.1358300900
-0.0125953870	-0.7299999600	-0.0583223100	0.0030116787	0.1363521100
-0.0207304580	-0.7299999600	-0.0573526430	0.0029733142	0.1382719900
-0.0292306450	-0.7299999600	-0.0562886970	0.0029474786	0.1412736000
-0.0304535890	-0.7299999600	-0.0561343950	0.0029508637	0.1415420200
-0.0322766420	-0.7299999600	-0.0558897070	0.0029428217	0.1420618100
-0.0435806030	-0.7299999600	-0.0543847940	0.0029333736	0.1445323700
-0.0474008470	-0.7299999600	-0.0538554340	0.0029580769	0.1453032600
-0.0526524670	-0.7299999600	-0.0530968380	0.0030148682	0.1470569700
-0.0568418950	-0.7299999600	-0.0524985190	0.0030822112	0.1478946100
-0.0603427030	-0.7299999600	-0.0519747440	0.0031003226	0.1499861500
-0.0681619420	-0.7299999600	-0.0507772160	0.0030753276	0.1530267900
-0.0755232720	-0.7299999600	-0.0496008810	0.0030355001	0.1561397000
-0.0766817850	-0.7299999600	-0.0494146530	0.0030308057	0.1567045500
-0.0770517220	-0.7299999600	-0.0493528660	0.0030272097	0.1568119100
-0.0868567900	-0.7299999600	-0.0476999580	0.0030478514	0.1605676900
-0.0876344440	-0.7299999600	-0.0475645180	0.0030535137	0.1609230500
-0.0936766860	-0.7299999600	-0.0464966150	0.0030452386	0.1646712000
-0.0963249060	-0.7299999600	-0.0460123530	0.0030454193	0.1659299600
-0.1013255500	-0.7299999600	-0.0450905190	0.0029696126	0.1682601900
-0.1048384900	-0.7299999600	-0.0444190350	0.0029995741	0.1707768600
-0.1086982300	-0.7299999600	-0.0436772260	0.0030744390	0.1729342600
-0.1152662000	-0.7299999600	-0.0423641760	0.0029490430	0.1766781500
-0.1157074700	-0.7299999600	-0.0422757750	0.0029409442	0.1769111800
-0.1227190000	-0.7299999600	-0.0408132000	0.0029835186	0.1844589100
-0.1230772100	-0.7299999600	-0.0407381130	0.0029826303	0.1847498400
-0.1234676200	-0.7299999600	-0.0406530090	0.0029890800	0.1852099000
-0.1319163600	-0.7299999600	-0.0388001690	0.0030246568	0.1899830000
-0.1329898500	-0.7299999600	-0.0385559950	0.0030297082	0.1908784700
-0.1370479300	-0.7299999600	-0.0376251190	0.0031442930	0.1949240600
-0.1416317200	-0.7299999600	-0.0365385970	0.0030121715	0.1983208700
-0.1425309200	-0.7299999600	-0.0363259650	0.0030054699	0.1992042800
-0.1489618700	-0.7299999600	-0.0347392410	0.0030206341	0.2065872000
-0.1492381400	-0.7299999600	-0.0346708220	0.0030196354	0.2067767200
-0.1494626300	-0.7299999600	-0.0346130360	0.0030187177	0.2070611700
-0.1554936500	-0.7299999600	-0.0330559500	0.0030726935	0.2139105600
-0.1578229800	-0.7299999600	-0.0324335840	0.0031020624	0.2168083000
-0.1623430700	-0.7299999600	-0.0312019470	0.0030864965	0.2220378500
-0.1657529600	-0.7299999600	-0.0302400510	0.0030578684	0.2267613400
-0.1695846300	-0.7299999600	-0.0291384890	0.0029648654	0.2318999000
-0.1743660100	-0.7299999600	-0.0276942270	0.0031299528	0.2417749000
-0.1759563500	-0.7299999600	-0.0272190180	0.0031530828	0.2450752600
-0.1765958700	-0.7299999600	-0.0270240250	0.0031602771	0.2461965800
-0.1785983700	-0.7299999600	-0.0263915290	0.0031326811	0.2504030500
-0.1808682700	-0.7299999600	-0.0256713090	0.0031206117	0.2540786300
-0.1829004600	-0.7299999600	-0.0250046700	0.0030245187	0.2597468500
-0.1847583400	-0.7299999600	-0.0243966650	0.0029746187	0.2640635100
-0.1854071600	-0.7299999600	-0.0241752320	0.0029850959	0.2656986700
-0.1892996300	-0.7299999600	-0.0228472820	0.0030322605	0.2730791300
-0.1923907700	-0.7299999600	-0.0217490900	0.0029727541	0.2832505700
-0.1931171100	-0.7299999600	-0.0214913640	0.0030019592	0.2852018500
-0.1940927500	-0.7299999600	-0.0211318450	0.0029896475	0.2872081100
-0.1979820700	-0.7299999600	-0.0196779020	0.0029943240	0.2958433300
-0.1998304900	-0.7299999600	-0.0189715290	0.0030454030	0.3001663400
-0.2013822800	-0.7299999600	-0.0183563530	0.0029913744	0.3060564700
-0.2026698700	-0.7299999600	-0.0178469890	0.0030182073	0.3104300500
-0.2052715600	-0.7299999600	-0.0167769940	0.0028503747	0.3235950500
-0.2059698600	-0.7299999600	-0.0164912850	0.0028457317	0.3262172000
-0.2066549100	-0.7299999600	-0.0161974020	0.0028352177	0.3300401900
-0.2100028500	-0.7299999600	-0.0147544850	0.0027522887	0.3402052500
-0.2119303900	-0.7299999600	-0.0138862850	0.0027329896	0.3506985900
-0.2126029400	-0.7299999600	-0.0135832380	0.0027748970	0.3542144000
-0.2129724200	-0.7299999600	-0.0134115450	0.0027463095	0.3548790500
-0.2138159700	-0.7299999600	-0.0130122850	0.0027630247	0.3617216100
-0.2158650200	-0.7299999600	-0.0120473870	0.0027823480	0.3739560200
-0.2187787100	-0.7299999600	-0.0105983320	0.0026980550	0.3940904100
-0.2192472100	-0.7299999600	-0.0103676600	0.0027009860	0.3976152500
-0.2197542300	-0.7299999600	-0.0101038150	0.0027078002	0.4012250000
-0.2225763400	-0.7299999600	-0.0086135892	0.0027357238	0.4196671500
-0.2240728900	-0.7299999600	-0.0077842991	0.0026922570	0.4374398600
-0.2258401200	-0.7299999600	-0.0067712604	0.0026164984	0.4539799400
-0.2275848700	-0.7299999600	-0.0057436922	0.0024762470	0.4734645500
-0.2290361800	-0.7299999600	-0.0048336373	0.0024033180	0.4871623200
-0.2304450000	-0.7299999600	-0.0039479798	0.0023639223	0.4980797200
-0.2312025300	-0.7299999600	-0.0034420912	0.0023898394	0.5092264400
-0.2326101200	-0.7299999600	-0.0024927931	0.0023781714	0.5240126300
-0.2337001300	-0.7299999600	-0.0017037513	0.0024229054	0.5554833400
-0.2349925800	-0.7299999600	-0.0007746812	0.0023713140	0.5784220100
-0.2358762000	-0.7299999600	-0.0000858317	0.0023397039	0.5971833500
-0.2370726300	-0.7299999600	0.0008512146	0.0022657956	0.6108406200
-0.2380528900	-0.7299999600	0.0016825653	0.0021882949	0.6325567400
-0.2391197100	-0.7299999600	0.0025943748	0.0021591674	0.6560460300
-0.2397907500	-0.7299999600	0.0032122561	0.0021222495	0.6739657500
-0.2406258400	-0.7299999600	0.0039944514	0.0020039142	0.6948291100
-0.2418953300	-0.7299999600	0.0052935858	0.0016786251	0.7380380600
-0.2423608600	-0.7299999600	0.0057747266	0.0015613417	0.7504769000
-0.2426793300	-0.7299999600	0.0061405255	0.0014685795	0.7627128400
-0.2442794600	-0.7299999600	0.0080416249	0.0010986251	0.8214348000
-0.2444949300	-0.7299999600	0.0083155883	0.0010521833	0.8301214000
-0.2449142300	-0.7299999600	0.0089406502	0.0009671109	0.8460304100
-0.2463841900	-0.7299999600	0.0111238700	0.0006639488	0.8943721100
-0.2471357900	-0.7299999600	0.0125998010	0.0004140123	0.9288393900
-0.2477848400	-0.7299999600	0.0139953350	0.0002448616	0.9491079400
-0.2483757100	-0.7299999600	0.0156334100	0.0001125950	0.9567753700
-0.2488700900	-0.7299999600	0.0177901870	0.0000035846	0.9629536900
-0.2489178500	-0.7299999600	0.0179812240	-0.0000073619	0.9617993200
-0.2489224800	-0.7299999600	0.0180075080	-0.0000083402	0.9610565300
-0.2491001900	-0.7299999600	0.0200020880	0.0000337482	0.9061651200
-0.2491022600	-0.7299999600	0.0200353940	0.0000370502	0.9045873300
-0.2490914900	-0.7299999600	0.0203808640	0.0000976257	0.8882130400
-0.2490486800	-0.7299999600	0.0217889360	0.0003321761	0.8079035300
-0.2488847700	-0.7299999600	0.0229757970	0.0005518270	0.7638663100
-0.2488374600	-0.7299999600	0.0233186000	0.0006182169	0.7467810500
-0.2488198600	-0.7299999600	0.0233974550	0.0006597509	0.7381036300
-0.2484674600	-0.7299999600	0.0248558260	0.0011761468	0.6567014500
-0.2484579400	-0.7299999600	0.0248882770	0.0011879133	0.6555138200
-0.2480821200	-0.7299999600	0.0260082130	0.0020148709	0.5484077300
-0.2480444900	-0.7299999600	0.0261055270	0.0020649649	0.5402364700
-0.2478027500	-0.7299999600	0.0266603230	0.0023039961	0.4994818600
-0.2474785900	-0.7299999600	0.0274173690	0.0024742085	0.4485103200
-0.2473003600	-0.7299999600	0.0277658160	0.0026769846	0.4228589500
-0.2468031900	-0.7299999600	0.0286894050	0.0030337658	0.3553795500
-0.2463913600	-0.7299999600	0.0293676800	0.0035607523	0.3132841900
-0.2462506000	-0.7299999600	0.0295879620	0.0035975382	0.2980795200
-0.2455985400	-0.7299999600	0.0305302090	0.0038656527	0.2211308600
-0.2455356700	-0.7299999600	0.0306169020	0.0038956835	0.2182595600
-0.2454125100	-0.7299999600	0.0307732580	0.0039312122	0.2071634200
-0.2449150500	-0.7299999600	0.0314166690	0.0042412808	0.1934659200
-0.2444925600	-0.7299999600	0.0319246610	0.0042322557	0.1581978100
-0.2444431500	-0.7299999600	0.0319821650	0.0042566785	0.1562717900
-0.2440230100	-0.7299999600	0.0324577950	0.0043999127	0.1188861800
-0.2439469100	-0.7299999600	0.0325387160	0.0043875154	0.1159882100
-0.2433518500	-0.7299999600	0.0331714000	0.0042929202	0.0930825170
-0.2422724800	-0.7299999600	0.0342182520	0.0045011279	0.0097951265
-0.2421800300	-0.7299999600	0.0343083660	0.0045157827	0.0054877391
-0.2421360000	-0.7299999600	0.0343482270	0.0045261665	0.0031373003
-0.2418153300	-0.7299999600	0.0346287900	0.0045721044	-0.0141916650
-0.2408609100	-0.7299999600	0.0354599320	0.0048455955	-0.0252082070
-0.2396862400	-0.7299999600	0.0363899920	0.0052797422	-0.0821924430
-0.2395058000	-0.7299999600	0.0365336540	0.0053590307	-0.0854051560
-0.2394916900	-0.7299999600	0.0365446550	0.0053607269	-0.0856811180
-0.2394601700	-0.7299999600	0.0365677180	0.0053614602	-0.0869410930
-0.2383863600	-0.7299999600	0.0373517830	0.0056299076	-0.0725408420
-0.2372096300	-0.7299999600	0.0381543640	0.0053764474	-0.1322279900
-0.2371847600	-0.7299999600	0.0381714590	0.0053786454	-0.1322176900
-0.2371639200	-0.7299999600	0.0381850300	0.0053727827	-0.1329930300
-0.2355198400	-0.7299999600	0.0392224420	0.0052298703	-0.1328685400
-0.2352443300	-0.7299999600	0.0393888090	0.0052574142	-0.1367420100
-0.2337007500	-0.7299999600	0.0402793740	0.0051075048	-0.1561747800
-0.2334958000	-0.7299999600	0.0403980460	0.0050607389	-0.1557204300
-0.2333013300	-0.7299999600	0.0405031890	0.0050949119	-0.1570282400
-0.2321700200	-0.7299999600	0.0411140470	0.0050993894	-0.1506442700
-0.2312417500	-0.7299999600	0.0415874310	0.0051599405	-0.1579731300
-0.2307834200	-0.7299999600	0.0418223140	0.0050435101	-0.1573462500
-0.2300313900	-0.7299999600	0.0421882570	0.0052093153	-0.1695321100
-0.2292838700	-0.7299999600	0.0425493080	0.0052335120	-0.1735933400
-0.2291422900	-0.7299999600	0.0426154920	0.0052262236	-0.1726246900
-0.2278287400	-0.7299999600	0.0432182250	0.0049692882	-0.1802900300
-0.2275103500	-0.7299999600	0.0433581250	0.0050008968	-0.1910292800
-0.2263543600	-0.7299999600	0.0438632110	0.0048475870	-0.1924670500
-0.2242373700	-0.7299999600	0.0447386060	0.0055390722	-0.2007643900
-0.2240537100	-0.7299999600	0.0448134430	0.0055615734	-0.2003120500
-0.2225117500	-0.7299999600	0.0454126930	0.0056554745	-0.2027018800
-0.2222529100	-0.7299999600	0.0455133510	0.0056599612	-0.2022414200
-0.2222388500	-0.7299999600	0.0455185920	0.0056579439	-0.2023912400
-0.2204537700	-0.7299999600	0.0461773570	0.0056300142	-0.1839828900
-0.2187434000	-0.7299999600	0.0467756610	0.0053563715	-0.1968444600
-0.2182415100	-0.7299999600	0.0469510110	0.0051511148	-0.1928301800
-0.2175797500	-0.7299999600	0.0471706090	0.0052449066	-0.1941605200
-0.2159187900	-0.7299999600	0.0477156080	0.0052723114	-0.1849881400
-0.2145685300	-0.7299999600	0.0481425370	0.0053068526	-0.1882055100
-0.2131559300	-0.7299999600	0.0485719180	0.0052377725	-0.2205743900
-0.2126131400	-0.7299999600	0.0487361180	0.0051355848	-0.2231318100
-0.2114328100	-0.7299999600	0.0490755920	0.0053558625	-0.2151496600
-0.2099829800	-0.7299999600	0.0494928620	0.0055117252	-0.1826655900
-0.2095814500	-0.7299999600	0.0496028440	0.0054831465	-0.1846096200
-0.2069552800	-0.7299999600	0.0503096430	0.0051881667	-0.1743942400
-0.2062563900	-0.7299999600	0.0504910350	0.0050813017	-0.1778560700
-0.2032211700	-0.7299999600	0.0512459500	0.0048343200	-0.1859909600
-0.2028382000	-0.7299999600	0.0513405240	0.0048344526	-0.1839172200
-0.2027533200	-0.7299999600	0.0513609350	0.0048383058	-0.1838820400
-0.2021771400	-0.7299999600	0.0514937830	0.0048628548	-0.1831104800
-0.1988736700	-0.7299999600	0.0522541780	0.0048871834	-0.1643120300
-0.1969197400	-0.7299999600	0.0526739210	0.0047719202	-0.1683904800
-0.1959289500	-0.7299999600	0.0528878350	0.0047390561	-0.1714054200
-0.1937743100	-0.7299999600	0.0533245090	0.0047568162	-0.1866210700
-0.1928561000	-0.7299999600	0.0535111610	0.0046643148	-0.1804792100
-0.1926384900	-0.7299999600	0.0535534770	0.0046499269	-0.1813497700
-0.1921661600	-0.7299999600	0.0536420120	0.0046198067	-0.1809956300
-0.1884297100	-0.7299999600	0.0543473660	0.0045963058	-0.1594411100
-0.1878395400	-0.7299999600	0.0544518270	0.0045922219	-0.1586588200
-0.1842446800	-0.7299999600	0.0550769120	0.0045155827	-0.1557126500
-0.1837267100	-0.7299999600	0.0551619680	0.0045274586	-0.1585059500
-0.1802983000	-0.7299999600	0.0557153110	0.0047468358	-0.1624070100
-0.1763433800	-0.7299999600	0.0563040080	0.0048713675	-0.1676364100
-0.1753867400	-0.7299999600	0.0564478080	0.0049046914	-0.1622985000
-0.1749885400	-0.7299999600	0.0565037800	0.0048963611	-0.1638082100
-0.1708645400	-0.7299999600	0.0570660760	0.0049223683	-0.1531138900
-0.1705420900	-0.7299999600	0.0571087040	0.0049438993	-0.1514928600
-0.1672461300	-0.7299999600	0.0575238390	0.0048521938	-0.1595033300
-0.1667111500	-0.7299999600	0.0575913600	0.0048330523	-0.1593113200
-0.1662679000	-0.7299999600	0.0576426130	0.0048322465	-0.1590490900
-0.1613260800	-0.7299999600	0.0582135250	0.0047672041	-0.1331930800
-0.1602707100	-0.7299999600	0.0583266470	0.0047405123	-0.1374728100
-0.1554226100	-0.7299999600	0.0588263720	0.0043883265	-0.1360659700
-0.1547548900	-0.7299999600	0.0588921160	0.0043857045	-0.1356170000
-0.1520347300	-0.7299999600	0.0591415910	0.0044451125	-0.1414201600
-0.1496389700	-0.7299999600	0.0593634510	0.0044722046	-0.1340618000
-0.1482736900	-0.7299999600	0.0594789530	0.0043719424	-0.1379516900
-0.1449317500	-0.7299999600	0.0597560440	0.0043715617	-0.1133135300
-0.1427112400	-0.7299999600	0.0599247220	0.0044470204	-0.1186523500
-0.1407940400	-0.7299999600	0.0600698660	0.0043688669	-0.1204268800
-0.1396828900	-0.7299999600	0.0601478820	0.0043446713	-0.1197823800
-0.1365621700	-0.7299999600	0.0603560990	0.0042508429	-0.1123810000
-0.1341489400	-0.7299999600	0.0605186340	0.0041527306	-0.1036747800
-0.1320625500	-0.7299999600	0.0606421380	0.0042103738	-0.1060362800
-0.1296239500	-0.7299999600	0.0607862730	0.0042112871	-0.1082951300
-0.1271633400	-0.7299999600	0.0609132090	0.0042751655	-0.1121981200
-0.1238237500	-0.7299999600	0.0610868560	0.0042346676	-0.1132335600
-0.1216410000	-0.7299999600	0.0611866680	0.0041942458	-0.1104527200
-0.1175739000	-0.7299999600	0.0613555910	0.0043481129	-0.1058654100
-0.1159177000	-0.7299999600	0.0614258310	0.0043533115	-0.0999274630
-0.1153415900	-0.7299999600	0.0614462090	0.0043331328	-0.1016496700
-0.1081333300	-0.7299999600	0.0616823470	0.0040836235	-0.0950364250
-0.1073281800	-0.7299999600	0.0617062520	0.0040672478	-0.0921094570
-0.1034460700	-0.7299999600	0.0618038850	0.0039496620	-0.0899940430
-0.1029418800	-0.7299999600	0.0618166400	0.0039259527	-0.0893361640
-0.1026918000	-0.7299999600	0.0618217620	0.0039297669	-0.0893913580
-0.0985796300	-0.7299999600	0.0619051610	0.0038915285	-0.0859275680
-0.0962554440	-0.7299999600	0.0619422050	0.0038702222	-0.0889783200
-0.0904916380	-0.7299999600	0.0620134960	0.0037324929	-0.0807831140
-0.0891297390	-0.7299999600	0.0620283040	0.0036939679	-0.0764624550
-0.0826397990	-0.7299999600	0.0620608930	0.0037164604	-0.0836103860
-0.0824158270	-0.7299999600	0.0620617230	0.0037151030	-0.0840148480
-0.0819443910	-0.7299999600	0.0620607700	0.0037228238	-0.0835782660
-0.0761872750	-0.7299999600	0.0620541870	0.0038425853	-0.0710318680
-0.0706297380	-0.7299999600	0.0620159360	0.0038010406	-0.0718386020
-0.0691244300	-0.7299999600	0.0620040410	0.0037651336	-0.0721032840
-0.0657422020	-0.7299999600	0.0619596910	0.0037716230	-0.0701504570
-0.0619982970	-0.7299999600	0.0619093850	0.0036863798	-0.0674364340
-0.0591047220	-0.7299999600	0.0618555170	0.0037029852	-0.0666602180
-0.0563084070	-0.7299999600	0.0618039740	0.0036696667	-0.0618718420
-0.0494171380	-0.7299999600	0.0616403260	0.0035040730	-0.0632069190
-0.0488087980	-0.7299999600	0.0616256300	0.0034919383	-0.0636334120
-0.0477898680	-0.7299999600	0.0615959730	0.0035140287	-0.0624442550
-0.0376181680	-0.7299999600	0.0612786750	0.0036149149	-0.0485354920
-0.0342779570	-0.7299999600	0.0611565520	0.0035814536	-0.0467974920
-0.0294835460	-0.7299999600	0.0609733980	0.0034100423	-0.0452312380
-0.0239542930	-0.7299999600	0.0607317760	0.0034660725	-0.0453991590
-0.0206901860	-0.7299999600	0.0605904870	0.0034309807	-0.0454136060
-0.0195582160	-0.7299999600	0.0605360230	0.0034150020	-0.0429562030
-0.0138267500	-0.7299999600	0.0602468960	0.0033996565	-0.0406107160
-0.0089980941	-0.7299999600	0.0600043310	0.0033121615	-0.0369450000
-0.0058328980	-0.7299999600	0.0598253200	0.0032891238	-0.0348929870
0.0002135135	-0.7299999600	0.0594831110	0.0031605763	-0.0314829950
0.0034711317	-0.7299999600	0.0592820940	0.0031793083	-0.0268005820
0.0109908820	-0.7299999600	0.0588094520	0.0031694149	-0.0223760050
0.0150215530	-0.7299999600	0.0585402590	0.0031877056	-0.0189576690
0.0191550270	-0.7299999600	0.0582563090	0.0031461055	-0.0169898640
0.0246016940	-0.7299999600	0.0578685630	0.0030738836	-0.0169675610
0.0250991750	-0.7299999600	0.0578323230	0.0030650630	-0.0169665790
0.0262759640	-0.7299999600	0.0577432440	0.0030750522	-0.0164937900
0.0337133410	-0.7299999600	0.0571829490	0.0030697327	-0.0134515940
0.0352086420	-0.7299999600	0.0570666830	0.0030537266	-0.0123479270
0.0458504220	-0.7299999600	0.0562056680	0.0029487845	-0.0058098068
0.0477182530	-0.7299999600	0.0560501260	0.0029553923	-0.0036313299
0.0524283950	-0.7299999600	0.0556358100	0.0029170991	-0.0035985184
0.0633024200	-0.7299999600	0.0546806830	0.0028491162	0.0030401223
0.0700156910	-0.7299999600	0.0540494060	0.0028401368	0.0060501746
0.0751983820	-0.7299999600	0.0535622200	0.0028024974	0.0076972400
0.0818366560	-0.7299999600	0.0529066320	0.0028792506	0.0122205660
0.0864432980	-0.7299999600	0.0524500910	0.0028931011	0.0170707110
0.0953410710	-0.7299999600	0.0515315610	0.0027914037	0.0210886210
0.0970343570	-0.7299999600	0.0513556080	0.0027798821	0.0215710940
1 2 
2 3 
3 4 
4 5 
5 6 
6 7 
7 8 
8 9 
9 10 
10 11 
11 12 
12 13 
13 14 
14 15 
15 16 
16 17 
17 18 
18 19 
19 20 
20 21 
21 22 
22 23 
23 24 
24 25 
25 26 
26 27 
27 28 
28 29 
29 30 
30 31 
31 32 
32 33 
33 34 
34 35 
35 36 
36 37 
37 38 
38 39 
39 40 
40 41 
41 42 
42 43 
43 44 
44 45 
45 46 
46 47 
47 48 
48 49 
49 50 
50 51 
51 52 
52 53 
53 54 
54 55 
55 56 
56 57 
57 58 
58 59 
59 60 
60 61 
61 62 
62 63 
63 64 
64 65 
65 66 
66 67 
67 68 
68 69 
69 70 
70 71 
71 72 
72 73 
73 74 
74 75 
75 76 
76 77 
77 78 
78 79 
79 80 
80 81 
81 82 
82 83 
83 84 
84 85 
85 86 
86 87 
87 88 
88 89 
89 90 
90 91 
91 92 
92 93 
93 94 
94 95 
95 96 
96 97 
97 98 
98 99 
99 100 
100 101 
101 102 
102 103 
103 104 
104 105 
105 106 
106 107 
107 108 
108 109 
109 110 
110 111 
111 112 
112 113 
113 114 
114 115 
115 116 
116 117 
117 118 
118 119 
119 120 
120 121 
121 122 
122 123 
123 124 
124 125 
125 126 
126 127 
127 128 
128 129 
129 130 
130 131 
131 132 
132 133 
133 134 
134 135 
135 136 
136 137 
137 138 
138 139 
139 140 
140 141 
141 142 
142 143 
143 144 
144 145 
145 146 
146 147 
147 148 
148 149 
149 150 
150 151 
151 152 
152 153 
153 154 
154 155 
155 156 
156 157 
157 158 
158 159 
159 160 
160 161 
161 162 
162 163 
163 164 
164 165 
165 166 
166 167 
167 168 
168 169 
169 170 
170 171 
171 172 
172 173 
173 174 
174 175 
175 176 
176 177 
177 178 
178 179 
179 180 
180 181 
181 182 
182 183 
183 184 
184 185 
185 186 
186 187 
187 188 
188 189 
189 190 
190 191 
191 192 
192 193 
193 194 
194 195 
195 196 
196 197 
197 198 
198 199 
199 200 
200 201 
201 202 
202 203 
203 204 
204 205 
205 206 
206 207 
207 208 
208 209 
209 210 
210 211 
211 212 
212 213 
213 214 
214 215 
215 216 
216 217 
217 218 
218 219 
219 220 
220 221 
221 222 
222 223 
223 224 
224 225 
225 226 
226 227 
227 228 
228 229 
229 230 
230 231 
231 232 
232 233 
233 234 
234 235 
235 236 
236 237 
237 238 
238 239 
239 240 
240 241 
241 242 
242 243 
243 244 
244 245 
245 246 
246 247 
247 248 
248 249 
249 250 
250 251 
251 252 
252 253 
253 254 
254 255 
255 256 
256 257 
257 258 
258 259 
259 260 
260 261 
261 262 
262 263 
263 264 
264 265 
265 266 
266 267 
267 268 
268 269 
269 270 
270 271 
271 272 
272 273 
273 274 
274 275 
275 276 
276 277 
277 278 
278 279 
279 280 
280 281 
281 282 
282 283 
283 284 
284 285 
285 286 
286 287 
287 288 
288 289 
289 290 
290 291 
291 292 
292 293 
293 294 
294 295 
295 296 
296 297 
297 298 
298 299 
299 300 
300 301 
301 302 
302 303 
303 304 
304 305 
305 306 
306 307 
307 308 
308 309 
309 310 
310 311 
311 312 
312 313 
313 314 
314 315 
315 316 
316 317 
317 318 
318 319 
319 320 
320 321 
321 322 
322 323 
323 324 
324 325 
325 326 
326 327 
327 328 
328 329 
329 330 
330 331 
331 332 
332 333 
333 334 
334 335 
335 336 
336 337 
337 338 
338 339 
339 340 
340 341 
341 342 
342 343 
343 344 
344 345 
345 346 
346 347 
347 348 
348 349 
349 350 
350 351 
351 352 
352 353 
353 354 
354 355 
355 356 
356 357 
357 358 
358 359 
359 360 
360 361 
361 362 
362 363 
363 364 
364 365 
365 366 
366 367 
367 368 
368 369 
369 370 
370 371 
371 372 
372 373 
373 374 
374 375 
375 376 
376 377 
377 378 
378 379 
379 380 
380 381 
381 382 
382 383 
383 384 
384 385 
385 386 
386 387 
387 388 
388 389 
389 390 
390 391 
391 392 
392 393 
393 394 
394 395 
395 396 
396 397 
397 398 
398 399 
399 400 
400 401 
401 402 
402 403 
403 404 
404 405 
405 406 
406 407 
407 408 
408 409 
409 410 
410 411 
411 412 
412 413 
413 414 
414 415 
415 416 
416 417 
417 418 
418 419 
419 420 
420 421 
421 422 
422 423 
423 424 
424 425 
425 426 
426 427 
427 428 
428 429 
429 430 
430 431 
431 432 
432 433 
433 434 
434 435 
435 436 
436 437 
437 438 
438 439 
439 440 
440 441 
441 442 
442 443 
443 444 
444 445 
